       0.10000D+01       0.00000D+00      -0.26704D-01       0.57404D+00       0.00000D+00
       0.20000D+01       0.66960D-02      -0.11204D-01       0.58475D+00       0.42428D+00
       0.30000D+01       0.11217D-01      -0.31672D-01       0.58196D+00       0.41538D+00
       0.40000D+01       0.10110D-01      -0.39575D-01       0.58239D+00       0.31098D+00
       0.50000D+01       0.12472D-01      -0.19917D-02       0.58312D+00       0.35253D+00
       0.60000D+01       0.15598D-01      -0.38921D-01       0.58382D+00       0.48276D+00
       0.70000D+01       0.14754D-01      -0.26219D-01       0.58373D+00       0.41372D+00
       0.80000D+01       0.15825D-01      -0.88361D-02       0.58270D+00       0.42703D+00
       0.90000D+01       0.15379D-01      -0.20835D-01       0.58415D+00       0.46672D+00
       0.10000D+02       0.20950D-01      -0.13306D-02       0.58309D+00       0.46393D+00
       0.11000D+02       0.25744D-01      -0.33894D-01       0.58238D+00       0.42245D+00
       0.12000D+02       0.25873D-01      -0.14930D-01       0.58340D+00       0.45712D+00
       0.13000D+02       0.25366D-01      -0.38444D-01       0.58294D+00       0.45165D+00
       0.14000D+02       0.24166D-01      -0.42842D-01       0.58301D+00       0.41924D+00
       0.15000D+02       0.23484D-01      -0.54484D-02       0.58312D+00       0.42657D+00
       0.16000D+02       0.24485D-01      -0.40979D-01       0.58347D+00       0.44706D+00
       0.17000D+02       0.23983D-01      -0.22438D-01       0.58341D+00       0.42075D+00
       0.18000D+02       0.24024D-01      -0.83449D-02       0.58293D+00       0.42576D+00
       0.19000D+02       0.23257D-01      -0.16834D-01       0.58362D+00       0.44593D+00
       0.20000D+02       0.25057D-01      -0.48683D-02       0.58310D+00       0.44560D+00
       0.21000D+02       0.27216D-01      -0.40983D-01       0.58278D+00       0.42467D+00
       0.22000D+02       0.27536D-01      -0.18635D-01       0.58329D+00       0.44411D+00
       0.23000D+02       0.27005D-01      -0.45211D-01       0.58308D+00       0.44162D+00
       0.24000D+02       0.26217D-01      -0.47338D-01       0.58312D+00       0.42313D+00
       0.25000D+02       0.25475D-01      -0.11003D-01       0.58313D+00       0.42740D+00
       0.26000D+02       0.26199D-01      -0.44530D-01       0.58339D+00       0.43987D+00
       0.27000D+02       0.26161D-01      -0.19705D-01       0.58332D+00       0.42360D+00
       0.28000D+02       0.26235D-01      -0.93484D-02       0.58299D+00       0.42675D+00
       0.29000D+02       0.25575D-01      -0.14336D-01       0.58345D+00       0.43982D+00
       0.30000D+02       0.26315D-01      -0.94732D-02       0.58310D+00       0.43944D+00
       0.31000D+02       0.27442D-01      -0.46230D-01       0.58293D+00       0.42541D+00
       0.32000D+02       0.27774D-01      -0.20632D-01       0.58325D+00       0.43883D+00
       0.33000D+02       0.27268D-01      -0.50226D-01       0.58314D+00       0.43729D+00
       0.34000D+02       0.26683D-01      -0.51019D-01       0.58318D+00       0.42437D+00
       0.35000D+02       0.26056D-01      -0.16531D-01       0.58314D+00       0.42769D+00
       0.36000D+02       0.26575D-01      -0.47586D-01       0.58336D+00       0.43661D+00
       0.37000D+02       0.26884D-01      -0.16934D-01       0.58328D+00       0.42486D+00
       0.38000D+02       0.27040D-01      -0.11024D-01       0.58302D+00       0.42686D+00
       0.39000D+02       0.26505D-01      -0.12519D-01       0.58337D+00       0.43722D+00
       0.40000D+02       0.26809D-01      -0.13887D-01       0.58311D+00       0.43672D+00
       0.41000D+02       0.27282D-01      -0.48371D-01       0.58302D+00       0.42614D+00
       0.42000D+02       0.27686D-01      -0.19720D-01       0.58323D+00       0.43632D+00
       0.43000D+02       0.27223D-01      -0.52126D-01       0.58318D+00       0.43489D+00
       0.44000D+02       0.26764D-01      -0.52071D-01       0.58320D+00       0.43338D+00
       0.45000D+02       0.26275D-01      -0.20046D-01       0.58315D+00       0.43208D+00
       0.46000D+02       0.26623D-01      -0.48275D-01       0.58334D+00       0.43890D+00
       0.47000D+02       0.27192D-01      -0.13305D-01       0.58325D+00       0.42963D+00
       0.48000D+02       0.27446D-01      -0.12766D-01       0.58304D+00       0.43088D+00
       0.49000D+02       0.27009D-01      -0.10773D-01       0.58332D+00       0.43901D+00
       0.50000D+02       0.27118D-01      -0.17370D-01       0.58312D+00       0.43860D+00
       0.51000D+02       0.27233D-01      -0.47258D-01       0.58307D+00       0.43003D+00
       0.52000D+02       0.27591D-01      -0.15826D-01       0.58322D+00       0.43841D+00
       0.53000D+02       0.27195D-01      -0.50620D-01       0.58320D+00       0.43722D+00
       0.54000D+02       0.26834D-01      -0.49678D-01       0.58322D+00       0.42909D+00
       0.55000D+02       0.26476D-01      -0.20507D-01       0.58315D+00       0.43117D+00
       0.56000D+02       0.26678D-01      -0.45651D-01       0.58333D+00       0.43724D+00
       0.57000D+02       0.27391D-01      -0.88014D-02       0.58323D+00       0.42966D+00
       0.58000D+02       0.27744D-01      -0.14631D-01       0.58306D+00       0.43047D+00
       0.59000D+02       0.27402D-01      -0.91442D-02       0.58328D+00       0.43719D+00
       0.60000D+02       0.27417D-01      -0.20071D-01       0.58313D+00       0.43669D+00
       0.61000D+02       0.27331D-01      -0.44005D-01       0.58310D+00       0.42954D+00
       0.62000D+02       0.27609D-01      -0.10160D-01       0.58321D+00       0.43676D+00
       0.63000D+02       0.27313D-01      -0.46697D-01       0.58322D+00       0.43580D+00
       0.64000D+02       0.27020D-01      -0.44312D-01       0.58323D+00       0.42896D+00
       0.65000D+02       0.26768D-01      -0.18173D-01       0.58315D+00       0.43060D+00
       0.66000D+02       0.26836D-01      -0.40044D-01       0.58332D+00       0.43570D+00
       0.67000D+02       0.27584D-01      -0.42672D-02       0.58321D+00       0.42930D+00
       0.68000D+02       0.28007D-01      -0.17297D-01       0.58307D+00       0.42981D+00
       0.69000D+02       0.27773D-01      -0.83069D-02       0.58326D+00       0.43574D+00
       0.70000D+02       0.27743D-01      -0.22890D-01       0.58314D+00       0.43536D+00
       0.71000D+02       0.27565D-01      -0.40554D-01       0.58313D+00       0.42922D+00
       0.72000D+02       0.27719D-01      -0.47830D-02       0.58320D+00       0.43545D+00
       0.73000D+02       0.27549D-01      -0.42257D-01       0.58322D+00       0.43465D+00
       0.74000D+02       0.27302D-01      -0.37439D-01       0.58323D+00       0.42875D+00
       0.75000D+02       0.27129D-01      -0.14360D-01       0.58315D+00       0.43007D+00
       0.76000D+02       0.27097D-01      -0.32834D-01       0.58331D+00       0.43446D+00
       0.77000D+02       0.27797D-01      -0.98569D-03       0.58320D+00       0.42893D+00
       0.78000D+02       0.28284D-01      -0.21560D-01       0.58308D+00       0.42935D+00
       0.79000D+02       0.28111D-01      -0.90605D-02       0.58324D+00       0.43437D+00
       0.80000D+02       0.28056D-01      -0.26892D-01       0.58314D+00       0.43390D+00
       0.81000D+02       0.27853D-01      -0.38835D-01       0.58314D+00       0.42853D+00
       0.82000D+02       0.27889D-01      -0.17641D-02       0.58319D+00       0.44194D+00
       0.83000D+02       0.27843D-01      -0.39304D-01       0.58323D+00       0.44116D+00
       0.84000D+02       0.27633D-01      -0.30794D-01       0.58323D+00       0.43589D+00
       0.85000D+02       0.27518D-01      -0.10760D-01       0.58315D+00       0.43699D+00
       0.86000D+02       0.27416D-01      -0.25762D-01       0.58329D+00       0.44107D+00
       0.87000D+02       0.27975D-01      -0.27907D-04       0.58319D+00       0.44116D+00
       0.88000D+02       0.28487D-01      -0.27674D-01       0.58309D+00       0.43625D+00
       0.89000D+02       0.28392D-01      -0.11677D-01       0.58322D+00       0.44078D+00
       0.90000D+02       0.28316D-01      -0.32580D-01       0.58315D+00       0.44031D+00
       0.91000D+02       0.28114D-01      -0.39902D-01       0.58316D+00       0.43545D+00
       0.92000D+02       0.28040D-01      -0.22921D-02       0.58318D+00       0.43635D+00
       0.93000D+02       0.28097D-01      -0.39064D-01       0.58323D+00       0.43979D+00
       0.94000D+02       0.27930D-01      -0.25583D-01       0.58323D+00       0.43510D+00
       0.95000D+02       0.27859D-01      -0.86516D-02       0.58315D+00       0.43600D+00
       0.96000D+02       0.27710D-01      -0.20150D-01       0.58328D+00       0.43963D+00
       0.97000D+02       0.28110D-01      -0.17217D-02       0.58318D+00       0.43961D+00
       0.98000D+02       0.28567D-01      -0.34952D-01       0.58310D+00       0.43521D+00
       0.99000D+02       0.28569D-01      -0.15499D-01       0.58321D+00       0.43928D+00
       0.10000D+03       0.28467D-01      -0.39449D-01       0.58316D+00       0.43875D+00
       0.10100D+03       0.28275D-01      -0.43453D-01       0.58317D+00       0.43438D+00
       0.10200D+03       0.28124D-01      -0.61579D-02       0.58318D+00       0.43531D+00
       0.10300D+03       0.28247D-01      -0.41437D-01       0.58323D+00       0.43841D+00
       0.10400D+03       0.28144D-01      -0.22007D-01       0.58322D+00       0.43419D+00
       0.10500D+03       0.28107D-01      -0.84140D-02       0.58314D+00       0.43492D+00
       0.10600D+03       0.27936D-01      -0.16403D-01       0.58327D+00       0.43845D+00
       0.10700D+03       0.28203D-01      -0.54914D-02       0.58317D+00       0.43846D+00
       0.10800D+03       0.28581D-01      -0.41882D-01       0.58311D+00       0.43445D+00
       0.10900D+03       0.28644D-01      -0.19062D-01       0.58321D+00       0.43829D+00
       0.11000D+03       0.28516D-01      -0.46074D-01       0.58317D+00       0.43782D+00
       0.11100D+03       0.28335D-01      -0.47963D-01       0.58318D+00       0.43386D+00
       0.11200D+03       0.28144D-01      -0.11846D-01       0.58318D+00       0.43472D+00
       0.11300D+03       0.28291D-01      -0.45046D-01       0.58324D+00       0.43752D+00
       0.11400D+03       0.28275D-01      -0.19337D-01       0.58322D+00       0.43369D+00
       0.11500D+03       0.28275D-01      -0.95658D-02       0.58314D+00       0.43427D+00
       0.11600D+03       0.28095D-01      -0.14054D-01       0.58325D+00       0.43747D+00
       0.11700D+03       0.28246D-01      -0.10140D-01       0.58317D+00       0.43740D+00
       0.11800D+03       0.28508D-01      -0.46743D-01       0.58312D+00       0.43373D+00
       0.11900D+03       0.28597D-01      -0.20696D-01       0.58321D+00       0.43727D+00
       0.12000D+03       0.28446D-01      -0.50708D-01       0.58318D+00       0.43686D+00
       0.12100D+03       0.28274D-01      -0.51362D-01       0.58319D+00       0.43323D+00
       0.12200D+03       0.28079D-01      -0.17193D-01       0.58317D+00       0.43411D+00
       0.12300D+03       0.28215D-01      -0.47864D-01       0.58324D+00       0.43667D+00
       0.12400D+03       0.28311D-01      -0.16479D-01       0.58322D+00       0.43317D+00
       0.12500D+03       0.28351D-01      -0.11276D-01       0.58314D+00       0.43371D+00
       0.12600D+03       0.28177D-01      -0.12273D-01       0.58324D+00       0.43685D+00
       0.12700D+03       0.28249D-01      -0.14447D-01       0.58316D+00       0.43670D+00
       0.12800D+03       0.28386D-01      -0.48398D-01       0.58314D+00       0.43331D+00
       0.12900D+03       0.28500D-01      -0.19332D-01       0.58320D+00       0.43657D+00
       0.13000D+03       0.28335D-01      -0.52110D-01       0.58319D+00       0.43610D+00
       0.13100D+03       0.28175D-01      -0.51943D-01       0.58320D+00       0.43558D+00
       0.13200D+03       0.28001D-01      -0.20307D-01       0.58317D+00       0.43513D+00
       0.13300D+03       0.28105D-01      -0.48110D-01       0.58324D+00       0.43746D+00
       0.13400D+03       0.28310D-01      -0.12705D-01       0.58321D+00       0.43422D+00
       0.13500D+03       0.28397D-01      -0.13014D-01       0.58314D+00       0.43463D+00
       0.13600D+03       0.28240D-01      -0.10523D-01       0.58323D+00       0.43763D+00
       0.13700D+03       0.28264D-01      -0.17788D-01       0.58316D+00       0.43749D+00
       0.13800D+03       0.28285D-01      -0.46885D-01       0.58315D+00       0.43433D+00
       0.13900D+03       0.28412D-01      -0.15084D-01       0.58320D+00       0.43744D+00
       0.14000D+03       0.28258D-01      -0.50171D-01       0.58319D+00       0.43700D+00
       0.14100D+03       0.28115D-01      -0.49068D-01       0.58320D+00       0.43388D+00
       0.14200D+03       0.27970D-01      -0.20324D-01       0.58317D+00       0.43466D+00
       0.14300D+03       0.28033D-01      -0.45010D-01       0.58325D+00       0.43700D+00
       0.14400D+03       0.28319D-01      -0.81282D-02       0.58321D+00       0.43400D+00
       0.14500D+03       0.28460D-01      -0.14942D-01       0.58314D+00       0.43430D+00
       0.14600D+03       0.28320D-01      -0.89560D-02       0.58323D+00       0.43699D+00
       0.14700D+03       0.28316D-01      -0.20440D-01       0.58316D+00       0.43679D+00
       0.14800D+03       0.28265D-01      -0.43475D-01       0.58315D+00       0.43384D+00
       0.14900D+03       0.28372D-01      -0.93221D-02       0.58320D+00       0.43681D+00
       0.15000D+03       0.28247D-01      -0.46045D-01       0.58320D+00       0.43641D+00
       0.15100D+03       0.28119D-01      -0.43382D-01       0.58321D+00       0.43351D+00
       0.15200D+03       0.28007D-01      -0.17680D-01       0.58317D+00       0.43418D+00
       0.15300D+03       0.28023D-01      -0.39073D-01       0.58325D+00       0.43635D+00
       0.15400D+03       0.28345D-01      -0.36920D-02       0.58320D+00       0.43357D+00
       0.15500D+03       0.28533D-01      -0.17793D-01       0.58313D+00       0.43376D+00
       0.15600D+03       0.28430D-01      -0.83023D-02       0.58322D+00       0.43636D+00
       0.15700D+03       0.28410D-01      -0.23368D-01       0.58316D+00       0.43619D+00
       0.15800D+03       0.28322D-01      -0.40165D-01       0.58316D+00       0.43342D+00
       0.15900D+03       0.28383D-01      -0.41671D-02       0.58319D+00       0.43628D+00
       0.16000D+03       0.28308D-01      -0.41704D-01       0.58321D+00       0.43591D+00
       0.16100D+03       0.28192D-01      -0.36439D-01       0.58321D+00       0.43320D+00
       0.16200D+03       0.28109D-01      -0.13796D-01       0.58317D+00       0.43378D+00
       0.16300D+03       0.28084D-01      -0.31777D-01       0.58324D+00       0.43580D+00
       0.16400D+03       0.28404D-01      -0.68945D-03       0.58319D+00       0.43320D+00
       0.16500D+03       0.28636D-01      -0.22324D-01       0.58314D+00       0.43337D+00
       0.16600D+03       0.28568D-01      -0.93244D-02       0.58321D+00       0.43581D+00
       0.16700D+03       0.28536D-01      -0.27600D-01       0.58317D+00       0.43557D+00
       0.16800D+03       0.28433D-01      -0.38808D-01       0.58317D+00       0.43297D+00
       0.16900D+03       0.28440D-01      -0.16112D-02       0.58319D+00       0.43945D+00
       0.17000D+03       0.28422D-01      -0.39091D-01       0.58321D+00       0.43909D+00
       0.17100D+03       0.28317D-01      -0.29946D-01       0.58321D+00       0.43651D+00
       0.17200D+03       0.28259D-01      -0.10348D-01       0.58317D+00       0.43705D+00
       0.17300D+03       0.28200D-01      -0.24851D-01       0.58324D+00       0.43908D+00
       0.17400D+03       0.28468D-01      -0.11142D-03       0.58319D+00       0.43913D+00
       0.17500D+03       0.28725D-01      -0.28670D-01       0.58314D+00       0.43668D+00
       0.17600D+03       0.28681D-01      -0.12176D-01       0.58321D+00       0.43897D+00
       0.17700D+03       0.28639D-01      -0.33513D-01       0.58317D+00       0.43874D+00
       0.17800D+03       0.28533D-01      -0.40281D-01       0.58317D+00       0.43626D+00
       0.17900D+03       0.28486D-01      -0.26628D-02       0.58319D+00       0.43672D+00
       0.18000D+03       0.28519D-01      -0.39263D-01       0.58321D+00       0.43850D+00
       0.18100D+03       0.28433D-01      -0.24981D-01       0.58321D+00       0.43607D+00
       0.18200D+03       0.28395D-01      -0.85067D-02       0.58317D+00       0.43654D+00
       0.18300D+03       0.28312D-01      -0.19504D-01       0.58324D+00       0.43843D+00
       0.18400D+03       0.28511D-01      -0.21561D-02       0.58318D+00       0.43843D+00
       0.18500D+03       0.28748D-01      -0.36004D-01       0.58314D+00       0.43610D+00
       0.18600D+03       0.28753D-01      -0.16064D-01       0.58320D+00       0.43827D+00
       0.18700D+03       0.28695D-01      -0.40451D-01       0.58317D+00       0.43799D+00
       0.18800D+03       0.28591D-01      -0.44084D-01       0.58318D+00       0.43565D+00
       0.18900D+03       0.28502D-01      -0.69057D-02       0.58318D+00       0.43614D+00
       0.19000D+03       0.28571D-01      -0.41920D-01       0.58321D+00       0.43781D+00
       0.19100D+03       0.28519D-01      -0.21595D-01       0.58321D+00       0.43552D+00
       0.19200D+03       0.28499D-01      -0.85121D-02       0.58316D+00       0.43592D+00
       0.19300D+03       0.28401D-01      -0.16001D-01       0.58323D+00       0.43784D+00
       0.19400D+03       0.28533D-01      -0.61325D-02       0.58318D+00       0.43779D+00
       0.19500D+03       0.28732D-01      -0.42739D-01       0.58315D+00       0.43558D+00
       0.19600D+03       0.28772D-01      -0.19448D-01       0.58320D+00       0.43771D+00
       0.19700D+03       0.28697D-01      -0.46895D-01       0.58318D+00       0.43745D+00
       0.19800D+03       0.28594D-01      -0.48563D-01       0.58318D+00       0.43523D+00
       0.19900D+03       0.28483D-01      -0.12681D-01       0.58318D+00       0.43570D+00
       0.20000D+03       0.28565D-01      -0.45545D-01       0.58322D+00       0.43728D+00
       0.20100D+03       0.28563D-01      -0.18965D-01       0.58321D+00       0.43511D+00
       0.20200D+03       0.28564D-01      -0.97940D-02       0.58316D+00       0.43544D+00
       0.20300D+03       0.28459D-01      -0.13784D-01       0.58323D+00       0.43726D+00
       0.20400D+03       0.28538D-01      -0.10799D-01       0.58318D+00       0.43722D+00
       0.20500D+03       0.28677D-01      -0.47189D-01       0.58315D+00       0.43510D+00
       0.20600D+03       0.28742D-01      -0.20697D-01       0.58320D+00       0.43720D+00
       0.20700D+03       0.28650D-01      -0.51123D-01       0.58318D+00       0.43696D+00
       0.20800D+03       0.28548D-01      -0.51646D-01       0.58319D+00       0.43485D+00
       0.20900D+03       0.28433D-01      -0.17808D-01       0.58318D+00       0.43536D+00
       0.21000D+03       0.28510D-01      -0.48088D-01       0.58322D+00       0.43685D+00
       0.21100D+03       0.28576D-01      -0.16004D-01       0.58320D+00       0.43479D+00
       0.21200D+03       0.28604D-01      -0.11526D-01       0.58316D+00       0.43510D+00
       0.21300D+03       0.28498D-01      -0.12026D-01       0.58322D+00       0.43696D+00
       0.21400D+03       0.28534D-01      -0.14987D-01       0.58317D+00       0.43687D+00
       0.21500D+03       0.28604D-01      -0.48359D-01       0.58316D+00       0.43485D+00
       0.21600D+03       0.28673D-01      -0.18883D-01       0.58320D+00       0.43679D+00
       0.21700D+03       0.28573D-01      -0.52024D-01       0.58319D+00       0.43650D+00
       0.21800D+03       0.28477D-01      -0.51742D-01       0.58319D+00       0.43449D+00
       0.21900D+03       0.28371D-01      -0.20502D-01       0.58318D+00       0.43498D+00
       0.22000D+03       0.28429D-01      -0.47874D-01       0.58322D+00       0.43639D+00
       0.22100D+03       0.28563D-01      -0.12086D-01       0.58320D+00       0.43444D+00
       0.22200D+03       0.28619D-01      -0.13265D-01       0.58316D+00       0.43468D+00
       0.22300D+03       0.28523D-01      -0.10275D-01       0.58322D+00       0.43651D+00
       0.22400D+03       0.28533D-01      -0.18192D-01       0.58317D+00       0.43643D+00
       0.22500D+03       0.28542D-01      -0.46472D-01       0.58316D+00       0.43450D+00
       0.22600D+03       0.28614D-01      -0.14309D-01       0.58320D+00       0.43641D+00
       0.22700D+03       0.28519D-01      -0.49675D-01       0.58319D+00       0.43614D+00
       0.22800D+03       0.28430D-01      -0.48399D-01       0.58320D+00       0.43422D+00
       0.22900D+03       0.28341D-01      -0.20084D-01       0.58318D+00       0.43470D+00
       0.23000D+03       0.28375D-01      -0.44310D-01       0.58322D+00       0.43616D+00
       0.23100D+03       0.28559D-01      -0.74571D-02       0.58320D+00       0.43429D+00
       0.23200D+03       0.28652D-01      -0.15272D-01       0.58315D+00       0.43447D+00
       0.23300D+03       0.28565D-01      -0.87862D-02       0.58321D+00       0.43616D+00
       0.23400D+03       0.28559D-01      -0.20814D-01       0.58317D+00       0.43604D+00
       0.23500D+03       0.28521D-01      -0.42947D-01       0.58317D+00       0.43418D+00
       0.23600D+03       0.28584D-01      -0.84971D-02       0.58319D+00       0.43606D+00
       0.23700D+03       0.28508D-01      -0.45389D-01       0.58320D+00       0.43581D+00
       0.23800D+03       0.28426D-01      -0.42426D-01       0.58320D+00       0.43397D+00
       0.23900D+03       0.28355D-01      -0.17162D-01       0.58318D+00       0.43439D+00
       0.24000D+03       0.28360D-01      -0.38073D-01       0.58323D+00       0.43578D+00
       0.24100D+03       0.28568D-01      -0.31465D-02       0.58319D+00       0.43400D+00
       0.24200D+03       0.28692D-01      -0.18325D-01       0.58315D+00       0.43412D+00
       0.24300D+03       0.28628D-01      -0.83329D-02       0.58321D+00       0.43573D+00
       0.24400D+03       0.28613D-01      -0.23874D-01       0.58317D+00       0.43556D+00
       0.24500D+03       0.28552D-01      -0.39818D-01       0.58317D+00       0.43378D+00
       0.24600D+03       0.28587D-01      -0.36059D-02       0.58319D+00       0.43563D+00
       0.24700D+03       0.28542D-01      -0.41188D-01       0.58320D+00       0.43539D+00
       0.24800D+03       0.28467D-01      -0.35450D-01       0.58320D+00       0.43363D+00
       0.24900D+03       0.28413D-01      -0.13241D-01       0.58318D+00       0.43401D+00
       0.25000D+03       0.28392D-01      -0.30729D-01       0.58322D+00       0.43533D+00
       0.25100D+03       0.28591D-01      -0.44400D-03       0.58319D+00       0.43363D+00
       0.25200D+03       0.28745D-01      -0.23128D-01       0.58315D+00       0.43369D+00
       0.25300D+03       0.28703D-01      -0.96274D-02       0.58320D+00       0.43529D+00
       0.25400D+03       0.28680D-01      -0.28345D-01       0.58317D+00       0.43514D+00
       0.25500D+03       0.28611D-01      -0.38842D-01       0.58317D+00       0.43343D+00
       0.25600D+03       0.28609D-01      -0.15343D-02       0.58319D+00       0.43770D+00
       0.25700D+03       0.28602D-01      -0.38937D-01       0.58320D+00       0.43996D+00
       0.25800D+03       0.28533D-01      -0.29131D-01       0.58320D+00       0.43825D+00
       0.25900D+03       0.28495D-01      -0.99707D-02       0.58318D+00       0.43857D+00
       0.26000D+03       0.28452D-01      -0.23974D-01       0.58322D+00       0.43990D+00
       0.26100D+03       0.28626D-01      -0.24994D-03       0.58319D+00       0.43994D+00
       0.26200D+03       0.28798D-01      -0.29687D-01       0.58315D+00       0.43830D+00
       0.26300D+03       0.28771D-01      -0.12697D-01       0.58320D+00       0.43982D+00
       0.26400D+03       0.28741D-01      -0.34469D-01       0.58318D+00       0.43967D+00
       0.26500D+03       0.28670D-01      -0.40710D-01       0.58318D+00       0.43800D+00
       0.26600D+03       0.28633D-01      -0.31007D-02       0.58319D+00       0.43831D+00
       0.26700D+03       0.28659D-01      -0.39514D-01       0.58320D+00       0.43949D+00
       0.26800D+03       0.28603D-01      -0.24413D-01       0.58320D+00       0.43785D+00
       0.26900D+03       0.28578D-01      -0.84009D-02       0.58317D+00       0.43816D+00
       0.27000D+03       0.28519D-01      -0.18897D-01       0.58322D+00       0.43944D+00
       0.27100D+03       0.28648D-01      -0.26309D-02       0.58318D+00       0.43944D+00
       0.27200D+03       0.28806D-01      -0.37044D-01       0.58316D+00       0.43785D+00
       0.27300D+03       0.28813D-01      -0.16619D-01       0.58320D+00       0.43932D+00
       0.27400D+03       0.28771D-01      -0.41442D-01       0.58318D+00       0.43912D+00
       0.27500D+03       0.28699D-01      -0.44730D-01       0.58318D+00       0.43752D+00
       0.27600D+03       0.28634D-01      -0.76856D-02       0.58318D+00       0.43785D+00
       0.27700D+03       0.28684D-01      -0.42424D-01       0.58321D+00       0.43899D+00
       0.27800D+03       0.28652D-01      -0.21200D-01       0.58320D+00       0.43741D+00
       0.27900D+03       0.28640D-01      -0.86367D-02       0.58317D+00       0.43768D+00
       0.28000D+03       0.28570D-01      -0.15625D-01       0.58322D+00       0.43900D+00
       0.28100D+03       0.28655D-01      -0.67874D-02       0.58318D+00       0.43896D+00
       0.28200D+03       0.28787D-01      -0.43548D-01       0.58316D+00       0.43742D+00
       0.28300D+03       0.28818D-01      -0.19790D-01       0.58320D+00       0.43889D+00
       0.28400D+03       0.28762D-01      -0.47670D-01       0.58318D+00       0.43871D+00
       0.28500D+03       0.28690D-01      -0.49135D-01       0.58319D+00       0.43716D+00
       0.28600D+03       0.28611D-01      -0.13502D-01       0.58318D+00       0.43752D+00
       0.28700D+03       0.28668D-01      -0.46021D-01       0.58321D+00       0.43861D+00
       0.28800D+03       0.28672D-01      -0.18585D-01       0.58320D+00       0.43709D+00
       0.28900D+03       0.28675D-01      -0.10031D-01       0.58317D+00       0.43732D+00
       0.29000D+03       0.28601D-01      -0.13522D-01       0.58321D+00       0.43858D+00
       0.29100D+03       0.28651D-01      -0.11447D-01       0.58318D+00       0.43855D+00
       0.29200D+03       0.28741D-01      -0.47565D-01       0.58316D+00       0.43706D+00
       0.29300D+03       0.28789D-01      -0.20633D-01       0.58320D+00       0.43853D+00
       0.29400D+03       0.28722D-01      -0.51467D-01       0.58318D+00       0.43836D+00
       0.29500D+03       0.28650D-01      -0.51867D-01       0.58319D+00       0.43687D+00
       0.29600D+03       0.28568D-01      -0.18371D-01       0.58318D+00       0.43722D+00
       0.29700D+03       0.28621D-01      -0.48254D-01       0.58321D+00       0.43826D+00
       0.29800D+03       0.28671D-01      -0.15508D-01       0.58320D+00       0.43680D+00
       0.29900D+03       0.28694D-01      -0.11776D-01       0.58317D+00       0.43698D+00
       0.30000D+03       0.28618D-01      -0.11778D-01       0.58321D+00       0.43829D+00
       0.30100D+03       0.28640D-01      -0.15505D-01       0.58318D+00       0.43822D+00
       0.30200D+03       0.28683D-01      -0.48255D-01       0.58317D+00       0.43678D+00
       0.30300D+03       0.28733D-01      -0.18375D-01       0.58319D+00       0.43816D+00
       0.30400D+03       0.28660D-01      -0.51869D-01       0.58319D+00       0.43795D+00
       0.30500D+03       0.28592D-01      -0.51469D-01       0.58319D+00       0.43651D+00
       0.30600D+03       0.28516D-01      -0.20632D-01       0.58318D+00       0.43685D+00
       0.30700D+03       0.28558D-01      -0.47568D-01       0.58321D+00       0.43795D+00
       0.30800D+03       0.28661D-01      -0.11452D-01       0.58320D+00       0.43654D+00
       0.30900D+03       0.28704D-01      -0.13520D-01       0.58317D+00       0.43671D+00
       0.31000D+03       0.28636D-01      -0.10032D-01       0.58321D+00       0.43797D+00
       0.31100D+03       0.28641D-01      -0.18582D-01       0.58318D+00       0.43787D+00
       0.31200D+03       0.28640D-01      -0.46025D-01       0.58317D+00       0.43647D+00
       0.31300D+03       0.28692D-01      -0.13508D-01       0.58319D+00       0.43784D+00
       0.31400D+03       0.28624D-01      -0.49139D-01       0.58319D+00       0.43765D+00
       0.31500D+03       0.28560D-01      -0.47675D-01       0.58320D+00       0.43625D+00
       0.31600D+03       0.28496D-01      -0.19792D-01       0.58318D+00       0.43659D+00
       0.31700D+03       0.28518D-01      -0.43554D-01       0.58322D+00       0.43764D+00
       0.31800D+03       0.28657D-01      -0.67922D-02       0.58320D+00       0.43628D+00
       0.31900D+03       0.28727D-01      -0.15623D-01       0.58316D+00       0.43641D+00
       0.32000D+03       0.28665D-01      -0.86377D-02       0.58320D+00       0.43763D+00
       0.32100D+03       0.28659D-01      -0.21197D-01       0.58318D+00       0.43754D+00
       0.32200D+03       0.28628D-01      -0.42428D-01       0.58317D+00       0.43618D+00
       0.32300D+03       0.28672D-01      -0.76913D-02       0.58319D+00       0.43754D+00
       0.32400D+03       0.28618D-01      -0.44735D-01       0.58320D+00       0.43735D+00
       0.32500D+03       0.28558D-01      -0.41449D-01       0.58320D+00       0.43600D+00
       0.32600D+03       0.28508D-01      -0.16623D-01       0.58318D+00       0.43631D+00
       0.32700D+03       0.28508D-01      -0.37051D-01       0.58322D+00       0.43732D+00
       0.32800D+03       0.28663D-01      -0.26344D-02       0.58319D+00       0.43601D+00
       0.32900D+03       0.28757D-01      -0.18893D-01       0.58316D+00       0.43609D+00
       0.33000D+03       0.28711D-01      -0.84003D-02       0.58320D+00       0.43727D+00
       0.33100D+03       0.28699D-01      -0.24409D-01       0.58318D+00       0.43714D+00
       0.33200D+03       0.28652D-01      -0.39516D-01       0.58318D+00       0.43582D+00
       0.33300D+03       0.28674D-01      -0.31041D-02       0.58319D+00       0.43718D+00
       0.33400D+03       0.28645D-01      -0.40713D-01       0.58320D+00       0.43700D+00
       0.33500D+03       0.28588D-01      -0.34476D-01       0.58320D+00       0.43569D+00
       0.33600D+03       0.28550D-01      -0.12701D-01       0.58318D+00       0.43597D+00
       0.33700D+03       0.28532D-01      -0.29695D-01       0.58322D+00       0.43702D+00
       0.33800D+03       0.28679D-01      -0.25112D-03       0.58319D+00       0.43575D+00
       0.33900D+03       0.28796D-01      -0.23968D-01       0.58316D+00       0.43580D+00
       0.34000D+03       0.28767D-01      -0.99682D-02       0.58320D+00       0.43698D+00
       0.34100D+03       0.28749D-01      -0.29125D-01       0.58318D+00       0.43686D+00
       0.34200D+03       0.28696D-01      -0.38936D-01       0.58318D+00       0.43558D+00
       0.34300D+03       0.28691D-01      -0.15340D-02       0.58319D+00       0.43728D+00
       0.34400D+03       0.28689D-01      -0.38842D-01       0.58320D+00       0.44045D+00
       0.34500D+03       0.28638D-01      -0.28350D-01       0.58320D+00       0.43917D+00
       0.34600D+03       0.28610D-01      -0.96297D-02       0.58318D+00       0.43940D+00
       0.34700D+03       0.28576D-01      -0.23133D-01       0.58321D+00       0.44040D+00
       0.34800D+03       0.28703D-01      -0.44243D-03       0.58319D+00       0.44043D+00
       0.34900D+03       0.28832D-01      -0.30722D-01       0.58316D+00       0.43919D+00
       0.35000D+03       0.28813D-01      -0.13238D-01       0.58320D+00       0.44030D+00
       0.35100D+03       0.28789D-01      -0.35443D-01       0.58318D+00       0.44014D+00
       0.35200D+03       0.28735D-01      -0.41184D-01       0.58318D+00       0.43889D+00
       0.35300D+03       0.28703D-01      -0.36021D-02       0.58319D+00       0.43911D+00
       0.35400D+03       0.28726D-01      -0.39816D-01       0.58320D+00       0.44001D+00
       0.35500D+03       0.28686D-01      -0.23877D-01       0.58320D+00       0.43876D+00
       0.35600D+03       0.28668D-01      -0.83332D-02       0.58318D+00       0.43900D+00
       0.35700D+03       0.28621D-01      -0.18328D-01       0.58321D+00       0.43996D+00
       0.35800D+03       0.28715D-01      -0.31427D-02       0.58318D+00       0.43996D+00
       0.35900D+03       0.28839D-01      -0.38066D-01       0.58316D+00       0.43875D+00
       0.36000D+03       0.28840D-01      -0.17158D-01       0.58320D+00       0.43986D+00
       0.36100D+03       0.28807D-01      -0.42419D-01       0.58318D+00       0.43971D+00
       0.36200D+03       0.28752D-01      -0.45384D-01       0.58318D+00       0.43849D+00
       0.36300D+03       0.28700D-01      -0.84913D-02       0.58319D+00       0.43874D+00
       0.36400D+03       0.28739D-01      -0.42943D-01       0.58320D+00       0.43961D+00
       0.36500D+03       0.28718D-01      -0.20817D-01       0.58320D+00       0.43840D+00
       0.36600D+03       0.28710D-01      -0.87851D-02       0.58317D+00       0.43860D+00
       0.36700D+03       0.28656D-01      -0.15274D-01       0.58321D+00       0.43961D+00
       0.36800D+03       0.28717D-01      -0.74524D-02       0.58318D+00       0.43958D+00
       0.36900D+03       0.28813D-01      -0.44305D-01       0.58317D+00       0.43840D+00
       0.37000D+03       0.28839D-01      -0.20082D-01       0.58319D+00       0.43952D+00
       0.37100D+03       0.28794D-01      -0.48394D-01       0.58318D+00       0.43938D+00
       0.37200D+03       0.28739D-01      -0.49672D-01       0.58319D+00       0.43819D+00
       0.37300D+03       0.28677D-01      -0.14304D-01       0.58318D+00       0.43847D+00
       0.37400D+03       0.28721D-01      -0.46469D-01       0.58320D+00       0.43930D+00
       0.37500D+03       0.28729D-01      -0.18195D-01       0.58320D+00       0.43813D+00
       0.37600D+03       0.28733D-01      -0.10274D-01       0.58317D+00       0.43830D+00
       0.37700D+03       0.28675D-01      -0.13267D-01       0.58321D+00       0.43934D+00
       0.37800D+03       0.28710D-01      -0.12082D-01       0.58318D+00       0.43932D+00
       0.37900D+03       0.28774D-01      -0.47872D-01       0.58317D+00       0.43817D+00
       0.38000D+03       0.28811D-01      -0.20503D-01       0.58319D+00       0.43926D+00
       0.38100D+03       0.28758D-01      -0.51741D-01       0.58319D+00       0.43909D+00
       0.38200D+03       0.28702D-01      -0.52023D-01       0.58319D+00       0.43794D+00
       0.38300D+03       0.28639D-01      -0.18879D-01       0.58318D+00       0.43821D+00
       0.38400D+03       0.28679D-01      -0.48358D-01       0.58321D+00       0.43901D+00
       0.38500D+03       0.28724D-01      -0.14991D-01       0.58320D+00       0.43788D+00
       0.38600D+03       0.28743D-01      -0.12024D-01       0.58317D+00       0.43801D+00
       0.38700D+03       0.28684D-01      -0.11528D-01       0.58321D+00       0.43902D+00
       0.38800D+03       0.28699D-01      -0.16001D-01       0.58318D+00       0.43897D+00
       0.38900D+03       0.28726D-01      -0.48089D-01       0.58317D+00       0.43785D+00
       0.39000D+03       0.28770D-01      -0.17812D-01       0.58319D+00       0.43894D+00
       0.39100D+03       0.28712D-01      -0.51648D-01       0.58319D+00       0.43878D+00
       0.39200D+03       0.28659D-01      -0.51125D-01       0.58319D+00       0.43765D+00
       0.39300D+03       0.28601D-01      -0.20696D-01       0.58318D+00       0.43792D+00
       0.39400D+03       0.28631D-01      -0.47192D-01       0.58321D+00       0.43877D+00
       0.39500D+03       0.28717D-01      -0.10804D-01       0.58320D+00       0.43767D+00
       0.39600D+03       0.28754D-01      -0.13782D-01       0.58317D+00       0.43780D+00
       0.39700D+03       0.28701D-01      -0.97957D-02       0.58320D+00       0.43878D+00
       0.39800D+03       0.28703D-01      -0.18962D-01       0.58318D+00       0.43870D+00
       0.39900D+03       0.28698D-01      -0.45548D-01       0.58318D+00       0.43760D+00
       0.40000D+03       0.28738D-01      -0.12687D-01       0.58319D+00       0.43868D+00
       0.40100D+03       0.28685D-01      -0.48568D-01       0.58319D+00       0.43852D+00
       0.40200D+03       0.28635D-01      -0.46900D-01       0.58319D+00       0.43742D+00
       0.40300D+03       0.28587D-01      -0.19451D-01       0.58318D+00       0.43767D+00
       0.40400D+03       0.28601D-01      -0.42745D-01       0.58321D+00       0.43848D+00
       0.40500D+03       0.28715D-01      -0.61371D-02       0.58319D+00       0.43742D+00
       0.40600D+03       0.28773D-01      -0.15998D-01       0.58317D+00       0.43751D+00
       0.40700D+03       0.28725D-01      -0.85129D-02       0.58320D+00       0.43847D+00
       0.40800D+03       0.28720D-01      -0.21593D-01       0.58318D+00       0.43839D+00
       0.40900D+03       0.28694D-01      -0.41924D-01       0.58318D+00       0.43732D+00
       0.41000D+03       0.28725D-01      -0.69112D-02       0.58319D+00       0.43840D+00
       0.41100D+03       0.28685D-01      -0.44089D-01       0.58319D+00       0.43825D+00
       0.41200D+03       0.28638D-01      -0.40458D-01       0.58320D+00       0.43718D+00
       0.41300D+03       0.28599D-01      -0.16068D-01       0.58318D+00       0.43742D+00
       0.41400D+03       0.28597D-01      -0.36011D-01       0.58321D+00       0.43821D+00
       0.41500D+03       0.28720D-01      -0.21594D-02       0.58319D+00       0.43717D+00
       0.41600D+03       0.28801D-01      -0.19499D-01       0.58317D+00       0.43723D+00
       0.41700D+03       0.28762D-01      -0.85058D-02       0.58320D+00       0.43816D+00
       0.41800D+03       0.28752D-01      -0.24977D-01       0.58318D+00       0.43806D+00
       0.41900D+03       0.28714D-01      -0.39264D-01       0.58318D+00       0.43702D+00
       0.42000D+03       0.28728D-01      -0.26657D-02       0.58319D+00       0.43809D+00
       0.42100D+03       0.28708D-01      -0.40284D-01       0.58320D+00       0.43795D+00
       0.42200D+03       0.28663D-01      -0.33520D-01       0.58320D+00       0.43690D+00
       0.42300D+03       0.28634D-01      -0.12180D-01       0.58318D+00       0.43712D+00
       0.42400D+03       0.28617D-01      -0.28677D-01       0.58321D+00       0.43795D+00
       0.42500D+03       0.28733D-01      -0.11222D-03       0.58319D+00       0.43694D+00
       0.42600D+03       0.28827D-01      -0.24845D-01       0.58317D+00       0.43697D+00
       0.42700D+03       0.28806D-01      -0.10345D-01       0.58320D+00       0.43791D+00
       0.42800D+03       0.28791D-01      -0.29940D-01       0.58318D+00       0.43782D+00
       0.42900D+03       0.28748D-01      -0.39090D-01       0.58318D+00       0.43679D+00
       0.43000D+03       0.28741D-01      -0.16104D-02       0.58319D+00       0.43698D+00
       0.43100D+03       0.28743D-01      -0.38808D-01       0.58320D+00       0.43861D+00
       0.43200D+03       0.28702D-01      -0.27605D-01       0.58320D+00       0.43759D+00
       0.43300D+03       0.28681D-01      -0.93265D-02       0.58318D+00       0.43778D+00
       0.43400D+03       0.28652D-01      -0.22330D-01       0.58321D+00       0.43858D+00
       0.43500D+03       0.28751D-01      -0.68752D-03       0.58319D+00       0.43860D+00
       0.43600D+03       0.28854D-01      -0.31770D-01       0.58317D+00       0.43762D+00
       0.43700D+03       0.28847D-01      -0.13792D-01       0.58320D+00       0.43853D+00
       0.43800D+03       0.28826D-01      -0.36432D-01       0.58318D+00       0.43841D+00
       0.43900D+03       0.28782D-01      -0.41700D-01       0.58318D+00       0.43741D+00
       0.44000D+03       0.28754D-01      -0.41629D-02       0.58319D+00       0.43759D+00
       0.44100D+03       0.28774D-01      -0.40162D-01       0.58320D+00       0.43831D+00
       0.44200D+03       0.28743D-01      -0.23372D-01       0.58320D+00       0.43732D+00
       0.44300D+03       0.28730D-01      -0.83024D-02       0.58318D+00       0.43751D+00
       0.44400D+03       0.28691D-01      -0.17797D-01       0.58321D+00       0.43835D+00
       0.44500D+03       0.28763D-01      -0.36880D-02       0.58319D+00       0.43835D+00
       0.44600D+03       0.28861D-01      -0.39066D-01       0.58317D+00       0.43739D+00
       0.44700D+03       0.28864D-01      -0.17677D-01       0.58319D+00       0.43829D+00
       0.44800D+03       0.28836D-01      -0.43375D-01       0.58318D+00       0.43817D+00
       0.44900D+03       0.28792D-01      -0.46041D-01       0.58318D+00       0.43719D+00
       0.45000D+03       0.28748D-01      -0.93162D-02       0.58319D+00       0.43740D+00
       0.45100D+03       0.28781D-01      -0.43471D-01       0.58320D+00       0.43809D+00
       0.45200D+03       0.28767D-01      -0.20442D-01       0.58320D+00       0.43712D+00
       0.45300D+03       0.28761D-01      -0.89547D-02       0.58318D+00       0.43729D+00
       0.45400D+03       0.28716D-01      -0.14944D-01       0.58321D+00       0.43810D+00
       0.45500D+03       0.28762D-01      -0.81234D-02       0.58318D+00       0.43808D+00
       0.45600D+03       0.28837D-01      -0.45006D-01       0.58317D+00       0.43713D+00
       0.45700D+03       0.28859D-01      -0.20322D-01       0.58319D+00       0.43804D+00
       0.45800D+03       0.28822D-01      -0.49063D-01       0.58318D+00       0.43793D+00
       0.45900D+03       0.28777D-01      -0.50167D-01       0.58319D+00       0.43697D+00
       0.46000D+03       0.28726D-01      -0.15078D-01       0.58319D+00       0.43720D+00
       0.46100D+03       0.28761D-01      -0.46882D-01       0.58320D+00       0.43788D+00
       0.46200D+03       0.28772D-01      -0.17791D-01       0.58320D+00       0.43693D+00
       0.46300D+03       0.28777D-01      -0.10521D-01       0.58318D+00       0.43707D+00
       0.46400D+03       0.28730D-01      -0.13016D-01       0.58320D+00       0.43792D+00
       0.46500D+03       0.28755D-01      -0.12700D-01       0.58318D+00       0.43790D+00
       0.46600D+03       0.28802D-01      -0.48109D-01       0.58317D+00       0.43697D+00
       0.46700D+03       0.28834D-01      -0.20308D-01       0.58319D+00       0.43786D+00
       0.46800D+03       0.28790D-01      -0.51942D-01       0.58319D+00       0.43773D+00
       0.46900D+03       0.28744D-01      -0.52110D-01       0.58319D+00       0.43758D+00
       0.47000D+03       0.28692D-01      -0.19329D-01       0.58318D+00       0.43744D+00
       0.47100D+03       0.28724D-01      -0.48398D-01       0.58320D+00       0.43810D+00
       0.47200D+03       0.28766D-01      -0.14451D-01       0.58320D+00       0.43718D+00
       0.47300D+03       0.28783D-01      -0.12271D-01       0.58317D+00       0.43729D+00
       0.47400D+03       0.28735D-01      -0.11277D-01       0.58320D+00       0.43812D+00
       0.47500D+03       0.28746D-01      -0.16476D-01       0.58318D+00       0.43807D+00
       0.47600D+03       0.28763D-01      -0.47866D-01       0.58318D+00       0.43716D+00
       0.47700D+03       0.28799D-01      -0.17197D-01       0.58319D+00       0.43806D+00
       0.47800D+03       0.28752D-01      -0.51364D-01       0.58319D+00       0.43793D+00
       0.47900D+03       0.28709D-01      -0.50711D-01       0.58319D+00       0.43701D+00
       0.48000D+03       0.28661D-01      -0.20696D-01       0.58318D+00       0.43723D+00
       0.48100D+03       0.28685D-01      -0.46746D-01       0.58320D+00       0.43792D+00
       0.48200D+03       0.28756D-01      -0.10145D-01       0.58319D+00       0.43702D+00
       0.48300D+03       0.28788D-01      -0.14052D-01       0.58317D+00       0.43711D+00
       0.48400D+03       0.28745D-01      -0.95674D-02       0.58320D+00       0.43791D+00
       0.48500D+03       0.28745D-01      -0.19334D-01       0.58318D+00       0.43785D+00
       0.48600D+03       0.28738D-01      -0.45050D-01       0.58318D+00       0.43695D+00
       0.48700D+03       0.28771D-01      -0.11852D-01       0.58319D+00       0.43783D+00
       0.48800D+03       0.28728D-01      -0.47967D-01       0.58319D+00       0.43771D+00
       0.48900D+03       0.28687D-01      -0.46080D-01       0.58319D+00       0.43681D+00
       0.49000D+03       0.28648D-01      -0.19065D-01       0.58318D+00       0.43701D+00
       0.49100D+03       0.28658D-01      -0.41889D-01       0.58321D+00       0.43768D+00
       0.49200D+03       0.28754D-01      -0.54959D-02       0.58319D+00       0.43680D+00
       0.49300D+03       0.28805D-01      -0.16400D-01       0.58317D+00       0.43688D+00
       0.49400D+03       0.28769D-01      -0.84146D-02       0.58320D+00       0.43770D+00
       0.49500D+03       0.28763D-01      -0.22004D-01       0.58318D+00       0.43764D+00
       0.49600D+03       0.28739D-01      -0.41440D-01       0.58318D+00       0.43676D+00
       0.49700D+03       0.28764D-01      -0.61631D-02       0.58319D+00       0.43764D+00
       0.49800D+03       0.28732D-01      -0.43457D-01       0.58319D+00       0.43752D+00
       0.49900D+03       0.28694D-01      -0.39457D-01       0.58320D+00       0.43664D+00
       0.50000D+03       0.28662D-01      -0.15503D-01       0.58318D+00       0.43684D+00
       0.50100D+03       0.28659D-01      -0.34960D-01       0.58321D+00       0.43749D+00
       0.50200D+03       0.28761D-01      -0.17246D-02       0.58319D+00       0.43664D+00
       0.50300D+03       0.28831D-01      -0.20145D-01       0.58317D+00       0.43669D+00
       0.50400D+03       0.28800D-01      -0.86504D-02       0.58320D+00       0.43746D+00
       0.50500D+03       0.28791D-01      -0.25578D-01       0.58318D+00       0.43738D+00
       0.50600D+03       0.28758D-01      -0.39065D-01       0.58318D+00       0.43651D+00
       0.50700D+03       0.28767D-01      -0.22945D-02       0.58319D+00       0.43740D+00
       0.50800D+03       0.28753D-01      -0.39904D-01       0.58319D+00       0.43729D+00
       0.50900D+03       0.28716D-01      -0.32587D-01       0.58320D+00       0.43642D+00
       0.51000D+03       0.28692D-01      -0.11680D-01       0.58318D+00       0.43660D+00
       0.51100D+03       0.28677D-01      -0.27681D-01       0.58321D+00       0.43729D+00
       0.51200D+03       0.28772D-01      -0.28307D-04       0.58319D+00       0.43646D+00
       0.51300D+03       0.28851D-01      -0.25755D-01       0.58317D+00       0.43648D+00
       0.51400D+03       0.28835D-01      -0.10757D-01       0.58320D+00       0.43727D+00
       0.51500D+03       0.28822D-01      -0.30787D-01       0.58318D+00       0.43719D+00
       0.51600D+03       0.28786D-01      -0.39303D-01       0.58318D+00       0.43634D+00
       0.51700D+03       0.28777D-01      -0.17628D-02       0.58319D+00       0.43650D+00
       0.51800D+03       0.28781D-01      -0.38835D-01       0.58320D+00       0.43784D+00
       0.51900D+03       0.28749D-01      -0.26897D-01       0.58320D+00       0.43700D+00
       0.52000D+03       0.28732D-01      -0.90622D-02       0.58318D+00       0.43716D+00
       0.52100D+03       0.28706D-01      -0.21565D-01       0.58321D+00       0.43783D+00
       0.52200D+03       0.28782D-01      -0.98340D-03       0.58319D+00       0.43783D+00
