  0.29846426104414470        7.0801696451868916E-003
   5.5511151231257827E-017   5.6534638082084143E-015
  -9.1495166998356581E-010  -1.0803802297232323E-011
 
   15459012.203191614       -8.4931928200100089     
  -195651.60597243946        3959.4782326315931     
 
   6.4688942307343820E-008   1.3875961125656080E-010
   3.1965058796846572E-006   2.5256538609031250E-004
 
   4357.9979143333849       -3072.7894778484447     
 
 
   2.2100784343054639E-005   940.07119699983730     
  -9.9778992156569456E-003 -0.36270134549704380     
   153245.33227693464        4269.0151313278193     
 
   15358501.391535986      -0.68020519209401797     
   286336.87283187523        3892.9402661851727     
 
   6.5110307117274644E-008   1.1376585801920360E-011
  -4.7890490103391189E-006   2.5687441216351603E-004
 
  -3051.8913732450605        2078.4659843841628     
 
 
   3.8969389507103463E-006   934.57579091723949     
  -9.9961030610492899E-003 -0.58875156599219736     
   153806.67664057150        5359.4233444430538     
 
   15386667.642036203       -6.6030116761147825E-002
   306347.50522256212        3901.7171969156798     
 
   6.4991308470550514E-008   1.0998705109028862E-012
  -5.1028622030427990E-006   2.5629732053566464E-004
 
  -3052.0482717549316        2078.3957494566794     
 
 
   2.0432745961839455E-008   936.78624503742844     
  -1.9726280872385240E-008   5.9462784258812462E-004
   1.2634904861201335E-002  -9.6165948320049210E-002
 
   640504.05046632700       -2.3890876271503083E-004
   112200285.48312587        3883.8751369578331     
 
   1.5612535531220801E-006   9.6037370282970421E-014
  -4.5102658606335069E-002   2.5747203226592660E-004
 
  -3052.0871384550528        2078.4254347713972     
 
 
   3.6758035084114016E-005   942.65689532749013     
  -9.9632419649158862E-003 -0.14643900334795035     
   152785.95638088699        2986.7125354023219     
 
   15334981.770977186       -1.2123200035365371     
   242624.82751652706        3888.1900254840680     
 
   6.5210059055691201E-008   2.0332200460076845E-011
  -4.0691373690666988E-006   2.5718780727000966E-004
 
  -3051.6858613683953        2078.4990438500204     
 
 
  -1.4880846139287210E-005   924.64688084447403     
  -1.0014880846139287E-002   0.0000000000000000     
   154477.91968226797        2086.0647068451140     
 
   15424838.503377581       0.60000312768510844     
   208296.50785603910        3927.2950368942911     
 
   6.4830634232596163E-008  -9.9046755957830967E-012
  -3.4384976391844848E-006   2.5462870849146609E-004
 
  -3052.3161537824712        2078.1749043874152     
 
 
   7.9438727529711206E-005   93.215109250931292     
  -9.9205612724702890E-003  0.10158274043551785     
   151759.51890128778       -922.12845054177160     
 
   15297472.405315256       -6.4877501145867433E-002
  -52787.860919250990        3922.3517709943940     
 
   6.5370280173190662E-008   1.0812544805910307E-012
   8.7976740983637576E-007   2.5494910081040264E-004
 
  -3077.0604500129498        2079.4062451669110     
 
 
   3.7997458763757610E-006  -968.85711153902605     
  -4.0970109097259590E-005   2.2610149288766479E-003
   574.68038950671371       -27.707064991067455     
 
   14026826.463897176        9.7747024444575850E-002
  -457369.26109661005        3966.6241702118027     
 
   7.1291906196087072E-008  -1.7568016022241999E-012
   8.2202712079304718E-006   2.5210333865321885E-004
 
  -3183.5514852297165        2153.9409206699720     
 
 
   1.0337708889217583E-005  -122.86665173320058     
  -7.9516028490940200E-005 -0.20110400277688711     
   1088.7164170231547        715.20045244017092     
 
   13691730.272487562        2.1892084217595708E-002
  -919477.29260911664        3919.9301065659797     
 
   7.3036760515037467E-008  -4.0789679119465090E-013
   1.7131846995644061E-005   2.5510649367781803E-004
 
  -1877.2851542907706        1272.6867697603616     
 
 
   8.5024233391736009E-005  -60.555637388472995     
  -9.9149757666082642E-003  0.21392589222134717     
   151621.97561652682       -1475.3624936423730     
 
   15292223.258164620       0.22159888247280601     
  -64221.528488977041        3920.0845969215920     
 
   6.5392699656367739E-008  -3.6965909299790495E-012
   1.0713082894309127E-006   2.5509647505683199E-004
 
  -1877.2281318759262        1272.6810084239694     
 
 
  -6.1879788271646669E-006  -834.72528766291862     
  -1.0006187978827165E-002   0.0000000000000000     
   154313.01022022741        3310.2746010271594     
 
   15421758.070780778      -0.40915325323959756     
   330822.74768688384        3907.2704016914240     
 
   6.4843304445770330E-008   6.7901235996637481E-012
  -5.4901857154704831E-006   2.5593256950933395E-004
 
  -1135.8427686251755        768.02218872442484     
 
 
   8.8925549398934448E-005  -609.45935179021149     
  -9.9110744506010658E-003  0.25459140434770688     
   151386.85609601781       -800.58905815939943     
 
   15274548.572994946        1.3040906003347650     
   19497.248232045295        3903.6185825493426     
 
   6.5468411170970937E-008  -2.1871178708027768E-011
  -3.2699246531519778E-007   2.5617267806290865E-004
 
  -3573.8327476236832        2278.0115863562546     
 
 
   8.3049866163587005E-005   326.74611981828281     
  -9.9169501338364132E-003  0.13997684634608731     
   151667.17990743608       -747.16470154927811     
 
   15293724.366430730      -0.55727004623009835     
  -20098.077736534411        3913.8834825260046     
 
   6.5386308995204480E-008   9.3098917224424539E-012
   3.3576347557555258E-007   2.5550075559876696E-004
 
  -3378.6633267861785        2302.3991116023822     
 
 
   3.0769712273389510E-005   924.97795756932851     
  -9.9692302877266107E-003 -0.18894056194653785     
   152929.44967307916        2978.3050818428073     
 
   15340166.192920448       -1.0572432998626351     
   224955.96198693747        3893.6440360868896     
 
   6.5188082422206981E-008   1.7700555760365749E-011
  -3.7662528098251897E-006   2.5682779650279655E-004
 
  -3862.1417365315574        2631.3715864097276     
 
 
  -3.2847498841973716E-006  -861.57099148395389     
  -1.0003284749884198E-002   0.0000000000000000     
   154110.17963775501        3855.8502192410060     
 
   15405957.492066702      -0.20723554340505815     
   385458.40847784898        3897.8586955167407     
 
   6.4909868165349170E-008   3.4510311564317824E-012
  -6.4189229092117113E-006   2.5655077515283111E-004
 
  -1757.7315512427101        1192.0553207516671     
 
 
   1.1586649771535841E-006   588.57081523160809     
   8.5677315469851760E-007   2.2354690413521894E-003
   13.498798992246336        9.0382201084285043     
 
  -15755377.069781836       -6.6548470986488341E-003
  -20762716.954624057        3914.4887427268159     
 
  -6.3470252423209344E-008  -1.0790293521060747E-013
  -3.3665057500807969E-004   2.5546062982041007E-004
 
  -1914.5804556787207        1300.2026025524192     
 
 
   4.6998792024661784E-006   569.20525852954734     
  -7.9519933143715424E-005 -0.17283816526730789     
   1085.9953415796606        590.22768880649528     
 
   13657127.550480060      -0.10719952783109800     
  -1062839.5763740856        3903.9098790402054     
 
   7.3221995862098752E-008   2.0106415430874137E-012
   1.9934690470485782E-005   2.5615400149433295E-004
 
  -1914.5546473713696        1300.2140437669093     
 
 
   8.7775794131191368E-005   549.96041390930361     
  -9.9122242058688088E-003  0.17942163434520353     
   151586.87767128416       -495.65138622923405     
 
   15292904.010228004       -1.0275409351307401     
   20694.470017674805        3905.7698667363570     
 
   6.5389780994225887E-008   1.7202927720609760E-011
  -3.4646354199513113E-007   2.5603137873305451E-004
 
  -1914.5858831682435        1300.2250477922325     
 
 
   8.6218793445813277E-005   351.84700296131734     
  -9.9137812065541869E-003   7.8120559279398094E-002
   151629.84440906209       -357.67478267595288     
 
   15294850.222472750      -0.58520383155184674     
  -5225.9068993862593        3915.3109999602580     
 
   6.5381487005325417E-008   9.7722752313831732E-012
   8.7267030393430141E-008   2.5540756560057449E-004
 
  -1933.6070040390887        1300.3151686096776     
 
 
   8.3398134392634327E-005  -550.98808787236101     
  -9.9166018656073659E-003  0.25128111170465672     
   151467.50047486075       -587.73780290593277     
 
   15274165.478384553        1.2631418293957997     
   39530.718510246763        3899.0125170442675     
 
   6.5470080173028769E-008  -2.1209984958740342E-011
  -6.6377814865935293E-007   2.5647541116488072E-004
 
  -199.59727590646926        82.162118442835762     
 
 
  -4.7403480112354395E-007  -796.64654439476612     
  -2.5202950413483016E-006  -7.6934427967216834E-003
   11.531256492373306        9.0448396585197770     
 
   4575283.2679607850        2.5055020616876426E-002
  -8274865.2730117440        3886.4189107346160     
 
   2.1856315376561942E-007  -1.4090360430682513E-012
   4.6535916291977634E-004   2.5730328186046207E-004
 
  -243.48648776887282        82.371181780019725     
 
 
   2.0684538390242091E-005  -919.58218633360195     
  -9.9793154616097581E-003 -0.28055018721909164     
   153285.07546363940        5351.6417281527993     
 
   15360261.694453944       0.63604235955730470     
   427333.56889615289        3875.0472690069878     
 
   6.5103354770218531E-008  -1.0685931940581815E-011
  -7.1794863416464038E-006   2.5806254660570692E-004
 
  -771.12122193641540        519.52665407971472     
 
 
  -1.4715263693705974E-005   954.35060914699955     
  -1.0014715263693706E-002   0.0000000000000000     
   154476.62577983155        3102.4444699521700     
 
   15424964.336215813       0.64596860914623688     
   309788.58492356900        3912.4088120771657     
 
   6.4830186583743838E-008  -1.0703959496491916E-011
  -5.1333213697180565E-006   2.5559785901656490E-004
 
  -1959.0806057704685        1333.7490767033385     
 
 
   1.0366475087277554E-007  -905.97752025008583     
  -1.7766785307170332E-006  -1.0636827203484245E-002
   19.594524394643802        29.896524306836909     
 
   11028645.579414669        1.5659821040239899E-002
  -6847968.0719677731        3954.4839222121373     
 
   9.0672742534871764E-008  -3.5906554414046980E-013
   1.5701771914885200E-004   2.5287687617433016E-004
 
  -864.37097707109615        520.17200766534143     
 
 
   1.5202966274501915E-006  -904.22053478007308     
  -2.7775083320952772E-005 -0.19964504607162326     
   400.28965946888309        732.46441129238883     
 
   14411422.814205216        5.6049629448195276E-002
  -2008537.3264604758        3948.2657766791522     
 
   6.9389263945744739E-008  -9.8505084303448636E-013
   3.5299276840443590E-005   2.5327525502340974E-004
 
  -864.25150508908121        520.14343058371128     
 
 
   9.4682570867896804E-006  -912.51549381822247     
  -9.9905317429132105E-003 -0.48903975712732972     
   153683.60564161473        6184.7639707856915     
 
   15382915.323036412       0.20817995256199717     
   428904.62414692063        3884.7121954319541     
 
   6.5007280686386019E-008  -3.4837104857832268E-012
  -7.1773459363075124E-006   2.5741971190438293E-004
 
  -903.14291895585018        519.63676140646942     
 
 
   5.9457186084932792E-005  -919.29345382044664     
  -9.9405428139150674E-003  0.42350663656054621     
   152180.28929870614       -542.89869270218787     
 
   15309128.542685993        1.7908186735988911     
   110696.47596815335        3880.1794577741962     
 
   6.5320722497673127E-008  -3.0147463769344981E-011
  -1.8635153004840415E-006   2.5772089876266571E-004
 
  -904.17800201889827        519.52481627755924     
 
 
  -1.6649775459797594E-005   950.58327124241532     
  -1.0016649775459798E-002   0.0000000000000000     
   154172.87037425765        1452.3430925946986     
 
   15391660.268683059       0.34142940406132072     
   144992.89933776786        3940.4467614968203     
 
   6.4970302019540510E-008  -5.6295067140532497E-012
  -2.3906508654580168E-006   2.5377853750234138E-004
 
  -726.82983795941550        494.69867136728027     
 
 
   9.5937857595329888E-006  -570.27690166524383     
  -7.6037308761326108E-005 -0.26479937584451818     
   1045.5424704384227        948.47470448633248     
 
   13749989.524929142       0.11431849599068304     
  -1105178.0138335302        3899.2141241556346     
 
   7.2727156750376519E-008  -2.1322397059130687E-012
   2.0613501103006563E-005   2.5646133083601915E-004
 
  -2826.0646870374294        1816.3414448185915     
 
 
   8.0759911635336357E-005  -708.17482638805632     
  -9.9192400883646639E-003  0.30791706332297508     
   151460.48796084267        146.41981719341129     
 
   15269416.707885243        1.6964761619933491     
   135277.49782916455        3882.3121701227797     
 
   6.5490639916233608E-008  -2.8617819635062143E-011
  -2.2819931810941173E-006   2.5757945974638302E-004
 
  -2203.9969140763751        1474.0792348515413     
 
 
   1.0714165495039865E-005   71.339430197759341     
  -8.1828043605340520E-005 -0.15986490374137929     
   1117.5652506744350        566.37649260219769     
 
   13657514.057945017       -1.5045201196421351E-002
  -746341.18392444600        3924.8647880832086     
 
   7.3219782548685450E-008   2.8067370966457842E-013
   1.3923266696982036E-005   2.5478590052696316E-004
 
  -3535.9934081460960        2381.5943983895540     
 
 
   9.2310350837374738E-005   107.19797189467663     
  -9.9076896491626255E-003  0.21596031838384988     
   151556.47279556104       -1577.6049375916919     
 
   15296850.658669963      -0.11048265867640598     
  -73688.155715456189        3924.4504096228025     
 
   6.5372942308829920E-008   1.8404045708079245E-012
   1.2274869216384365E-006   2.5481278427267305E-004
 
  -3535.9779226919914        2381.5973358078436     
 
 
   1.2272084670455350E-006  -831.84559236041616     
  -6.9754840056440879E-006  -2.5342060145021605E-002
   69.277680460157484        63.067602457096655     
 
   9931379.3744397648        5.9287988455403125E-002
  -5379054.3546648696        3969.2554392927877     
 
   1.0069013298762333E-007  -1.5039887287291487E-012
   1.3645322318065817E-004   2.5193438045424720E-004
 
  -3189.9952008340751        2173.1505578395581     
 
 
   8.4465405316374795E-005  -838.29924852671968     
  -9.9155345946836254E-003  0.37502371097355081     
   151106.64967401829       -6450.7245970025288     
 
   15239478.787562300        2.4783739687477326     
  -499927.89177948789        3982.8742757047530     
 
   6.5617702634411852E-008  -4.0831117138233036E-011
   8.2362930563833345E-006   2.5106983503985896E-004
 
  -3189.8403110688769        2173.1297950523967     
 
 
   7.0841103016926893E-005  -767.55721297491527     
  -9.9291588969830733E-003  0.24856314934254442     
   151839.73245791288        1000.2600479663306     
 
   15292345.792241147        1.6045051772179701     
   197794.53969729730        3876.9760046606125     
 
   6.5392541242726646E-008  -2.7063017890558081E-011
  -3.3361794293266220E-006   2.5793436733037150E-004
 
  -3234.1671061212955        2171.5659294752654     
 
 
   1.0081678493566963E-006  -971.41345707665880     
  -4.0021170899375238E-006  -1.8176146959490325E-002
   42.056803090468037        48.462584200264246     
 
   10508437.605272029        4.4308723323044238E-002
  -5921246.5325155025        3970.0441629673687     
 
   9.5161026670777080E-008  -1.0620696971644626E-012
   1.4193088944980219E-004   2.5188478268112094E-004
 
  -2297.3328615646392        1503.6730292245634     
 
 
   5.5991808516859393E-005  -968.68612479116405     
  -9.9440081914831408E-003  0.31683789089743186     
   151749.45956187346       -5622.3641635964959     
 
   15260466.060113408        2.3354079988114775     
  -438789.50314808189        3973.7600398389282     
 
   6.5527690818349292E-008  -3.8511105790630838E-011
   7.2356817242014645E-006   2.5164657445484747E-004
 
  -2297.1834638316705        1503.6441673959982     
 
 
   2.2341722484296717E-006  -652.09260153508183     
  -7.3134681813687092E-006  -1.1328374582376455E-002
   73.101196509865460        28.725368593222811     
 
   9995358.7313085012        4.0470684606811962E-002
  -2117146.4623669968        3902.5061856520460     
 
   1.0004621447754232E-007  -1.0375227096660111E-012
   5.4276016225954574E-005   2.5624502712873524E-004
 
  -2329.4626511530610        1520.9324465254463     
 
 
   8.6365863500512119E-005  -633.50674147418351     
  -9.9136341364994881E-003  0.21038885641758043     
   151398.07505591455       -505.16240261279745     
 
   15271731.924265800        1.3682851877982425     
   31833.497424543330        3901.1003878256365     
 
   6.5480505817835662E-008  -2.2966854808373559E-011
  -5.3432962653690974E-007   2.5633811789003606E-004
 
  -2329.5380506242432        1520.9198613379790     
 
 
   1.2873005158420513E-005   943.67697804805857     
   1.2737299187413283E-005  -3.2851963075472668E-002
   32.666410755248577       -21.835349298427900     
 
  -2564635.1657474153       -3.4901243874179665E-003
   11940150.839920714        3964.7531562526510     
 
  -3.8992060614386925E-007  -3.4324240703695233E-013
   1.1742750858546596E-003   2.5222354556652510E-004
 
  -3831.7145729122572        2608.8051382129138     
 
 
   3.2920537262884006E-005   960.78296704387230     
  -9.9670794627371162E-003 -0.23038732289910513     
   153156.52357000156        4474.6872090608413     
 
   15366254.708545750      -0.68647324118066999     
   359450.32935009326        3871.8155248152152     
 
   6.5077396642651509E-008   1.1538228284523736E-011
  -6.0416338295363740E-006   2.5827569680706016E-004
 
  -3787.4994312472677        2609.6311520181862     
 
 
   2.6550939122670010E-006   869.56433203645167     
  -7.1676170054255946E-006  -2.5492826865956886E-002
   73.827820502294770        66.895168074479443     
 
   10300422.841142032       -6.5328845554720349E-002
  -4467144.3979398338        3880.0698230511703     
 
   9.7084102026834808E-008   1.6346077767596298E-012
   1.1177342735475688E-004   2.5772920272929445E-004
 
  -3786.8548927075371        2610.0102556824108     
 
 
  -1.4775645472914374E-006   856.70857516301066     
  -2.7610167740021421E-006  -9.7998367991749546E-003
   3.3376650223521018        3.0390184236894129     
 
   1208935.6329711862       -2.3116606417294950E-002
  -12705656.642427355        3889.8147305283687     
 
   8.2722556501279632E-007   4.9160819035018013E-012
   2.7020423138412256E-003   2.5709771064413899E-004
 
  -3786.8702122286104        2610.0295915208371     
 
 
