  0.98189071369698966        8209.5046412992178     
  -2.4439990496634145E-003  -981.50608575045953     
  -14983.473257228528       -1268155.3915138338     
 
   8881910.9138250295       -37.382198258870602     
  -86414296.971417546       -1076.8745575634503     
 
   8.4163304826681368E-008  -2.9216117374631050E-009
  -6.7537233248824886E-003  -6.9416718078571472E-004
 
  -888.10659384103940        1132.6825253949426     
 
 
  0.98626051570215489        7472.2655083655591     
  -3.0148555334406080E-003  -887.71706530217125     
  -11826.028984815202       -784964.35290007479     
 
   8850898.1957669444       -43.381173902671826     
  -64884268.790159971       -663.89132206690465     
 
   7.6390213406452773E-008  -4.9916259214389573E-009
  -7.4658652325364531E-003  -1.0184227139894556E-003
 
  -71.377667891034179        91.244606335709719     
 
 
  -1.7375319840886964E-004   277.19146252763102     
  -1.0173753198408870E-002   0.0000000000000000     
   87449.714797709763        4085.8817801554251     
 
   8595619.8358916864       0.63078344678309772     
   401610.07451945037        2904.6527139146374     
 
   1.1633950379729591E-007  -2.5264649660437946E-011
  -1.6085612082216379E-005   3.4427872969023770E-004
 
  -281.81515231320077        358.98292254105934     
 
 
   3.3004149544501454E-005  -126.86858953756986     
  -9.9669958504554988E-003  -9.6945491485889903     
   85641.704124666066        24067.103774541203     
 
   8592294.1725926064       0.24176065401960412     
  -385105.84936289547        2878.4682762879024     
 
   1.1638291421739644E-007  -9.7749242851447084E-012
   1.5570691329216033E-005   3.4740568234056915E-004
 
  -626.85453717942698        799.73119444267502     
 
 
   6.2659216453058234E-005  -49.658407959642332     
  -9.9373407835469420E-003  -8.4765314776638405     
   85421.254967267218        19864.936682108295     
 
   8595643.8323136680       0.40263539183131680     
  -467555.72337696893        2891.6541282470903     
 
   1.1633711745717520E-007  -1.6198839416625101E-011
   1.8810716183838496E-005   3.4582020594078113E-004
 
  -626.83775707821837        799.72893117494607     
 
 
   1.1726991144127979E-004   112.06091185268667     
  -9.8827300885587204E-003  -9.3723120381236384     
   84998.206584627726        22631.481973482238     
 
   8599930.5785586257       0.79104241941849052     
  -478673.47982156300        2919.4592181533744     
 
   1.1627825477060904E-007  -3.1506188340483941E-011
   1.9064940689197740E-005   3.4252402383469662E-004
 
  -626.68290490038430        799.72866406159528     
 
 
  -1.3418338657690196E-004  -149.69627008501084     
  -1.0134183386576902E-002   0.0000000000000000     
   84050.816664850805        8016.8341654748656     
 
   8293792.7466537859       -8.3504751438232730E-002
   791068.59030136128        2919.3523958035121     
 
   1.2057177003267945E-007   3.4488182041741792E-012
  -3.2671814573327470E-005   3.4254078856177600E-004
 
  -996.67081479924923        1274.3150254104039     
 
 
  -3.3856844027703621E-004   899.33373186453844     
  -1.0338568440277036E-002   0.0000000000000000     
   89053.684584116680        9620.7869175592950     
 
   8613734.5899052117        3.5711888412361827     
   930572.44560849841        2991.6916056140190     
 
   1.1610863628272722E-007  -1.3859913417744257E-010
  -3.6115854127186779E-005   3.3430216358479997E-004
 
  -1105.5717299408952        1409.3139480345890     
 
 
  0.93676824695907623       -21086.681685224477     
  -4.8218339277443900E-002  -27790.828674630022     
  -2640.1850214233491       -350323.07011140883     
 
   8322647.1611881591       -14.535169650943368     
  -49482559.238591291        73.248760711821433     
 
  -6.6824395081574290E-007  -1.3260346112252947E-007
 -0.45142635261996683       -7.5926999531341383E-002
 
  -598.97747897296688        763.54075397229110     
 
 
