  0.29999999999999999       -101.27928526650339        105.07911489932195        1.0000000000000000       0.66051983833312988     
  0.29999999999999999       -440.67776691154148        456.21552329601440        1.0000000000000000      -0.95942604541778564     
  0.29999999999999999       -35.702591820464434        36.647402321345552        1.0000000000000000       0.98352289199829102     
  0.29999999999999999       -23.739945831142567        24.551442420006886        1.0000000000000000       0.23053181171417236     
  0.29999999999999999       -15.151970660133559        15.745158598296802        1.0000000000000000       0.74924778938293457     
  0.29999999999999999       -19.314914303656877        20.222560164985836        1.0000000000000000       0.92332518100738525     
  0.29999999999999999       -273.56359926642057        282.98979448202078        1.0000000000000000       0.77800881862640381     
  0.29999999999999999       -200.99995717734373        207.86068651574982        1.0000000000000000       0.65421152114868164     
  0.29999999999999999       -244.99493440932591        253.39620324363793        1.0000000000000000        5.4288268089294434E-002
  0.29999999999999999       -51.181345710389266        53.240767347312335        1.0000000000000000        3.3479809761047363E-002
  0.29999999999999999       -284.26146037153944        294.22640966849218        1.0000000000000000      -0.42432701587677002     
  0.29999999999999999       -185.59056793167852        191.91717845072517        1.0000000000000000        3.2764434814453125E-002
  0.29999999999999999       -442.41391063328308        458.20166883328466        1.0000000000000000       0.82443594932556152     
  0.29999999999999999       -38.534159588188835        39.900817698525955        1.0000000000000000       0.80887889862060547     
  0.29999999999999999       -396.31613783810195        410.15772741088057        1.0000000000000000      -0.83280408382415771     
  0.29999999999999999       -241.38939623568993        249.87128370357686        1.0000000000000000        2.6913166046142578E-002
  0.29999999999999999       -424.09842121927545        438.94385417438281        1.0000000000000000      -0.52940833568572998     
  0.29999999999999999       -307.61227903247658        318.58339106499795        1.0000000000000000      -0.27448153495788574     
  0.29999999999999999       -397.68584039099704        411.69599465997010        1.0000000000000000      -0.29214978218078613     
  0.29999999999999999       -359.41554994961223        372.23161336619910        1.0000000000000000       0.59202122688293457     
  0.29999999999999999       -218.93715290654242        226.36147343726063        1.0000000000000000      -0.53775334358215332     
  0.29999999999999999       -78.174023640583329        81.089617799229899        1.0000000000000000       0.19146883487701416     
  0.29999999999999999       -268.12944843968114        277.59112452812707        1.0000000000000000        8.1010699272155762E-002
  0.29999999999999999       -427.21447640557773        442.34530435459106        1.0000000000000000      -0.77901387214660645     
  0.29999999999999999       -419.79862338917229        434.54644129346673        1.0000000000000000       0.75388920307159424     
  0.29999999999999999       -294.31539887426447        304.62581507155534        1.0000000000000000       0.31361222267150879     
  0.29999999999999999       -384.55061087060648        398.32592686524367        1.0000000000000000      -0.80791890621185303     
  0.29999999999999999       -172.12009588458031        178.23374325752306        1.0000000000000000      -0.13695836067199707     
  0.29999999999999999       -281.81950061547047        291.80815786258040        1.0000000000000000       0.78138995170593262     
  0.29999999999999999       -370.72302752308832        383.54914557334723        1.0000000000000000      -0.87033998966217041     
  0.29999999999999999       -140.27188535965621        145.44420236363464        1.0000000000000000      -0.14055681228637695     
  0.29999999999999999       -125.39889668629449        129.98129361624424        1.0000000000000000       0.34876024723052979     
  0.29999999999999999       -306.93227360423418        317.45803785238439        1.0000000000000000       0.19811761379241943     
  0.29999999999999999       -319.52622524584609        330.47436834215972        1.0000000000000000       0.39955139160156250     
  0.29999999999999999       -317.95362787745319        328.93423739873037        1.0000000000000000      -0.40656995773315430     
  0.29999999999999999       -35.835409120777975        36.984336841915777        1.0000000000000000      -0.95603775978088379     
  0.29999999999999999       -88.956146425519620        92.409893096001142        1.0000000000000000      -0.88542735576629639     
  0.29999999999999999       -176.94445353165847        183.49846360461862        1.0000000000000000      -0.73778879642486572     
  0.29999999999999999       -402.75173827897976        416.87358833684567        1.0000000000000000      -0.16699767112731934     
  0.29999999999999999       -406.32935171482688        420.65016070687517        1.0000000000000000      -0.62103748321533203     
  0.29999999999999999       -137.29798409801640        141.77002734402728        1.0000000000000000      -0.78438293933868408     
  0.29999999999999999       -23.298485051560359        23.797151236375480        1.0000000000000000       0.26552402973175049     
  0.29999999999999999       -165.33642739719463        171.26036288702792        1.0000000000000000      -0.14149737358093262     
  0.29999999999999999       -431.31165037536078        446.23783674166253        1.0000000000000000      -0.69597744941711426     
  0.29999999999999999       -109.98064126577550        113.77729379700972        1.0000000000000000       0.72880256175994873     
  0.29999999999999999       -414.66760406659029        429.05397628972105        1.0000000000000000       0.76705217361450195     
  0.29999999999999999       -379.43892872749097        392.80144282557910        1.0000000000000000      -0.54314863681793213     
  0.29999999999999999       -242.14991517404698        250.72265951957922        1.0000000000000000       0.49309718608856201     
  0.29999999999999999       -217.91780168235451        225.45159972157160        1.0000000000000000      -0.79107558727264404     
  0.29999999999999999       -166.44931862572793        172.46843692857826        1.0000000000000000      -0.22097969055175781     
  0.29999999999999999       -219.70044968144308        227.55587827808876        1.0000000000000000       0.70453739166259766     
  0.29999999999999999       -438.23217658752179        453.66410518865672        1.0000000000000000      -0.83679902553558350     
  0.29999999999999999       -196.01327225709099        202.86786328130745        1.0000000000000000      -0.22280287742614746     
  0.29999999999999999       -418.87090301879056        433.48626222104650        1.0000000000000000       0.21535897254943848     
  0.29999999999999999       -220.57643665944050        228.22045817008086        1.0000000000000000       0.77859425544738770     
  0.29999999999999999       -120.10515860913301        124.27388204816752        1.0000000000000000      -0.16210830211639404     
  0.29999999999999999       -450.06475094139762        465.78901766967437        1.0000000000000000      -0.43527698516845703     
  0.29999999999999999       -306.02148497897349        316.78064144551848        1.0000000000000000      -0.89950788021087646     
  0.29999999999999999       -354.62797860165682        367.29890765221757        1.0000000000000000       0.16492879390716553     
  0.29999999999999999       -331.16565132636549        342.55032277275546        1.0000000000000000       0.65132260322570801     
  0.29999999999999999       -242.16795342457252        250.75350679836899        1.0000000000000000       0.50412070751190186     
  0.29999999999999999       -102.20946070068467        105.83022358116725        1.0000000000000000      -0.66662919521331787     
  0.29999999999999999       -118.87013874257974        122.77786750595143        1.0000000000000000       0.89401626586914062     
  0.29999999999999999       -161.81232659438891        167.42658716488788        1.0000000000000000       0.14106369018554688     
  0.29999999999999999       -417.61111151138374        432.18557449729559        1.0000000000000000      -0.56904542446136475     
  0.29999999999999999       -289.73859603425836        300.01701795880211        1.0000000000000000       0.85383272171020508     
  0.29999999999999999       -320.67852283335861        331.76621942408775        1.0000000000000000        6.2978625297546387E-002
  0.29999999999999999       -306.20321406454764        316.99704387479255        1.0000000000000000       0.79505407810211182     
  0.29999999999999999       -94.926731402959916        98.585649777131465        1.0000000000000000       0.90081608295440674     
  0.29999999999999999       -50.546995379603715        52.153650333126883        1.0000000000000000       -9.1235876083374023E-002
  0.29999999999999999       -140.25372434865383        145.39872528852996        1.0000000000000000      -0.35675585269927979     
  0.29999999999999999       -99.079798403278971        102.26792165099907        1.0000000000000000       -3.8256645202636719E-002
  0.29999999999999999       -430.37432892458952        445.65770840958021        1.0000000000000000      -0.59463608264923096     
  0.29999999999999999       -342.25476873825318        354.42558323850130        1.0000000000000000      -0.70722925662994385     
  0.29999999999999999       -70.224431697702272        72.621236031940853        1.0000000000000000       0.22536599636077881     
  0.29999999999999999       -258.67416602570427        268.10123656757600        1.0000000000000000      -0.89251077175140381     
  0.29999999999999999       -270.34087503677165        279.74127283420552        1.0000000000000000       0.55286800861358643     
  0.29999999999999999       -190.77903625386386        197.73312175900128        1.0000000000000000      -0.62060797214508057     
  0.29999999999999999       -6.3232622589238696        6.4270631252813137        1.0000000000000000       -8.3180427551269531E-002
  0.29999999999999999       -448.67146170919420        464.68106219619074        1.0000000000000000      -0.42864644527435303     
  0.29999999999999999       -178.33573807878921        184.87087689753977        1.0000000000000000       0.58328223228454590     
  0.29999999999999999       -121.89565290306319        126.10081448852338        1.0000000000000000       -2.8706312179565430E-002
  0.29999999999999999       -252.48401212339266        261.43883088862799        1.0000000000000000      -0.28030657768249512     
  0.29999999999999999       -337.63122416824018        349.13072357154613        1.0000000000000000      -0.34750497341156006     
  0.29999999999999999       -251.20329288332186        260.14105315474922        1.0000000000000000       0.81778347492218018     
  0.29999999999999999       -31.113895105402271        31.999072926795904        1.0000000000000000      -0.43953514099121094     
  0.29999999999999999       -128.58626041910458        133.28047285586607        1.0000000000000000      -0.82777488231658936     
  0.29999999999999999       -89.970697729428906        93.086213472693501        1.0000000000000000      -0.38285386562347412     
  0.29999999999999999       -159.64795384616386        165.19126081148849        1.0000000000000000      -0.99915039539337158     
  0.29999999999999999       -204.69298654616452        211.90765175774555        1.0000000000000000      -0.19781100749969482     
  0.29999999999999999       -172.01997908473288        178.02553653249890        1.0000000000000000      -0.91535031795501709     
  0.29999999999999999       -194.20111547282531        201.00046785187897        1.0000000000000000       0.51092851161956787     
  0.29999999999999999       -172.34760109442021        178.63754149207637        1.0000000000000000       0.73465788364410400     
  0.29999999999999999       -2.8845844126542710        3.0749012820109494        1.0000000000000000       0.24858236312866211     
  0.29999999999999999       -106.64507582324211        110.18603980680933        1.0000000000000000       0.98595058917999268     
  0.29999999999999999       -182.06984381477722        188.46970048041626        1.0000000000000000       0.63034820556640625     
  0.29999999999999999       -110.32831505651995        114.31513135506727        1.0000000000000000       0.77478480339050293     
  0.29999999999999999       -386.75186759204718        400.39117069798249        1.0000000000000000       0.22752261161804199     
  0.29999999999999999       -145.13070667072262        150.52100075129530        1.0000000000000000       0.90305614471435547     
  0.29999999999999999       -281.56844685990694        291.12426926753045        1.0000000000000000       0.51264667510986328     
  0.29999999999999999       -383.03569449183823        396.23220973232662        1.0000000000000000       0.37771379947662354     
  0.29999999999999999       -11.509482493292062        11.673787287596788        1.0000000000000000       0.12610936164855957     
  0.29999999999999999       -396.69984542761307        410.82473597414668        1.0000000000000000       0.20504117012023926     
  0.29999999999999999       -6.3794580158619256        6.4660200908817274        1.0000000000000000       0.58999431133270264     
  0.29999999999999999       -295.29130897986897        305.87943046125366        1.0000000000000000      -0.70620846748352051     
  0.29999999999999999       -370.45228103621611        383.35647542595177        1.0000000000000000       0.57310247421264648     
  0.29999999999999999       -26.065741261670748        26.928831462014571        1.0000000000000000       0.92081379890441895     
  0.29999999999999999       -311.70244794024671        322.37494586174205        1.0000000000000000      -0.37491035461425781     
  0.29999999999999999       -120.39721494045384        124.57112827103084        1.0000000000000000       0.98850095272064209     
  0.29999999999999999       -149.58891696546655        154.55464325538890        1.0000000000000000       0.28692436218261719     
  0.29999999999999999       -366.32375819770107        379.36327920963134        1.0000000000000000      -0.84600579738616943     
  0.29999999999999999       -80.995897376486013        83.537227695721995        1.0000000000000000       -3.3410549163818359E-002
  0.29999999999999999       -69.065812703898061        71.536758266275896        1.0000000000000000      -0.99765169620513916     
  0.29999999999999999       -8.2040784735494476        8.6741673798461125        1.0000000000000000      -0.46664106845855713     
  0.29999999999999999       -275.48105794967097        284.82920055904765        1.0000000000000000      -0.18163907527923584     
  0.29999999999999999       -235.35132405281104        243.58626859468302        1.0000000000000000      -0.78630614280700684     
  0.29999999999999999       -150.56963511676446        155.68127783572456        1.0000000000000000      -0.70251309871673584     
  0.29999999999999999       -202.43298260310357        209.76477102731465        1.0000000000000000       0.53507709503173828     
  0.29999999999999999       -65.858562849307873        68.043055368770069        1.0000000000000000       0.56400072574615479     
  0.29999999999999999       -219.99791952439844        227.75169220906673        1.0000000000000000       0.42560112476348877     
  0.29999999999999999       -96.569425060391026        100.24721497742233        1.0000000000000000      -0.65620923042297363     
  0.29999999999999999       -49.131036794966775        50.522840776822541        1.0000000000000000        1.6869783401489258E-002
  0.29999999999999999       -369.70077192281326        382.68975028854459        1.0000000000000000      -0.71191203594207764     
  0.29999999999999999      -0.63845160585577299       0.70874393162926219        1.0000000000000000       0.30164110660552979     
  0.29999999999999999       -193.64428125729876        200.32157508744731        1.0000000000000000      -0.51927947998046875     
  0.29999999999999999       -94.876273375503871        98.524408173488524        1.0000000000000000      -0.19742548465728760     
  0.29999999999999999       -207.94670065659332        215.27006930706500        1.0000000000000000      -0.90049290657043457     
  0.29999999999999999       -175.36148828011940        181.39528049785002        1.0000000000000000        7.6222419738769531E-004
  0.29999999999999999       -444.03976480316419        459.57185758645124        1.0000000000000000      -0.24050903320312500     
  0.29999999999999999       -65.654487110537232        67.849725250987348        1.0000000000000000      -0.61898636817932129     
  0.29999999999999999       -168.30490370840292        174.19938674007716        1.0000000000000000      -0.46710264682769775     
  0.29999999999999999       -365.47204170665128        378.49878392980668        1.0000000000000000      -0.51620662212371826     
  0.29999999999999999       -361.93987407630362        374.44012224809228        1.0000000000000000      -0.84140360355377197     
  0.29999999999999999       -357.21531889070724        369.43117956496468        1.0000000000000000       -5.1492691040039062E-002
  0.29999999999999999       -134.15581678159447        138.96997167512424        1.0000000000000000      -0.63701820373535156     
  0.29999999999999999       -277.15454597375447        287.18896182627810        1.0000000000000000       -3.7616729736328125E-002
  0.29999999999999999       -40.387522384951566        42.048191561120980        1.0000000000000000      -0.37253022193908691     
  0.29999999999999999       -44.974453457995324        46.874694167413871        1.0000000000000000      -0.58348357677459717     
  0.29999999999999999       -429.04776315188985        444.39183412074664        1.0000000000000000      -0.74120116233825684     
  0.29999999999999999       -44.191022245972462        45.670273160855380        1.0000000000000000      -0.32242619991302490     
  0.29999999999999999       -359.44816320903232        372.25028476638636        1.0000000000000000      -0.44307529926300049     
  0.29999999999999999       -426.99866398385956        441.73972392815739        1.0000000000000000       0.80180656909942627     
  0.29999999999999999       -172.31441030258566        178.60105034724592        1.0000000000000000       0.39700984954833984     
  0.29999999999999999       -113.05607630820683        116.99916251658018        1.0000000000000000       0.54349005222320557     
  0.29999999999999999       -106.97899149703255        110.87517417740297        1.0000000000000000       0.68875479698181152     
  0.29999999999999999       -5.4009970229282338        5.3120262637831175        1.0000000000000000       0.95547437667846680     
  0.29999999999999999       -226.94878980866471        235.25403503971384        1.0000000000000000      -0.79539120197296143     
  0.29999999999999999       -42.191558499996042        43.702978013497088        1.0000000000000000       -2.5153160095214844E-002
  0.29999999999999999       -160.02245503610754        165.61031319688507        1.0000000000000000      -0.71253335475921631     
  0.29999999999999999       -8.1899812701733374        8.6268094551746497        1.0000000000000000      -0.67762529850006104     
  0.29999999999999999       -8.2320228274230942        8.7568160886892628        1.0000000000000000      -0.18100285530090332     
  0.29999999999999999       -336.09999934526110        347.89115684608601        1.0000000000000000        1.4739751815795898E-002
  0.29999999999999999       -152.38831777052854        158.02739862264670        1.0000000000000000      -0.94563269615173340     
  0.29999999999999999       -318.09694467212699        329.27682851317411        1.0000000000000000       0.93443453311920166     
  0.29999999999999999       -187.53524702784478        193.90488406414914        1.0000000000000000       0.26772558689117432     
  0.29999999999999999       -33.244766130025596        34.564126368730470        1.0000000000000000      -0.92478215694427490     
  0.29999999999999999       -266.11604277210211        275.46234457449526        1.0000000000000000       0.15682256221771240     
  0.29999999999999999       -445.55914350135549        461.31976274828907        1.0000000000000000      -0.21893620491027832     
  0.29999999999999999       -264.33377510680049        273.52038348255763        1.0000000000000000       0.28348112106323242     
  0.29999999999999999       -243.66069932113771        251.90617199550343        1.0000000000000000      -0.56472730636596680     
  0.29999999999999999       -389.73282970432399        403.56405540344218        1.0000000000000000       0.55380582809448242     
  0.29999999999999999       -395.49995599344118        409.55588053466374        1.0000000000000000       0.50966501235961914     
  0.29999999999999999       -131.40827347302809        136.10056045806840        1.0000000000000000      -0.55242967605590820     
  0.29999999999999999       -106.05628381477085        109.80730633483822        1.0000000000000000      -0.69599008560180664     
  0.29999999999999999       -438.58105828817207        453.89949895158679        1.0000000000000000      -0.51002180576324463     
  0.29999999999999999       -33.984754022034743        35.151387086102432        1.0000000000000000      -0.43933629989624023     
  0.29999999999999999       -156.83946757191018        162.10047924010632        1.0000000000000000      -0.69904887676239014     
  0.29999999999999999       -148.04797256883825        153.24423206072220        1.0000000000000000       0.53401160240173340     
  0.29999999999999999       -284.27789652351044        294.25702085625829        1.0000000000000000       0.63615393638610840     
  0.29999999999999999       -299.93226314300773        310.45091832585513        1.0000000000000000       -1.1373758316040039E-003
  0.29999999999999999       -247.93944187638931        256.54090565146663        1.0000000000000000       0.33369445800781250     
  0.29999999999999999       -351.52449056672742        364.04067611617398        1.0000000000000000      -0.57686686515808105     
  0.29999999999999999       -130.96906947096002        135.28311084518151        1.0000000000000000      -0.82289326190948486     
  0.29999999999999999       -100.84914245309055        104.42007554852368        1.0000000000000000       0.49465012550354004     
  0.29999999999999999       -194.45553563791262        201.15655654845597        1.0000000000000000       0.14110374450683594     
  0.29999999999999999       -110.06021877772511        113.95259623256489        1.0000000000000000       0.90625059604644775     
  0.29999999999999999       -87.363269680426399        90.355387830310107        1.0000000000000000       0.65889990329742432     
  0.29999999999999999       -242.83232078392621        251.27262115119871        1.0000000000000000       0.20786595344543457     
  0.29999999999999999       -383.54489945713249        397.21803136261616        1.0000000000000000       0.57831215858459473     
  0.29999999999999999       -201.69950097384182        208.89279797401923        1.0000000000000000      -0.33142113685607910     
  0.29999999999999999       -117.07107886166985        121.01411054782642        1.0000000000000000        1.2033939361572266E-002
  0.29999999999999999       -40.152498226594354        41.735473755992047        1.0000000000000000      -0.70145475864410400     
  0.29999999999999999       -181.55586303976830        188.04043492356587        1.0000000000000000      -0.94849634170532227     
  0.29999999999999999       -55.731018174780282        57.786884030235505        1.0000000000000000       0.85900044441223145     
  0.29999999999999999       -365.90141909214373        378.75778273806168        1.0000000000000000       0.12909758090972900     
  0.29999999999999999       -107.68918885262126        111.55711304715906        1.0000000000000000        4.2831182479858398E-002
  0.29999999999999999       -313.25077267615177        323.91346098216991        1.0000000000000000       0.27155005931854248     
  0.29999999999999999       -138.58166094394630        143.28751933606634        1.0000000000000000       0.98098039627075195     
  0.29999999999999999       -216.27630230427803        224.08968046212357        1.0000000000000000       0.48304736614227295     
  0.29999999999999999       -429.40737901751709        444.58938631018748        1.0000000000000000      -0.18678879737854004     
  0.29999999999999999       -330.20176093101065        341.87866741160366        1.0000000000000000       0.59562301635742188     
  0.29999999999999999       -141.19305120966413        146.14208617021546        1.0000000000000000       0.89930152893066406     
  0.29999999999999999       -152.21848379010603        157.52817655605489        1.0000000000000000       0.79039406776428223     
  0.29999999999999999       -186.30342769790926        192.89756036695431        1.0000000000000000      -0.66562724113464355     
  0.29999999999999999       -119.92459819300801        124.15562574598535        1.0000000000000000      -0.22873723506927490     
  0.29999999999999999       -11.440431785371237        11.499039899634811        1.0000000000000000      -0.38134026527404785     
  0.29999999999999999       -252.56816213511291        261.76491326505663        1.0000000000000000       0.37220263481140137     
  0.29999999999999999       -212.12115122277871        219.61262587120970        1.0000000000000000       0.46401977539062500     
  0.29999999999999999       -82.641836123191879        85.870060893016714        1.0000000000000000       0.24623978137969971     
  0.29999999999999999       -47.069891250864345        48.716813635260749        1.0000000000000000       0.76527810096740723     
  0.29999999999999999       -182.74805758342791        189.18622676270627        1.0000000000000000      -0.64300405979156494     
  0.29999999999999999       -449.40766515328079        465.08348605720374        1.0000000000000000      -0.78704977035522461     
  0.29999999999999999       -299.29086162365286        309.58430710169000        1.0000000000000000       0.15861713886260986     
  0.29999999999999999       -363.57857003102714        376.25429768621672        1.0000000000000000      -0.69381201267242432     
  0.29999999999999999       -299.92806222007556        310.44075677791437        1.0000000000000000      -0.16460347175598145     
  0.29999999999999999       -111.06890049414169        114.75520273483814        1.0000000000000000       0.73439002037048340     
  0.29999999999999999       -43.123594689701157        44.303203391422620        1.0000000000000000      -0.35540258884429932     
  0.29999999999999999       -274.82339485582111        284.31683543299022        1.0000000000000000       -7.8157305717468262E-002
  0.29999999999999999       -210.56667114788922        218.09479378898700        1.0000000000000000      -0.69496691226959229     
  0.29999999999999999       -15.270045224357920        15.807445101147373        1.0000000000000000      -0.86766362190246582     
  0.29999999999999999       -374.99617553077962        388.00530504124572        1.0000000000000000       0.56367588043212891     
  0.29999999999999999       -70.599203732933617        73.449210903403042        1.0000000000000000       0.23694550991058350     
  0.29999999999999999       -89.625922191314842        92.817652850456156        1.0000000000000000      -0.99763882160186768     
  0.29999999999999999       -147.57027807173898        152.62177371070970        1.0000000000000000       0.92379736900329590     
  0.29999999999999999       -31.408995115688178        32.711690691049391        1.0000000000000000      -0.98994910717010498     
  0.29999999999999999       -111.93449648121957        115.92802625224157        1.0000000000000000      -0.77918541431427002     
  0.29999999999999999       -204.11271857214820        211.33797337565522        1.0000000000000000       0.76863598823547363     
  0.29999999999999999       -83.958838223036238        86.858448512477949        1.0000000000000000      -0.32760655879974365     
  0.29999999999999999       -5.4824015743002361        5.6978509113748226        1.0000000000000000      -0.75229716300964355     
  0.29999999999999999       -348.01099942890266        360.17242858618289        1.0000000000000000      -0.53480088710784912     
  0.29999999999999999       -161.80686538998825        167.40714235852454        1.0000000000000000      -0.44241559505462646     
  0.29999999999999999       -389.79311671162748        403.60290663371649        1.0000000000000000      -0.87986850738525391     
  0.29999999999999999       -438.51655931114021        453.86106394858348        1.0000000000000000      -0.36570763587951660     
  0.29999999999999999       -87.653312003509100        90.869391739020756        1.0000000000000000      -0.30356764793395996     
  0.29999999999999999       -227.21469673231528        235.46164352638655        1.0000000000000000       0.72011148929595947     
  0.29999999999999999       -363.12019408880082        375.58757810926448        1.0000000000000000       0.95781052112579346     
  0.29999999999999999       -311.92423440918327        322.66972823824716        1.0000000000000000       0.68594217300415039     
  0.29999999999999999       -316.12348786387179        327.20007068466361        1.0000000000000000      -0.28428840637207031     
  0.29999999999999999       -238.95179090273416        247.30284591289910        1.0000000000000000       0.82214498519897461     
  0.29999999999999999       -189.64975560214884        196.40240945928147        1.0000000000000000      -0.86020386219024658     
  0.29999999999999999       -39.958246156628299        41.316550184299444        1.0000000000000000      -0.48048007488250732     
  0.29999999999999999       -431.44438173980365        446.31642217125909        1.0000000000000000       0.43596720695495605     
  0.29999999999999999       -175.45278874575880        181.74526543997317        1.0000000000000000       0.19366705417633057     
  0.29999999999999999       -137.45264776459365        142.13037622674287        1.0000000000000000      -0.32007396221160889     
  0.29999999999999999       -105.63114272639348        109.20595233482207        1.0000000000000000      -0.68301022052764893     
  0.29999999999999999       -318.33883742676522        329.56513326786694        1.0000000000000000       0.52267396450042725     
  0.29999999999999999       -270.61746465617637        279.97403790367792        1.0000000000000000       -6.9966316223144531E-002
  0.29999999999999999       -351.25408889997527        363.28120955879257        1.0000000000000000      -0.64249515533447266     
  0.29999999999999999       -131.24447144369273        135.53223173929268        1.0000000000000000      -0.18352055549621582     
  0.29999999999999999       -26.656875071336362        27.955394489169290        1.0000000000000000        7.2703480720520020E-002
  0.29999999999999999       -133.69348935335512        138.40874513164445        1.0000000000000000      -0.93092703819274902     
  0.29999999999999999       -454.40292359105234        470.63407359285139        1.0000000000000000       0.81614923477172852     
  0.29999999999999999       -236.01225127160015        244.21495575608023        1.0000000000000000       0.94989037513732910     
  0.29999999999999999       -434.57022956476055        449.85100100775600        1.0000000000000000       0.57346165180206299     
  0.29999999999999999       -236.28897149822083        244.66799718966911        1.0000000000000000       0.32182061672210693     
  0.29999999999999999       -39.495295885251345        40.950031503674651        1.0000000000000000       0.50551271438598633     
  0.29999999999999999       -43.268041682569795        44.476873102200031        1.0000000000000000       0.72463083267211914     
  0.29999999999999999       -244.41978595787134        252.91068742970171        1.0000000000000000       0.42959249019622803     
  0.29999999999999999       -76.907596482143859        79.918914767183992        1.0000000000000000       0.56582629680633545     
  0.29999999999999999       -408.85136073191285        423.16516024233789        1.0000000000000000       0.51782083511352539     
  0.29999999999999999       -83.819280375749997        86.715594587329491        1.0000000000000000      -0.83761656284332275     
  0.29999999999999999       -428.52514073364750        443.74198818423855        1.0000000000000000      -0.46152532100677490     
  0.29999999999999999       -384.71683088912266        398.60288685906534        1.0000000000000000       0.51991355419158936     
  0.29999999999999999       -446.72581429351703        462.33572821231093        1.0000000000000000       -9.9182844161987305E-002
  0.29999999999999999       -413.46660988307752        427.62456207036831        1.0000000000000000      -0.81236565113067627     
  0.29999999999999999       -343.86925223713735        355.77026607036834        1.0000000000000000       0.65872156620025635     
  0.29999999999999999       -337.67981828036699        349.18976522724000        1.0000000000000000      -0.58471882343292236     
  0.29999999999999999       -25.306784563681703        26.424677431197498        1.0000000000000000       0.59305000305175781     
  0.29999999999999999       -43.907167412277822        45.493313921721558        1.0000000000000000       0.74196076393127441     
  0.29999999999999999       -290.84250623676820        301.37384135840972        1.0000000000000000      -0.86737477779388428     
  0.29999999999999999       -292.57854029766827        302.93258842857426        1.0000000000000000       0.32239782810211182     
  0.29999999999999999       -274.02084742815305        283.56913435691200        1.0000000000000000       0.21672141551971436     
  0.29999999999999999       -255.03077392099647        263.89836804991836        1.0000000000000000      -0.27345085144042969     
  0.29999999999999999       -130.07367318269425        134.68564152026042        1.0000000000000000      -0.16053950786590576     
  0.29999999999999999       -12.068856948900020        12.491471642395599        1.0000000000000000      -0.77412319183349609     
  0.29999999999999999       -55.555198531237103        57.442837361591998        1.0000000000000000      -0.37868702411651611     
  0.29999999999999999       -389.28746541185490        402.93106776913430        1.0000000000000000      -0.84751737117767334     
  0.29999999999999999       -97.983800104660119        101.37006078194695        1.0000000000000000       0.24802935123443604     
  0.29999999999999999       -384.51386648640232        398.16193661985960        1.0000000000000000      -0.44015777111053467     
  0.29999999999999999       -351.38891413607257        363.69231437716871        1.0000000000000000      -0.54052948951721191     
  0.29999999999999999       -283.12611872668168        293.35560855093701        1.0000000000000000        9.3283772468566895E-002
  0.29999999999999999       -399.77466811722530        413.52665648278668        1.0000000000000000       0.49074947834014893     
  0.29999999999999999       -29.295186209737675        30.046306235023749        1.0000000000000000      -0.35293579101562500     
  0.29999999999999999       -407.23373867466881        421.21280069208996        1.0000000000000000       0.23839604854583740     
  0.29999999999999999       -146.28104078684621        151.59736433418792        1.0000000000000000       0.60316598415374756     
  0.29999999999999999       -325.65338516503942        336.93807037896528        1.0000000000000000       -9.1108679771423340E-002
  0.29999999999999999       -64.061435758732983        66.261073688793985        1.0000000000000000       0.32415604591369629     
  0.29999999999999999       -66.049158303519235        68.400477089468737        1.0000000000000000      -0.47688949108123779     
  0.29999999999999999       -157.03296425201330        162.41075336709346        1.0000000000000000       0.33016097545623779     
  0.29999999999999999       -342.20485178094003        354.33593342138647        1.0000000000000000      -0.76079082489013672     
  0.29999999999999999       -284.35325502002911        294.48319194578016        1.0000000000000000      -0.69814121723175049     
  0.29999999999999999       -102.15971617848074        105.72788464573429        1.0000000000000000       0.69122362136840820     
  0.29999999999999999       -120.83648651526192        125.41932551683897        1.0000000000000000      -0.80305838584899902     
  0.29999999999999999       -131.23821591842585        135.52359975023793        1.0000000000000000       0.92251491546630859     
  0.29999999999999999       -412.08106637487026        426.48519225187232        1.0000000000000000       0.95728874206542969     
  0.29999999999999999       -255.92103626022052        264.88816143018778        1.0000000000000000       0.54125308990478516     
  0.29999999999999999       -288.90468699288800        298.81421589690945        1.0000000000000000      -0.69057941436767578     
  0.29999999999999999       -163.45300083919946        169.39799624280130        1.0000000000000000        8.3865642547607422E-002
  0.29999999999999999       -342.31767860310907        354.51326244130138        1.0000000000000000      -0.53683376312255859     
  0.29999999999999999       -401.67083046552125        415.92823896083490        1.0000000000000000       0.52471077442169189     
  0.29999999999999999       -159.30235079321727        164.98855566691756        1.0000000000000000       0.62885463237762451     
  0.29999999999999999       -281.50047748985133        291.02340881602476        1.0000000000000000       0.41564488410949707     
  0.29999999999999999       -346.55756699610782        358.73561388732378        1.0000000000000000       0.47443902492523193     
  0.29999999999999999       -17.812518338516092        18.513627740482804        1.0000000000000000      -0.50283610820770264     
  0.29999999999999999       -178.34297844757671        184.87977990721828        1.0000000000000000      -0.21397030353546143     
  0.29999999999999999       -360.15136697505977        372.78371235319486        1.0000000000000000      -0.53377199172973633     
  0.29999999999999999       -159.31919305546546        164.99760781243694        1.0000000000000000      -0.12652528285980225     
  0.29999999999999999       -11.517129867313191        11.707296316583900        1.0000000000000000       0.94039440155029297     
  0.29999999999999999       -129.46418913756406        133.76258855338179        1.0000000000000000       0.59831809997558594     
  0.29999999999999999       -431.85692502806273        446.77849979156656        1.0000000000000000       0.59128928184509277     
  0.29999999999999999       -449.29158593055092        465.02213113455031        1.0000000000000000       0.47035539150238037     
  0.29999999999999999       -49.463943337688960        51.152097487378185        1.0000000000000000      -0.22269737720489502     
  0.29999999999999999       -89.852602161228759        92.974246786048198        1.0000000000000000       0.20192182064056396     
  0.29999999999999999       -43.391880753844362        44.967411878693071        1.0000000000000000       -2.5286555290222168E-002
  0.29999999999999999       -331.93623034271297        343.66962931478713        1.0000000000000000       -9.7073435783386230E-002
  0.29999999999999999       -203.41274539685983        210.59646678108103        1.0000000000000000      -0.20263206958770752     
  0.29999999999999999       -49.452638865551158        51.082733885887457        1.0000000000000000      -0.63717353343963623     
  0.29999999999999999       -17.624398561421106        18.126132241199048        1.0000000000000000      -0.30189526081085205     
  0.29999999999999999       -413.70015965040182        428.22403156336401        1.0000000000000000       0.53765952587127686     
  0.29999999999999999       -311.87774174476800        322.57817297487981        1.0000000000000000      -0.13753759860992432     
  0.29999999999999999       -434.18775279955662        449.40036026258338        1.0000000000000000       -1.1746764183044434E-002
  0.29999999999999999       -43.169407612909040        44.347357073358118        1.0000000000000000      -0.31783807277679443     
  0.29999999999999999       -255.16569553995643        263.96881463984266        1.0000000000000000      -0.22438430786132812     
  0.29999999999999999       -59.944939409325485        61.955076741141205        1.0000000000000000      -0.28441452980041504     
  0.29999999999999999       -272.94535583059240        282.65589727581789        1.0000000000000000      -0.88888239860534668     
  0.29999999999999999       -382.32300767895481        395.73051462114626        1.0000000000000000       0.43187427520751953     
  0.29999999999999999       -203.29566355290748        210.53302818139744        1.0000000000000000      -0.78689157962799072     
  0.29999999999999999       -140.83894932880537        145.95797216399305        1.0000000000000000       0.14569127559661865     
  0.29999999999999999       -415.13764810190582        430.01468098602305        1.0000000000000000       0.61521041393280029     
  0.29999999999999999       -263.60899090215617        273.03086096490961        1.0000000000000000       -5.9514284133911133E-002
  0.29999999999999999       -408.28647798236187        422.58014060851190        1.0000000000000000      -0.42859780788421631     
  0.29999999999999999       -240.16504094768572        248.55129977438153        1.0000000000000000       0.71748912334442139     
  0.29999999999999999       -384.27832657090755        397.70707473823103        1.0000000000000000      -0.69733357429504395     
  0.29999999999999999       -33.698716606914175        34.836242299964120        1.0000000000000000      -0.93643963336944580     
  0.29999999999999999       -326.98751741398559        338.60019099389751        1.0000000000000000      -0.41165947914123535     
  0.29999999999999999       -3.5576442033104856        3.4525413107106067        1.0000000000000000       0.67768394947052002     
  0.29999999999999999       -286.17237213035031        296.29551339160491        1.0000000000000000      -0.17235028743743896     
  0.29999999999999999       -234.29258790931402        242.68503498643977        1.0000000000000000       0.14777266979217529     
  0.29999999999999999       -320.78601834516576        331.90661161733976        1.0000000000000000       0.81040370464324951     
  0.29999999999999999       -6.6558032223718868        6.7421854367907850        1.0000000000000000      -0.72719895839691162     
  0.29999999999999999       -155.50937046244115        160.60515871030731        1.0000000000000000      -0.99909305572509766     
  0.29999999999999999       -294.34676135148271        304.64534730139945        1.0000000000000000       0.99874329566955566     
  0.29999999999999999       -342.46281389569083        354.65500000795555        1.0000000000000000      -0.88438057899475098     
  0.29999999999999999       -143.51262369968998        148.28478280184444        1.0000000000000000       0.95321547985076904     
  0.29999999999999999       -287.60623404567468        297.35124974557561        1.0000000000000000       0.83754277229309082     
  0.29999999999999999       -162.91846779385634        168.36757411798035        1.0000000000000000       0.13659095764160156     
  0.29999999999999999       -232.73683755163785        240.73618012190897        1.0000000000000000      -0.92340099811553955     
  0.29999999999999999       -295.16816978989817        305.46890468594808        1.0000000000000000       0.37629306316375732     
  0.29999999999999999       -42.717253073085047        44.029313407100112        1.0000000000000000      -0.31326067447662354     
  0.29999999999999999       -362.13449203395453        374.88145168791692        1.0000000000000000      -0.54493272304534912     
  0.29999999999999999       -277.49530942657469        287.41227865368347        1.0000000000000000      -0.40494000911712646     
  0.29999999999999999       -206.09356528295640        213.37286780714575        1.0000000000000000      -0.69329738616943359     
  0.29999999999999999       -339.05315106843176        350.70616456014500        1.0000000000000000      -0.70851135253906250     
  0.29999999999999999       -159.67530693853288        165.21018830436086        1.0000000000000000      -0.86108887195587158     
  0.29999999999999999       -87.251660383867474        89.996104014582016        1.0000000000000000      -0.64458656311035156     
  0.29999999999999999       -76.355911656905576        78.959542237671442        1.0000000000000000       0.96549320220947266     
  0.29999999999999999       -65.157659040552275        67.557753935378955        1.0000000000000000      -0.34973895549774170     
  0.29999999999999999       -440.10807568687750        455.57220307014842        1.0000000000000000       0.19710206985473633     
  0.29999999999999999       -202.35430441213845        209.45889922046132        1.0000000000000000        3.3780813217163086E-002
  0.29999999999999999       -43.446858779663671        45.096169348400046        1.0000000000000000      -0.82255470752716064     
  0.29999999999999999       -69.625765004824942        72.196780703565096        1.0000000000000000      -0.88004016876220703     
  0.29999999999999999       -63.220640043237573        65.700506050442613        1.0000000000000000      -0.98113036155700684     
  0.29999999999999999       -361.78828076121300        374.24883095261214        1.0000000000000000       -7.0844769477844238E-002
  0.29999999999999999       -39.605771588375653        41.016451759783507        1.0000000000000000      -0.67357015609741211     
  0.29999999999999999       -353.69477606227412        366.15278571883465        1.0000000000000000      -0.77481150627136230     
  0.29999999999999999       -379.07091169792159        392.60478543420493        1.0000000000000000       0.93514859676361084     
  0.29999999999999999       -28.399631561985807        29.537812843847206        1.0000000000000000       -9.4744563102722168E-002
  0.29999999999999999       -35.962097382034180        37.260013652546050        1.0000000000000000      -0.69940328598022461     
  0.29999999999999999       -81.654191457179621        84.658260241629264        1.0000000000000000       0.51389515399932861     
  0.29999999999999999       -395.37546679268888        409.12921591331724        1.0000000000000000      -0.70231866836547852     
  0.29999999999999999       -33.773802685020151        34.895178434066338        1.0000000000000000      -0.59854114055633545     
  0.29999999999999999       -68.705311298253434        70.892202587831065        1.0000000000000000       0.31754899024963379     
  0.29999999999999999       -336.71158747269601        348.55941482818423        1.0000000000000000        8.7390899658203125E-002
  0.29999999999999999       -187.21401987489728        193.45502185107301        1.0000000000000000       0.61579036712646484     
  0.29999999999999999       -311.93217940370533        322.68842220710468        1.0000000000000000       0.34461820125579834     
  0.29999999999999999       -380.66049391757406        394.07633349104077        1.0000000000000000      -0.49519658088684082     
  0.29999999999999999       -320.90520275634782        332.39392749961638        1.0000000000000000      -0.32195448875427246     
  0.29999999999999999       -388.38836526392015        402.00042153979871        1.0000000000000000       0.88583958148956299     
  0.29999999999999999       -68.718223423271965        70.901625190605699        1.0000000000000000       0.83833074569702148     
  0.29999999999999999       -407.72682743115286        422.16762015647959        1.0000000000000000      -0.98977160453796387     
  0.29999999999999999       -452.87029674964276        468.79603203689635        1.0000000000000000       -6.8100094795227051E-002
  0.29999999999999999       -435.03366291970599        450.62661778314344        1.0000000000000000      -0.11803627014160156     
  0.29999999999999999       -41.794886828299980        43.013559873632424        1.0000000000000000       0.21729958057403564     
  0.29999999999999999       -369.51419407853388        382.13076678576607        1.0000000000000000      -0.26532149314880371     
  0.29999999999999999       -98.423742316701805        101.88961882051660        1.0000000000000000       0.82467699050903320     
  0.29999999999999999       -49.469011127080954        51.178632083964246        1.0000000000000000       -8.7625622749328613E-002
  0.29999999999999999       -355.79669929174418        368.00766981746227        1.0000000000000000       0.73920881748199463     
  0.29999999999999999       -419.48543896976395        433.85965899139029        1.0000000000000000      -0.76469659805297852     
  0.29999999999999999       -354.21565568912126        366.76287738958285        1.0000000000000000        2.0555853843688965E-002
  0.29999999999999999       -183.97619008275510        190.39872782812878        1.0000000000000000       0.98982691764831543     
  0.29999999999999999       -244.51546160584780        252.96875731373387        1.0000000000000000       0.61780273914337158     
  0.29999999999999999       -128.11387280769225        132.69161549741128        1.0000000000000000       0.60098826885223389     
  0.29999999999999999       -114.84490761826190        119.18492037749988        1.0000000000000000      -0.66097891330718994     
  0.29999999999999999       -380.20833779566988        393.64927013014420        1.0000000000000000       -4.7669410705566406E-003
  0.29999999999999999       -229.10105900160841        237.18916916421091        1.0000000000000000      -0.57482838630676270     
  0.29999999999999999       -150.81673028720579        155.89782662286061        1.0000000000000000       0.16159105300903320     
  0.29999999999999999       -338.91152443693056        350.56040088040351        1.0000000000000000       0.76909780502319336     
  0.29999999999999999       -103.78713591609687        107.25312176799549        1.0000000000000000       0.97402727603912354     
  0.29999999999999999       -311.97463615078448        322.80375866677144        1.0000000000000000       0.40481603145599365     
  0.29999999999999999       -105.92033847543948        109.70818087522859        1.0000000000000000      -0.16306722164154053     
  0.29999999999999999       -41.929479566415999        43.372743320078911        1.0000000000000000       0.97343564033508301     
  0.29999999999999999       -228.26963823558074        236.49600824952188        1.0000000000000000       0.72024393081665039     
  0.29999999999999999       -389.41254947885307        403.28867999396294        1.0000000000000000       0.15653526782989502     
  0.29999999999999999       -339.59688996397261        351.70375220980912        1.0000000000000000       0.10103917121887207     
  0.29999999999999999       -43.133309324518052        44.312073532658992        1.0000000000000000       0.61890351772308350     
  0.29999999999999999       -56.759611883429315        58.580129431397360        1.0000000000000000       0.72342324256896973     
  0.29999999999999999       -37.094377436228818        38.082646001928168        1.0000000000000000       0.82274460792541504     
  0.29999999999999999       -317.85994051161913        328.78538439705704        1.0000000000000000       0.73741197586059570     
  0.29999999999999999       -14.221749175307272        14.804539323231387        1.0000000000000000       0.32258975505828857     
  0.29999999999999999       -132.85962960591891        137.87453180582904        1.0000000000000000      -0.42105662822723389     
  0.29999999999999999       -391.40423949720486        405.29032595152296        1.0000000000000000        2.6798129081726074E-002
  0.29999999999999999       -87.398525295357288        90.529474196780299        1.0000000000000000      -0.44365930557250977     
  0.29999999999999999       -27.916023642493922        28.819460598818203        1.0000000000000000      -0.93141686916351318     
  0.29999999999999999       -263.32867179723905        272.32807489969684        1.0000000000000000      -0.41316068172454834     
  0.29999999999999999       -282.80334550720511        292.52845064659653        1.0000000000000000      -0.50624251365661621     
  0.29999999999999999       -182.70627429154337        189.02721482043660        1.0000000000000000       0.55282914638519287     
  0.29999999999999999       -169.09902467634222        174.73312435764984        1.0000000000000000       0.98090744018554688     
  0.29999999999999999       -232.65256123233107        240.64196688883391        1.0000000000000000      -0.20967864990234375     
  0.29999999999999999       -380.15729565078044        393.54655780219002        1.0000000000000000       0.95576894283294678     
  0.29999999999999999       -155.63365132910172        160.77340772801898        1.0000000000000000      -0.76529312133789062     
  0.29999999999999999       -106.24273729512363        109.92519706044712        1.0000000000000000       0.25984549522399902     
  0.29999999999999999       -339.18677234891146        351.12965982902335        1.0000000000000000       0.14581954479217529     
  0.29999999999999999       -451.57019242377186        467.25116097366839        1.0000000000000000      -0.50289797782897949     
  0.29999999999999999       -116.11473866333283        120.28458645795558        1.0000000000000000       0.72325217723846436     
  0.29999999999999999       -392.47775074887960        406.46946036004300        1.0000000000000000      -0.50189149379730225     
  0.29999999999999999       -293.64433450416226        303.60209821261122        1.0000000000000000      -0.58678531646728516     
  0.29999999999999999       -339.73240355115661        351.79056858709657        1.0000000000000000      -0.21230685710906982     
  0.29999999999999999       -246.41480909274696        255.20270278075250        1.0000000000000000       0.12426173686981201     
  0.29999999999999999       -61.327778593873333        63.126154609471115        1.0000000000000000      -0.13708388805389404     
  0.29999999999999999       -249.71931500497129        258.17452028387078        1.0000000000000000       0.28885459899902344     
  0.29999999999999999       -326.44927356028433        337.80408147178082        1.0000000000000000      -0.27691817283630371     
  0.29999999999999999       -441.59606363096964        457.19216672129716        1.0000000000000000       0.21889817714691162     
  0.29999999999999999       -149.68522734029446        154.95373457601622        1.0000000000000000       0.76566374301910400     
  0.29999999999999999       -145.99458810301385        151.08569817294074        1.0000000000000000       0.70444869995117188     
  0.29999999999999999       -255.87049158933741        264.72969452313987        1.0000000000000000       0.64817786216735840     
  0.29999999999999999       -222.11252325427719        229.92052413942184        1.0000000000000000      -0.61299633979797363     
  0.29999999999999999       -368.39663289452443        381.39529889385034        1.0000000000000000       -2.2102594375610352E-003
  0.29999999999999999       -18.488228517103771        18.975706746037559        1.0000000000000000      -0.84682667255401611     
  0.29999999999999999       -451.30958695910238        466.81948104320918        1.0000000000000000       0.23937845230102539     
  0.29999999999999999       -70.482925681285238        73.297619960465369        1.0000000000000000       0.79572737216949463     
  0.29999999999999999       -119.65498107866712        123.98966211720389        1.0000000000000000      -0.41574180126190186     
  0.29999999999999999       -300.33375375226501        310.86634261718058        1.0000000000000000        7.0591807365417480E-002
  0.29999999999999999       -94.719788698292177        97.983986326664748        1.0000000000000000      -0.71500897407531738     
  0.29999999999999999       -114.48587746250962        118.84310061769440        1.0000000000000000      -0.12841820716857910     
  0.29999999999999999       -333.99461905207545        345.72557904319626        1.0000000000000000      -0.45298528671264648     
  0.29999999999999999       -189.58444822455024        196.36409772691206        1.0000000000000000       0.57245779037475586     
  0.29999999999999999       -345.34880152901059        357.63563238931641        1.0000000000000000      -0.76573348045349121     
  0.29999999999999999       -325.89277944447036        337.43009006958880        1.0000000000000000       0.88388979434967041     
  0.29999999999999999       -225.19934128143115        232.77151732225693        1.0000000000000000       -9.9090933799743652E-002
  0.29999999999999999       -280.15423507175274        290.04655261022617        1.0000000000000000       0.17144548892974854     
  0.29999999999999999       -448.59937440117915        464.62871560588837        1.0000000000000000       0.25778901576995850     
  0.29999999999999999       -321.07629234109970        332.66972655213635        1.0000000000000000      -0.53536677360534668     
  0.29999999999999999       -184.14360079162830        190.61607833755303        1.0000000000000000      -0.90222203731536865     
  0.29999999999999999       -59.903888095100704        61.874842156581202        1.0000000000000000       0.74873471260070801     
  0.29999999999999999       -366.33808572652407        379.40989636976468        1.0000000000000000       0.28849530220031738     
  0.29999999999999999       -266.78904295547466        276.30461243988947        1.0000000000000000       0.98366463184356689     
  0.29999999999999999       -285.96377407261429        295.87568729426090        1.0000000000000000       0.86260592937469482     
  0.29999999999999999       -120.77758379700586        125.37549223146594        1.0000000000000000       0.45364701747894287     
  0.29999999999999999       -115.12402156552511        119.34496338503241        1.0000000000000000       0.29982161521911621     
  0.29999999999999999       -67.837517695676837        70.274642127533298        1.0000000000000000      -0.57355284690856934     
  0.29999999999999999       -194.90258478758111        201.58606962968722        1.0000000000000000       0.65027463436126709     
  0.29999999999999999       -350.89272377458605        362.98302701615398        1.0000000000000000       0.12741219997406006     
  0.29999999999999999       -350.29768084705387        362.61944923005365        1.0000000000000000       -2.4279236793518066E-002
  0.29999999999999999       -81.711927833656475        84.697213071035961        1.0000000000000000      -0.94492948055267334     
  0.29999999999999999       -404.84222071212270        419.24023615919333        1.0000000000000000       0.20031714439392090     
  0.29999999999999999       -296.85623110139750        307.62499905718147        1.0000000000000000      -0.12146842479705811     
  0.29999999999999999       -227.84354606720231        235.84102981264584        1.0000000000000000       0.57796645164489746     
  0.29999999999999999       -46.510667107534239        48.402158065521078        1.0000000000000000       0.16148853302001953     
  0.29999999999999999       -274.37001209220062        284.04220274096758        1.0000000000000000       0.71059036254882812     
  0.29999999999999999       -379.88232329039033        393.10016930407414        1.0000000000000000      -0.39437305927276611     
  0.29999999999999999       -132.56283586768953        137.10546489183753        1.0000000000000000        7.9864859580993652E-002
  0.29999999999999999       -51.835174630838758        53.641297878100239        1.0000000000000000       0.66148102283477783     
  0.29999999999999999       -281.32157496385742        290.85946694161606        1.0000000000000000      -0.59657466411590576     
  0.29999999999999999       -292.11183758935033        302.39072445890167        1.0000000000000000       -6.0058832168579102E-002
  0.29999999999999999       -11.532881477880203        11.792465381150988        1.0000000000000000       0.21868073940277100     
  0.29999999999999999       -165.15289916920349        171.16035379965760        1.0000000000000000      -0.28504562377929688     
  0.29999999999999999       -133.04896684936909        138.02614569104063        1.0000000000000000      -0.42405474185943604     
  0.29999999999999999       -34.913176002201013        36.101197670686929        1.0000000000000000      -0.16045773029327393     
  0.29999999999999999       -314.52533747228836        325.43027133310625        1.0000000000000000      -0.30528652667999268     
  0.29999999999999999       -133.03571664810218        138.01708828542235        1.0000000000000000       0.38510453701019287     
  0.29999999999999999       -16.493347803273760        17.087005235756347        1.0000000000000000       0.16435801982879639     
  0.29999999999999999       -156.71225207348664        161.99750495813279        1.0000000000000000       0.83409619331359863     
  0.29999999999999999       -248.56709619314384        257.37911506966941        1.0000000000000000       0.67856729030609131     
  0.29999999999999999       -375.02951491251548        388.02331510566739        1.0000000000000000      -0.35594809055328369     
  0.29999999999999999       -14.244713824643604        14.891030351944035        1.0000000000000000       0.51823341846466064     
  0.29999999999999999       -303.40565582527978        314.19327598057254        1.0000000000000000       0.78632926940917969     
  0.29999999999999999       -143.46365915418528        148.16837367705074        1.0000000000000000       0.94321465492248535     
  0.29999999999999999       -307.28984041916988        317.78839502062942        1.0000000000000000       0.71498382091522217     
  0.29999999999999999       -105.63278270280880        109.21484677923711        1.0000000000000000       0.98592209815979004     
  0.29999999999999999       -176.37815301783860        182.45487678729882        1.0000000000000000       0.99954569339752197     
  0.29999999999999999       -453.01747305356173        469.24965745452351        1.0000000000000000       0.75918221473693848     
  0.29999999999999999       -290.46363166065919        300.93215058134166        1.0000000000000000      -0.43850266933441162     
  0.29999999999999999       -383.20702568351339        396.77510672974239        1.0000000000000000      -0.58213043212890625     
  0.29999999999999999       -72.135826544288790        74.792697137613459        1.0000000000000000       0.33744597434997559     
  0.29999999999999999       -301.64192038393071        312.40110253147259        1.0000000000000000       0.22868812084197998     
  0.29999999999999999       -394.06697789518307        407.93730857805554        1.0000000000000000      -0.30747556686401367     
  0.29999999999999999       -293.46478912506672        303.43999042430994        1.0000000000000000       0.41744256019592285     
  0.29999999999999999       -334.71973439877127        346.83240162221654        1.0000000000000000      -0.94917643070220947     
  0.29999999999999999       -419.92610623742945        434.75435455795059        1.0000000000000000       0.43742024898529053     
  0.29999999999999999       -156.57052119152573        161.90225193671057        1.0000000000000000      -0.41967976093292236     
  0.29999999999999999       -123.68591674635655        127.70376825603834        1.0000000000000000      -0.43390297889709473     
  0.29999999999999999       -306.50210493733437        317.20351230811610        1.0000000000000000       0.55224096775054932     
  0.29999999999999999       -343.84585145156728        355.68897682904577        1.0000000000000000      -0.58502864837646484     
  0.29999999999999999       -41.352864396891626        42.601766822769527        1.0000000000000000      -0.84664046764373779     
  0.29999999999999999       -370.37347872188315        383.30770839678274        1.0000000000000000      -0.54229378700256348     
  0.29999999999999999       -451.59806175523289        467.42199517538597        1.0000000000000000      -0.51487147808074951     
  0.29999999999999999       -378.08411899348670        391.33723948543258        1.0000000000000000      -0.46121478080749512     
  0.29999999999999999       -134.30384088425927        139.29044463708030        1.0000000000000000       0.37304937839508057     
  0.29999999999999999       -82.348717617932493        85.129702026360718        1.0000000000000000      -0.14994001388549805     
  0.29999999999999999       -157.08631838302617        162.71852192730123        1.0000000000000000      -0.77523016929626465     
  0.29999999999999999       -400.45748330693743        414.50974149806785        1.0000000000000000      -0.76060879230499268     
  0.29999999999999999       -53.936135135885216        55.726095928079161        1.0000000000000000      -0.87188863754272461     
  0.29999999999999999       -264.39675909039045        273.56947806569269        1.0000000000000000       0.13524842262268066     
  0.29999999999999999       -54.123238824591390        56.088312349310122        1.0000000000000000       0.27485454082489014     
  0.29999999999999999       -140.63291883014557        145.83609850776756        1.0000000000000000      -0.92896521091461182     
  0.29999999999999999       -389.60892351340937        403.47722759163850        1.0000000000000000      -0.96752691268920898     
  0.29999999999999999       -395.85288980794758        409.86297329917704        1.0000000000000000       0.50988340377807617     
  0.29999999999999999       -406.54977604161587        420.80670533933528        1.0000000000000000       0.42816603183746338     
  0.29999999999999999       -311.86674437791714        322.56018650405053        1.0000000000000000      -0.36624860763549805     
  0.29999999999999999       -3.8863525889303037        3.8855679427782590        1.0000000000000000       -1.5733957290649414E-002
  0.29999999999999999       -88.756459561999094        92.200329978362646        1.0000000000000000      -0.38734388351440430     
  0.29999999999999999       -445.30206724905105        460.60844355444476        1.0000000000000000      -0.85830211639404297     
  0.29999999999999999       -61.633845251825434        63.697543761066214        1.0000000000000000      -0.42103660106658936     
  0.29999999999999999       -40.242766941716262        41.894922108755239        1.0000000000000000      -0.48092305660247803     
  0.29999999999999999       -265.37134531589999        274.86875879229046        1.0000000000000000       0.60433220863342285     
  0.29999999999999999       -332.42635159462378        344.01548592534471        1.0000000000000000       0.38063740730285645     
  0.29999999999999999       -60.846719931282465        62.832964970366561        1.0000000000000000      -0.99733650684356689     
  0.29999999999999999       -36.321066153818663        37.561587406958296        1.0000000000000000      -0.99419736862182617     
  0.29999999999999999       -205.84174067370651        213.04854010802325        1.0000000000000000       0.98875486850738525     
  0.29999999999999999       -100.91321409358240        104.70311209820825        1.0000000000000000       0.80237627029418945     
  0.29999999999999999       -148.32801406474968        153.61209016413471        1.0000000000000000       0.90423822402954102     
  0.29999999999999999       -29.728619792175248        30.534867440310951        1.0000000000000000      -0.66160285472869873     
  0.29999999999999999       -216.37793646436475        224.20934469948386        1.0000000000000000       0.53331530094146729     
  0.29999999999999999       -251.17084929619892        259.95684212320754        1.0000000000000000       0.37117612361907959     
  0.29999999999999999       -242.14991517404698        250.72265951957922        1.0000000000000000      -0.90964174270629883     
  0.29999999999999999       -130.92736809773191        135.25558507840071        1.0000000000000000      -0.46204578876495361     
  0.29999999999999999       -389.43453055162996        403.31646805425527        1.0000000000000000       0.94615793228149414     
  0.29999999999999999       -318.00411528049904        329.05107353841504        1.0000000000000000       0.44613063335418701     
  0.29999999999999999       -103.05805954277118        106.79131140083312        1.0000000000000000        7.7357053756713867E-002
  0.29999999999999999       -275.51502466733581        284.90418576665979        1.0000000000000000       0.21473574638366699     
  0.29999999999999999       -187.40629903357802        193.62908838026686        1.0000000000000000       0.26016819477081299     
  0.29999999999999999       -254.22578198061450        263.31037745371390        1.0000000000000000       -4.8748970031738281E-002
  0.29999999999999999       -256.72939719033877        265.55385161630505        1.0000000000000000      -0.62806415557861328     
  0.29999999999999999       -440.38552660121167        455.75932195432353        1.0000000000000000       0.84405386447906494     
  0.29999999999999999       -151.42415871853524        156.94668859828565        1.0000000000000000      -0.13718020915985107     
  0.29999999999999999       -218.73747284811182        226.24050195070910        1.0000000000000000       0.68069708347320557     
  0.29999999999999999       -320.40505385607003        331.55377680819117        1.0000000000000000       0.25209629535675049     
  0.29999999999999999       -377.03439579558932        390.12534641877465        1.0000000000000000       0.27416181564331055     
  0.29999999999999999       -407.46718230666750        421.43928917375780        1.0000000000000000       0.38450074195861816     
  0.29999999999999999       -295.13488440421105        305.31855409564014        1.0000000000000000      -0.82838892936706543     
  0.29999999999999999       -245.33498018247317        254.19759856870621        1.0000000000000000      -0.70104014873504639     
  0.29999999999999999       -254.08218830750076        263.00603499618012        1.0000000000000000      -0.48452401161193848     
  0.29999999999999999       -349.91230304627140        362.00577412715302        1.0000000000000000       0.57620131969451904     
  0.29999999999999999       -271.20533163434186        281.00539176197401        1.0000000000000000        9.1942548751831055E-003
  0.29999999999999999       -278.07786039394091        287.80347782785327        1.0000000000000000      -0.58195233345031738     
  0.29999999999999999       -440.76092652015393        456.56098290712066        1.0000000000000000      -0.22735512256622314     
  0.29999999999999999       -270.13950779382691        279.61364106018391        1.0000000000000000        2.2396445274353027E-002
  0.29999999999999999       -73.059070901135357        75.460128130110718        1.0000000000000000       0.72820520401000977     
  0.29999999999999999       -233.49096394661157        241.85962431996279        1.0000000000000000      -0.26481139659881592     
  0.29999999999999999       -15.586842367452652        15.997278826257800        1.0000000000000000       0.89181768894195557     
  0.29999999999999999       -240.34358933760103        248.92063866878485        1.0000000000000000       0.99949491024017334     
  0.29999999999999999       -289.04710574898536        299.08736405517584        1.0000000000000000       -2.8512001037597656E-002
  0.29999999999999999       -318.46096305185870        329.65327345775864        1.0000000000000000      -0.52253091335296631     
  0.29999999999999999       -401.25128502226011        415.01106994372680        1.0000000000000000       0.52121579647064209     
  0.29999999999999999       -208.12596167690626        215.38837184806590        1.0000000000000000      -0.56646835803985596     
  0.29999999999999999       -68.767245535947765        70.939149081330058        1.0000000000000000       0.91118085384368896     
  0.29999999999999999       -180.09019973919308        186.45530719383331        1.0000000000000000      -0.64713811874389648     
  0.29999999999999999       -162.04072885441883        167.78038983700719        1.0000000000000000      -0.31759858131408691     
  0.29999999999999999       -352.94583327250888        365.69392219674234        1.0000000000000000      -0.37399005889892578     
  0.29999999999999999       -376.05363282280246        389.32193523777602        1.0000000000000000       -8.4053516387939453E-002
  0.29999999999999999       -208.52970723556516        216.12789496189401        1.0000000000000000      -0.91772198677062988     
  0.29999999999999999       -132.47183991021816        136.99018825682356        1.0000000000000000      -0.43034958839416504     
  0.29999999999999999       -256.66599649692716        265.51597791442225        1.0000000000000000       0.25029861927032471     
  0.29999999999999999       -433.24314333697686        448.25171014572339        1.0000000000000000      -0.33064961433410645     
  0.29999999999999999       -250.17777733376172        258.98491813487749        1.0000000000000000       0.65743350982666016     
  0.29999999999999999       -257.61234968340273        266.82932817441701        1.0000000000000000      -0.98923087120056152     
  0.29999999999999999       -352.35331068460243        364.63492376996930        1.0000000000000000        9.1967463493347168E-002
  0.29999999999999999       -111.50055792947786        115.05124860579410        1.0000000000000000      -0.47022604942321777     
  0.29999999999999999       -431.85692502806273        446.77849979156656        1.0000000000000000      -0.27606725692749023     
  0.29999999999999999       -416.49299584841634        431.45253824180196        1.0000000000000000        5.6310534477233887E-002
  0.29999999999999999       -304.42188074762447        315.33482320136335        1.0000000000000000       0.78559315204620361     
  0.29999999999999999       -278.10739622589949        287.83419621920956        1.0000000000000000       0.40929877758026123     
  0.29999999999999999       -394.44884053524532        408.26990731049244        1.0000000000000000        6.7521095275878906E-002
  0.29999999999999999       -371.00353965837428        384.21167001286472        1.0000000000000000       0.94995057582855225     
  0.29999999999999999       -184.37571277152784        191.15669275754561        1.0000000000000000       -7.6545476913452148E-003
  0.29999999999999999       -17.110607477365992        17.431914844737769        1.0000000000000000       0.20376968383789062     
  0.29999999999999999       -236.24819315069936        244.62778480838011        1.0000000000000000      -0.24929141998291016     
  0.29999999999999999       -286.92666007908849        296.87127610759148        1.0000000000000000      -0.29012572765350342     
  0.29999999999999999       -424.81460407395713        439.71192863353929        1.0000000000000000       0.18210172653198242     
  0.29999999999999999       -309.11336538809559        320.26592703119604        1.0000000000000000      -0.12883758544921875     
  0.29999999999999999       -59.949669175526452        61.965203923620663        1.0000000000000000       0.98725724220275879     
  0.29999999999999999       -129.76317960316803        134.03185964940778        1.0000000000000000      -0.48438835144042969     
  0.29999999999999999       -277.03750321637995        287.08099953776644        1.0000000000000000       0.13508665561676025     
  0.29999999999999999       -82.899614012308405        86.146005842692688        1.0000000000000000       0.26595127582550049     
  0.29999999999999999       -43.201177368723343        44.382322960228407        1.0000000000000000       0.33155119419097900     
  0.29999999999999999       -186.49917139791128        193.03339245099974        1.0000000000000000       -3.6399245262145996E-002
  0.29999999999999999       -431.74294947067057        446.56483972982130        1.0000000000000000       0.76665794849395752     
  0.29999999999999999       -393.44381433872832        407.02738848965271        1.0000000000000000      -0.97278499603271484     
  0.29999999999999999       -165.89568272222121        171.64313568091995        1.0000000000000000      -0.72767865657806396     
  0.29999999999999999       -33.967145089619223        35.120073119065118        1.0000000000000000      -0.24238240718841553     
  0.29999999999999999       -138.84203303654954        144.01748172013677        1.0000000000000000       0.80457091331481934     
  0.29999999999999999       -424.15904711094350        439.07802184038843        1.0000000000000000       0.75445890426635742     
  0.29999999999999999       -311.97798887798922        322.81362621048538        1.0000000000000000       0.13160526752471924     
  0.29999999999999999       -140.11952591470748        145.03247564855874        1.0000000000000000       0.88315296173095703     
  0.29999999999999999       -318.56732396154536        329.72027095529961        1.0000000000000000      -0.26790380477905273     
  0.29999999999999999       -306.50210493733437        317.20351230811610        1.0000000000000000       -8.0224275588989258E-002
  0.29999999999999999       -234.27676466076238        242.62765194337757        1.0000000000000000      -0.39972937107086182     
  0.29999999999999999       -127.49276339097950        132.04634853738901        1.0000000000000000      -0.61063492298126221     
  0.29999999999999999       -372.94364132016318        386.27621643905269        1.0000000000000000       0.19701719284057617     
  0.29999999999999999       -346.94031625650626        359.46644697046088        1.0000000000000000       0.82194244861602783     
