Problem type:
least_squares
nparams:
24
function_evaluation,seconds,x(0),x(1),x(2),x(3),x(4),x(5),x(6),x(7),x(8),x(9),x(10),x(11),x(12),x(13),x(14),x(15),x(16),x(17),x(18),x(19),x(20),x(21),x(22),x(23),objective_function
     0,  2.4990e+00,  1.7996472201315662e-02,  0.0000000000000000e+00,  0.0000000000000000e+00,  9.3508294500509650e-03,  7.8506992401764772e-02, -3.3378183323633952e-02,  0.0000000000000000e+00,  0.0000000000000000e+00,  0.0000000000000000e+00,  0.0000000000000000e+00,  0.0000000000000000e+00,  0.0000000000000000e+00,  2.4703184711621060e-02,  0.0000000000000000e+00,  0.0000000000000000e+00, -5.1291156415320819e-03, -8.9921090698178122e-02, -2.2235454280968691e-02,  0.0000000000000000e+00,  0.0000000000000000e+00,  0.0000000000000000e+00,  0.0000000000000000e+00,  0.0000000000000000e+00,  0.0000000000000000e+00,  2.6201119267835669e-02
     1,  2.3015e+01,  2.2404201817676273e-02,  3.5289803158331499e-04,  8.7142002133417024e-04,  1.0553273042641049e-02,  7.9200688153422835e-02, -3.4594986208364382e-02, -1.1956697470468013e-03,  2.3938605559831481e-04,  1.6269977479575412e-03,  4.2820078282328165e-03,  1.2213283716837317e-02,  6.0512485464662112e-04,  2.2794691791053763e-02,  5.3222799978526177e-04, -7.7277990001256569e-04, -1.0031299711495738e-02, -9.4261672281238759e-02, -1.9298239942810325e-02, -1.4657590665835113e-03, -1.9785994076460613e-04, -2.2492925567950792e-03, -1.2934366564842984e-02,  7.3405325193278562e-03,  7.1669362347285322e-05,  4.8659150771599546e-02
     2,  2.4485e+01,  1.8829480580569467e-02,  3.7501464342720725e-04,  5.7179805481747368e-04,  9.4000831774953362e-03,  7.8778557920505185e-02, -3.3209727511770704e-02, -1.7426397609670117e-03, -2.5921695926088491e-04, -3.5210871585154439e-04,  5.0408326915781637e-04,  3.8177452334830471e-03,  1.2840515436165539e-03,  2.4762002967967257e-02,  3.0173883917097036e-04, -4.8615184140449966e-04, -6.3929516034320101e-03, -8.9933079066071744e-02, -2.1824092747013590e-02, -1.4738836836871657e-03,  6.6961691322851881e-05, -3.3982523141390885e-04, -1.0297353166504246e-03,  1.1962589341843102e-03,  1.4689081431384205e-03,  1.0709065050665607e-02
     3,  3.9593e+01,  2.0868481187149863e-02,  1.8997985649398316e-04,  1.0665538513721872e-03,  9.7112446126898216e-03,  7.9607075477256303e-02, -3.2497570810593984e-02, -2.6894282726334564e-03,  3.0214989098462731e-04,  1.5641577230541707e-04,  2.6180590653866018e-03,  1.1181968397492558e-02,  1.7412827178375041e-03,  2.2702982723641560e-02,  4.8057486144912525e-04, -7.3090507642181181e-04, -7.9133830306161827e-03, -9.1220067725159379e-02, -1.9573671567350862e-02, -1.9533113908150818e-03, -2.9683649201799148e-04, -1.4633289644433798e-03, -5.9019104329134219e-03,  5.0951893353079220e-03,  1.3748743150560616e-03,  5.4895967677615976e-03
     4,  5.4859e+01,  2.0932984720045726e-02,  5.4795405254187040e-04,  7.8544010875459332e-04,  9.2320314280437514e-03,  7.8020838401355500e-02, -3.2218625317484602e-02, -2.7077597077517766e-03,  2.2459949017439613e-04,  1.8835948469559385e-03,  5.5390681799729457e-03,  1.2156612371125667e-02,  1.0547134710524248e-03,  1.9020928121655428e-02,  5.2144491823555967e-04, -4.8287595032250506e-04, -7.1958176672612421e-03, -9.4305665088292134e-02, -1.8438416939099186e-02, -1.8936376251737373e-03, -2.9944100659792675e-04, -2.1452258839329127e-03, -1.4617608851860579e-02,  3.4827153977353533e-03,  1.6722171019183676e-03,  2.6944741147215045e-03
     5,  7.1267e+01,  2.3041521493164532e-02,  2.0177302797476566e-05,  4.0441644925123170e-04,  9.7127902476435522e-03,  7.2427143412365669e-02, -3.2766011533782217e-02, -1.9741680463277326e-03,  2.9063625161184219e-04,  2.4678542760730401e-03,  5.3735150060110204e-03,  1.1188052405387462e-02,  1.0186647137671154e-03,  1.6480881933653432e-02,  2.7069098189186867e-04, -3.1697056560446200e-04, -7.4845051917922061e-03, -1.0016374773458123e-01, -1.8639320454078616e-02, -1.8602331961736244e-03, -3.0905040677582500e-04, -2.2355320268200025e-03, -2.0982359437540357e-02,  3.4547419353147331e-03,  1.6726709884460338e-03,  3.6939244495569996e-04
     6,  8.7896e+01,  2.1799353213389182e-02, -3.2748215260469476e-06,  6.1565604369061527e-04,  1.1813486255788475e-02,  6.6610347097412745e-02, -3.3330258313114272e-02, -1.4959168467051855e-03,  3.8466826703570373e-04,  3.1847633500101621e-03,  7.7023812986048582e-03,  1.1441737551120393e-02,  7.5836194428382858e-04,  1.5695158075739245e-02,  6.3990535638073327e-05, -4.3781010607110791e-04, -9.8254284042975683e-03, -1.0663985125653472e-01, -1.8495784840889960e-02, -1.5886653877056468e-03, -3.3569864302557652e-04, -3.4027648763382190e-03, -1.8396801157209781e-02,  4.5218431203026257e-03,  1.3918655282655172e-03,  4.7476205632584893e-04
     7,  8.9516e+01,  2.3057775084063314e-02,  5.8906326310389775e-05,  5.3274163147427683e-04,  1.0265771922632255e-02,  7.1331362779992066e-02, -3.3212041912240968e-02, -1.8589902866034775e-03,  3.1867895008581875e-04,  2.7950474226475347e-03,  6.3388889268953070e-03,  1.1111126393881945e-02,  9.2369752665395093e-04,  1.6669400937527237e-02,  2.6085144172491011e-04, -3.5996985796157101e-04, -8.3155009713196289e-03, -1.0160532145087327e-01, -1.8600362448609353e-02, -1.7713281522234495e-03, -3.0951997204829826e-04, -2.6655084030694719e-03, -2.0364800422456648e-02,  3.9925552395217688e-03,  1.4937992428553657e-03,  1.7680173943106651e-04
     8,  1.0357e+02,  2.2653526640888939e-02,  6.1342219858067824e-05,  6.0819257308412466e-04,  1.1497893860943962e-02,  6.8582600542941810e-02, -3.3845971195934618e-02, -1.4427946155032047e-03,  3.9555877135641815e-04,  3.1848439511159865e-03,  7.1442057070797574e-03,  1.1149998512965248e-02,  7.6362228574411006e-04,  1.6335433193696503e-02,  1.5753636960324341e-04, -4.2582259383142697e-04, -9.9023510874056003e-03, -1.0481256211716042e-01, -1.8180063008815830e-02, -1.6454033857842229e-03, -3.4256517369860587e-04, -3.3359156831321434e-03, -1.9409726609057137e-02,  4.9015192107050923e-03,  1.3707976389156348e-03,  1.7780839589545938e-04
     9,  1.0516e+02,  2.3157206013289831e-02,  6.8771717267004820e-05,  5.5075244256939384e-04,  1.0560296642908671e-02,  7.0804707840418396e-02, -3.3496618659702680e-02, -1.7160599816475833e-03,  3.4683463787624696e-04,  2.9285539053145555e-03,  6.5111821677008245e-03,  1.1033837518436571e-02,  8.9303828887549413e-04,  1.6706161842293361e-02,  2.4549411203712645e-04, -3.7769691088016124e-04, -8.8393652782604235e-03, -1.0236090287079433e-01, -1.8488890696625782e-02, -1.7508620163344478e-03, -3.1811829781921541e-04, -2.8484115663041133e-03, -2.0297485230884461e-02,  4.4308177091831090e-03,  1.4444767811846871e-03,  1.7457559569868770e-04
    10,  1.2361e+02,  2.3086856315090214e-02,  6.9575875392522790e-05,  5.7499719153667579e-04,  1.0904874907318948e-02,  7.0130314009736350e-02, -3.3717817124813879e-02, -1.5834361358795911e-03,  3.6886169566562965e-04,  3.0375314255837397e-03,  6.7373203209824444e-03,  1.1015313469136740e-02,  8.3132652016677452e-04,  1.6631949820037819e-02,  2.2265291420921766e-04, -4.0084967225459476e-04, -9.2983568336800337e-03, -1.0309337476958366e-01, -1.8292242768723606e-02, -1.7115764908795716e-03, -3.2899670920602455e-04, -3.0411170811646257e-03, -2.0132707306040876e-02,  4.6550229562160005e-03,  1.4019683596900490e-03,  1.7249545732286040e-04
    11,  1.3535e+02,  2.2735724929697294e-02,  5.7014662936195380e-05,  6.2650423149129353e-04,  1.1552423509504079e-02,  6.8723611908231064e-02, -3.3999544347478740e-02, -1.3718536356880011e-03,  4.0570437005094996e-04,  3.2029897686408374e-03,  7.1815951168604023e-03,  1.1111312088442812e-02,  7.1615715619400308e-04,  1.6348277791098733e-02,  1.6361201639127142e-04, -4.4653639997777977e-04, -1.0093095765486407e-02, -1.0456579547124914e-01, -1.7956314421002650e-02, -1.6341616799947698e-03, -3.5209105133440283e-04, -3.3529900852253291e-03, -1.9467512873734518e-02,  4.8772149045786762e-03,  1.3415545900932349e-03,  1.7136036794910045e-04
    12,  1.5384e+02,  2.2738682382999732e-02,  1.0995113654385313e-05,  6.4735710445276945e-04,  1.1658033836277316e-02,  6.8389698934154752e-02, -3.4061515305688891e-02, -1.3084917210593558e-03,  4.0989361875525085e-04,  3.2177778405942871e-03,  7.3210047182756819e-03,  1.1145820088198238e-02,  6.9018188457123733e-04,  1.6176374123716065e-02,  1.3730229106105683e-04, -4.6335914434872681e-04, -1.0308987282416625e-02, -1.0498118515615121e-01, -1.7940701627878440e-02, -1.6123434393338905e-03, -3.5519117472855523e-04, -3.3269480257283640e-03, -1.9360870996629254e-02,  4.8999456965716087e-03,  1.3277706348186595e-03,  1.6772761851847819e-04
    13,  1.6597e+02,  2.2697719511115787e-02,  1.9345366527790654e-05,  6.3609872977675604e-04,  1.1637257841678706e-02,  6.8435027765915299e-02, -3.4043292043922022e-02, -1.3158717071606104e-03,  4.1031563756643039e-04,  3.2312338073795244e-03,  7.2791584976672789e-03,  1.1162762189813647e-02,  6.8722681062167675e-04,  1.6170830113616898e-02,  1.3978741721052743e-04, -4.5795123619604564e-04, -1.0259976461851936e-02, -1.0488240476929783e-01, -1.7908294829277666e-02, -1.6179776322620331e-03, -3.5357776961273866e-04, -3.3379076746876965e-03, -1.9372370416501861e-02,  4.8258197832488550e-03,  1.3282257141698575e-03,  1.7036616078054957e-04
    14,  1.6747e+02,  2.2724924151880158e-02,  1.1927376945629964e-05,  6.4218767362322102e-04,  1.1654131529443031e-02,  6.8385577038220707e-02, -3.4058712614701829e-02, -1.3060985912805179e-03,  4.1128156931846856e-04,  3.2290961561144173e-03,  7.3135146968347896e-03,  1.1152585679562921e-02,  6.8838268325462483e-04,  1.6166279638577748e-02,  1.3681787359420231e-04, -4.6173058472660626e-04, -1.0304057883067905e-02, -1.0497069376051585e-01, -1.7927498824375037e-02, -1.6141403045629406e-03, -3.5391342999642700e-04, -3.3313940870079431e-03, -1.9365320163868872e-02,  4.8741956325099251e-03,  1.3248929106629962e-03,  1.7030556705674188e-04
    15,  1.7059e+02,  2.2736957122735268e-02,  1.0555760650052283e-05,  6.4481887388152727e-04,  1.1655671342055677e-02,  6.8389402990085044e-02, -3.4061259610424909e-02, -1.3062147971226407e-03,  4.1089763878392736e-04,  3.2224154750397907e-03,  7.3201620508808168e-03,  1.1147115041433408e-02,  6.9003372852374746e-04,  1.6174386342193526e-02,  1.3674171655382974e-04, -4.6278425219958852e-04, -1.0309551644833995e-02, -1.0498008559370836e-01, -1.7938084225218212e-02, -1.6129017374643135e-03, -3.5397821299131688e-04, -3.3268738055362416e-03, -1.9362110120461774e-02,  4.8943557533592105e-03,  1.3248227426780859e-03,  1.7051865147582219e-04
    16,  1.7425e+02,  2.2738596008930540e-02,  1.0800043722037924e-05,  6.4649068280724705e-04,  1.1657826835758891e-02,  6.8390400657406439e-02, -3.4061500420888992e-02, -1.3078762226700733e-03,  4.1042618506030240e-04,  3.2186610920186256e-03,  7.3211180654553839e-03,  1.1146070396975407e-02,  6.9027348370697794e-04,  1.6176189375516476e-02,  1.3695308751496426e-04, -4.6315162563121559e-04, -1.0309150987887348e-02, -1.0498152184500291e-01, -1.7940307376435791e-02, -1.6122235720921632e-03, -3.5450571213676413e-04, -3.3269573516070297e-03, -1.9360953609212261e-02,  4.8988861165228286e-03,  1.3265920967111182e-03,  1.7051894163727129e-04
    17,  1.7590e+02,  2.2738673687857522e-02,  1.0992424429292351e-05,  6.4720627697138137e-04,  1.1658161715939024e-02,  6.8389987807644922e-02, -3.4061341698204975e-02, -1.3084788864347291e-03,  4.1004731714564826e-04,  3.2179032257095485e-03,  7.3210451488909612e-03,  1.1145857209007327e-02,  6.9017033524995165e-04,  1.6176363331863685e-02,  1.3727440197064573e-04, -4.6332987321737987e-04, -1.0309128885986025e-02, -1.0498133635614008e-01, -1.7940652040649912e-02, -1.6121873512763281e-03, -3.5492483492970139e-04, -3.3269505013943938e-03, -1.9360915867197216e-02,  4.8997554354852455e-03,  1.3276251633145759e-03,  1.6772145957383986e-04
    18,  1.9233e+02,  2.2738655513854282e-02,  1.0886704215946271e-05,  6.4678597883280288e-04,  1.1658033672006234e-02,  6.8390388463498708e-02, -3.4061434327818808e-02, -1.3081562762270182e-03,  4.1032542118549052e-04,  3.2182586523365549e-03,  7.3211295590092564e-03,  1.1145971939820891e-02,  6.9026549978801666e-04,  1.6176277176302697e-02,  1.3706536826882452e-04, -4.6322023683595214e-04, -1.0309147938935583e-02, -1.0498156523420009e-01, -1.7940439566750507e-02, -1.6121834695533954e-03, -3.5463100935017900e-04, -3.3269856744296764e-03, -1.9360924645396457e-02,  4.8992457464723995e-03,  1.3270171334425133e-03,  1.6771861058904921e-04
    19,  2.0631e+02,  2.2738447599173723e-02,  1.0647896610288247e-05,  6.4597756135876562e-04,  1.1657422959608204e-02,  6.8390417798247130e-02, -3.4061585985891998e-02, -1.3073631189410980e-03,  4.1061744895646212e-04,  3.2194150530477405e-03,  7.3210838447257294e-03,  1.1146248880711135e-02,  6.9026712503541859e-04,  1.6176008476991591e-02,  1.3677402676905257e-04, -4.6303436514880537e-04, -1.0309192908170483e-02, -1.0498143943622570e-01, -1.7940009956327288e-02, -1.6122860388076154e-03, -3.5427457702069242e-04, -3.3268831735533454e-03, -1.9361044218255453e-02,  4.8981782838617609e-03,  1.3258429241253063e-03,  1.7051683446567262e-04
