Problem type:
least_squares
nparams:
24
function_evaluation,seconds,x(0),x(1),x(2),x(3),x(4),x(5),x(6),x(7),x(8),x(9),x(10),x(11),x(12),x(13),x(14),x(15),x(16),x(17),x(18),x(19),x(20),x(21),x(22),x(23)
     0,  2.4413e+02,  1.0177098577593813e-01,  0.0000000000000000e+00,  0.0000000000000000e+00,  4.1064512636497909e-03,  1.7201349350786074e-01, -9.1779687935459195e-02,  0.0000000000000000e+00,  0.0000000000000000e+00,  0.0000000000000000e+00,  0.0000000000000000e+00,  0.0000000000000000e+00,  0.0000000000000000e+00, -1.2188831262957864e-01,  0.0000000000000000e+00,  0.0000000000000000e+00, -2.3444752113936608e-03,  2.1700245849038646e-01,  9.6905873960064184e-02,  0.0000000000000000e+00,  0.0000000000000000e+00,  0.0000000000000000e+00,  0.0000000000000000e+00,  0.0000000000000000e+00,  0.0000000000000000e+00
     1,  2.4413e+02,  1.0278869563369751e-01,  0.0000000000000000e+00,  0.0000000000000000e+00,  4.1064512636497909e-03,  1.7201349350786074e-01, -9.1779687935459195e-02,  0.0000000000000000e+00,  0.0000000000000000e+00,  0.0000000000000000e+00,  0.0000000000000000e+00,  0.0000000000000000e+00,  0.0000000000000000e+00, -1.2188831262957864e-01,  0.0000000000000000e+00,  0.0000000000000000e+00, -2.3444752113936608e-03,  2.1700245849038646e-01,  9.6905873960064184e-02,  0.0000000000000000e+00,  0.0000000000000000e+00,  0.0000000000000000e+00,  0.0000000000000000e+00,  0.0000000000000000e+00,  0.0000000000000000e+00
     2,  2.4413e+02,  1.0177098577593813e-01,  1.0000000000000000e-04,  0.0000000000000000e+00,  4.1064512636497909e-03,  1.7201349350786074e-01, -9.1779687935459195e-02,  0.0000000000000000e+00,  0.0000000000000000e+00,  0.0000000000000000e+00,  0.0000000000000000e+00,  0.0000000000000000e+00,  0.0000000000000000e+00, -1.2188831262957864e-01,  0.0000000000000000e+00,  0.0000000000000000e+00, -2.3444752113936608e-03,  2.1700245849038646e-01,  9.6905873960064184e-02,  0.0000000000000000e+00,  0.0000000000000000e+00,  0.0000000000000000e+00,  0.0000000000000000e+00,  0.0000000000000000e+00,  0.0000000000000000e+00
     3,  2.4413e+02,  1.0177098577593813e-01,  0.0000000000000000e+00,  1.0000000000000000e-04,  4.1064512636497909e-03,  1.7201349350786074e-01, -9.1779687935459195e-02,  0.0000000000000000e+00,  0.0000000000000000e+00,  0.0000000000000000e+00,  0.0000000000000000e+00,  0.0000000000000000e+00,  0.0000000000000000e+00, -1.2188831262957864e-01,  0.0000000000000000e+00,  0.0000000000000000e+00, -2.3444752113936608e-03,  2.1700245849038646e-01,  9.6905873960064184e-02,  0.0000000000000000e+00,  0.0000000000000000e+00,  0.0000000000000000e+00,  0.0000000000000000e+00,  0.0000000000000000e+00,  0.0000000000000000e+00
     4,  2.4413e+02,  1.0177098577593813e-01,  0.0000000000000000e+00,  0.0000000000000000e+00,  4.2064512636497912e-03,  1.7201349350786074e-01, -9.1779687935459195e-02,  0.0000000000000000e+00,  0.0000000000000000e+00,  0.0000000000000000e+00,  0.0000000000000000e+00,  0.0000000000000000e+00,  0.0000000000000000e+00, -1.2188831262957864e-01,  0.0000000000000000e+00,  0.0000000000000000e+00, -2.3444752113936608e-03,  2.1700245849038646e-01,  9.6905873960064184e-02,  0.0000000000000000e+00,  0.0000000000000000e+00,  0.0000000000000000e+00,  0.0000000000000000e+00,  0.0000000000000000e+00,  0.0000000000000000e+00
     5,  2.4413e+02,  1.0177098577593813e-01,  0.0000000000000000e+00,  0.0000000000000000e+00,  4.1064512636497909e-03,  1.7373362844293935e-01, -9.1779687935459195e-02,  0.0000000000000000e+00,  0.0000000000000000e+00,  0.0000000000000000e+00,  0.0000000000000000e+00,  0.0000000000000000e+00,  0.0000000000000000e+00, -1.2188831262957864e-01,  0.0000000000000000e+00,  0.0000000000000000e+00, -2.3444752113936608e-03,  2.1700245849038646e-01,  9.6905873960064184e-02,  0.0000000000000000e+00,  0.0000000000000000e+00,  0.0000000000000000e+00,  0.0000000000000000e+00,  0.0000000000000000e+00,  0.0000000000000000e+00
     6,  2.4413e+02,  1.0177098577593813e-01,  0.0000000000000000e+00,  0.0000000000000000e+00,  4.1064512636497909e-03,  1.7201349350786074e-01, -9.0861891056104607e-02,  0.0000000000000000e+00,  0.0000000000000000e+00,  0.0000000000000000e+00,  0.0000000000000000e+00,  0.0000000000000000e+00,  0.0000000000000000e+00, -1.2188831262957864e-01,  0.0000000000000000e+00,  0.0000000000000000e+00, -2.3444752113936608e-03,  2.1700245849038646e-01,  9.6905873960064184e-02,  0.0000000000000000e+00,  0.0000000000000000e+00,  0.0000000000000000e+00,  0.0000000000000000e+00,  0.0000000000000000e+00,  0.0000000000000000e+00
     7,  2.4413e+02,  1.0177098577593813e-01,  0.0000000000000000e+00,  0.0000000000000000e+00,  4.1064512636497909e-03,  1.7201349350786074e-01, -9.1779687935459195e-02,  1.0000000000000000e-04,  0.0000000000000000e+00,  0.0000000000000000e+00,  0.0000000000000000e+00,  0.0000000000000000e+00,  0.0000000000000000e+00, -1.2188831262957864e-01,  0.0000000000000000e+00,  0.0000000000000000e+00, -2.3444752113936608e-03,  2.1700245849038646e-01,  9.6905873960064184e-02,  0.0000000000000000e+00,  0.0000000000000000e+00,  0.0000000000000000e+00,  0.0000000000000000e+00,  0.0000000000000000e+00,  0.0000000000000000e+00
     8,  2.4413e+02,  1.0177098577593813e-01,  0.0000000000000000e+00,  0.0000000000000000e+00,  4.1064512636497909e-03,  1.7201349350786074e-01, -9.1779687935459195e-02,  0.0000000000000000e+00,  1.0000000000000000e-04,  0.0000000000000000e+00,  0.0000000000000000e+00,  0.0000000000000000e+00,  0.0000000000000000e+00, -1.2188831262957864e-01,  0.0000000000000000e+00,  0.0000000000000000e+00, -2.3444752113936608e-03,  2.1700245849038646e-01,  9.6905873960064184e-02,  0.0000000000000000e+00,  0.0000000000000000e+00,  0.0000000000000000e+00,  0.0000000000000000e+00,  0.0000000000000000e+00,  0.0000000000000000e+00
     9,  2.4413e+02,  1.0177098577593813e-01,  0.0000000000000000e+00,  0.0000000000000000e+00,  4.1064512636497909e-03,  1.7201349350786074e-01, -9.1779687935459195e-02,  0.0000000000000000e+00,  0.0000000000000000e+00,  1.0000000000000000e-04,  0.0000000000000000e+00,  0.0000000000000000e+00,  0.0000000000000000e+00, -1.2188831262957864e-01,  0.0000000000000000e+00,  0.0000000000000000e+00, -2.3444752113936608e-03,  2.1700245849038646e-01,  9.6905873960064184e-02,  0.0000000000000000e+00,  0.0000000000000000e+00,  0.0000000000000000e+00,  0.0000000000000000e+00,  0.0000000000000000e+00,  0.0000000000000000e+00
    10,  2.4413e+02,  1.0177098577593813e-01,  0.0000000000000000e+00,  0.0000000000000000e+00,  4.1064512636497909e-03,  1.7201349350786074e-01, -9.1779687935459195e-02,  0.0000000000000000e+00,  0.0000000000000000e+00,  0.0000000000000000e+00,  1.0000000000000000e-04,  0.0000000000000000e+00,  0.0000000000000000e+00, -1.2188831262957864e-01,  0.0000000000000000e+00,  0.0000000000000000e+00, -2.3444752113936608e-03,  2.1700245849038646e-01,  9.6905873960064184e-02,  0.0000000000000000e+00,  0.0000000000000000e+00,  0.0000000000000000e+00,  0.0000000000000000e+00,  0.0000000000000000e+00,  0.0000000000000000e+00
    11,  2.4413e+02,  1.0177098577593813e-01,  0.0000000000000000e+00,  0.0000000000000000e+00,  4.1064512636497909e-03,  1.7201349350786074e-01, -9.1779687935459195e-02,  0.0000000000000000e+00,  0.0000000000000000e+00,  0.0000000000000000e+00,  0.0000000000000000e+00,  1.0000000000000000e-04,  0.0000000000000000e+00, -1.2188831262957864e-01,  0.0000000000000000e+00,  0.0000000000000000e+00, -2.3444752113936608e-03,  2.1700245849038646e-01,  9.6905873960064184e-02,  0.0000000000000000e+00,  0.0000000000000000e+00,  0.0000000000000000e+00,  0.0000000000000000e+00,  0.0000000000000000e+00,  0.0000000000000000e+00
    12,  2.4413e+02,  1.0177098577593813e-01,  0.0000000000000000e+00,  0.0000000000000000e+00,  4.1064512636497909e-03,  1.7201349350786074e-01, -9.1779687935459195e-02,  0.0000000000000000e+00,  0.0000000000000000e+00,  0.0000000000000000e+00,  0.0000000000000000e+00,  0.0000000000000000e+00,  1.0000000000000000e-04, -1.2188831262957864e-01,  0.0000000000000000e+00,  0.0000000000000000e+00, -2.3444752113936608e-03,  2.1700245849038646e-01,  9.6905873960064184e-02,  0.0000000000000000e+00,  0.0000000000000000e+00,  0.0000000000000000e+00,  0.0000000000000000e+00,  0.0000000000000000e+00,  0.0000000000000000e+00
    13,  2.4413e+02,  1.0177098577593813e-01,  0.0000000000000000e+00,  0.0000000000000000e+00,  4.1064512636497909e-03,  1.7201349350786074e-01, -9.1779687935459195e-02,  0.0000000000000000e+00,  0.0000000000000000e+00,  0.0000000000000000e+00,  0.0000000000000000e+00,  0.0000000000000000e+00,  0.0000000000000000e+00, -1.2066942950328285e-01,  0.0000000000000000e+00,  0.0000000000000000e+00, -2.3444752113936608e-03,  2.1700245849038646e-01,  9.6905873960064184e-02,  0.0000000000000000e+00,  0.0000000000000000e+00,  0.0000000000000000e+00,  0.0000000000000000e+00,  0.0000000000000000e+00,  0.0000000000000000e+00
    14,  2.4413e+02,  1.0177098577593813e-01,  0.0000000000000000e+00,  0.0000000000000000e+00,  4.1064512636497909e-03,  1.7201349350786074e-01, -9.1779687935459195e-02,  0.0000000000000000e+00,  0.0000000000000000e+00,  0.0000000000000000e+00,  0.0000000000000000e+00,  0.0000000000000000e+00,  0.0000000000000000e+00, -1.2188831262957864e-01,  1.0000000000000000e-04,  0.0000000000000000e+00, -2.3444752113936608e-03,  2.1700245849038646e-01,  9.6905873960064184e-02,  0.0000000000000000e+00,  0.0000000000000000e+00,  0.0000000000000000e+00,  0.0000000000000000e+00,  0.0000000000000000e+00,  0.0000000000000000e+00
    15,  2.4413e+02,  1.0177098577593813e-01,  0.0000000000000000e+00,  0.0000000000000000e+00,  4.1064512636497909e-03,  1.7201349350786074e-01, -9.1779687935459195e-02,  0.0000000000000000e+00,  0.0000000000000000e+00,  0.0000000000000000e+00,  0.0000000000000000e+00,  0.0000000000000000e+00,  0.0000000000000000e+00, -1.2188831262957864e-01,  0.0000000000000000e+00,  1.0000000000000000e-04, -2.3444752113936608e-03,  2.1700245849038646e-01,  9.6905873960064184e-02,  0.0000000000000000e+00,  0.0000000000000000e+00,  0.0000000000000000e+00,  0.0000000000000000e+00,  0.0000000000000000e+00,  0.0000000000000000e+00
    16,  2.4413e+02,  1.0177098577593813e-01,  0.0000000000000000e+00,  0.0000000000000000e+00,  4.1064512636497909e-03,  1.7201349350786074e-01, -9.1779687935459195e-02,  0.0000000000000000e+00,  0.0000000000000000e+00,  0.0000000000000000e+00,  0.0000000000000000e+00,  0.0000000000000000e+00,  0.0000000000000000e+00, -1.2188831262957864e-01,  0.0000000000000000e+00,  0.0000000000000000e+00, -2.2444752113936609e-03,  2.1700245849038646e-01,  9.6905873960064184e-02,  0.0000000000000000e+00,  0.0000000000000000e+00,  0.0000000000000000e+00,  0.0000000000000000e+00,  0.0000000000000000e+00,  0.0000000000000000e+00
    17,  2.4413e+02,  1.0177098577593813e-01,  0.0000000000000000e+00,  0.0000000000000000e+00,  4.1064512636497909e-03,  1.7201349350786074e-01, -9.1779687935459195e-02,  0.0000000000000000e+00,  0.0000000000000000e+00,  0.0000000000000000e+00,  0.0000000000000000e+00,  0.0000000000000000e+00,  0.0000000000000000e+00, -1.2188831262957864e-01,  0.0000000000000000e+00,  0.0000000000000000e+00, -2.3444752113936608e-03,  2.1917248307529033e-01,  9.6905873960064184e-02,  0.0000000000000000e+00,  0.0000000000000000e+00,  0.0000000000000000e+00,  0.0000000000000000e+00,  0.0000000000000000e+00,  0.0000000000000000e+00
    18,  2.4413e+02,  1.0177098577593813e-01,  0.0000000000000000e+00,  0.0000000000000000e+00,  4.1064512636497909e-03,  1.7201349350786074e-01, -9.1779687935459195e-02,  0.0000000000000000e+00,  0.0000000000000000e+00,  0.0000000000000000e+00,  0.0000000000000000e+00,  0.0000000000000000e+00,  0.0000000000000000e+00, -1.2188831262957864e-01,  0.0000000000000000e+00,  0.0000000000000000e+00, -2.3444752113936608e-03,  2.1700245849038646e-01,  9.7874932699664824e-02,  0.0000000000000000e+00,  0.0000000000000000e+00,  0.0000000000000000e+00,  0.0000000000000000e+00,  0.0000000000000000e+00,  0.0000000000000000e+00
    19,  2.4413e+02,  1.0177098577593813e-01,  0.0000000000000000e+00,  0.0000000000000000e+00,  4.1064512636497909e-03,  1.7201349350786074e-01, -9.1779687935459195e-02,  0.0000000000000000e+00,  0.0000000000000000e+00,  0.0000000000000000e+00,  0.0000000000000000e+00,  0.0000000000000000e+00,  0.0000000000000000e+00, -1.2188831262957864e-01,  0.0000000000000000e+00,  0.0000000000000000e+00, -2.3444752113936608e-03,  2.1700245849038646e-01,  9.6905873960064184e-02,  1.0000000000000000e-04,  0.0000000000000000e+00,  0.0000000000000000e+00,  0.0000000000000000e+00,  0.0000000000000000e+00,  0.0000000000000000e+00
    20,  2.4413e+02,  1.0177098577593813e-01,  0.0000000000000000e+00,  0.0000000000000000e+00,  4.1064512636497909e-03,  1.7201349350786074e-01, -9.1779687935459195e-02,  0.0000000000000000e+00,  0.0000000000000000e+00,  0.0000000000000000e+00,  0.0000000000000000e+00,  0.0000000000000000e+00,  0.0000000000000000e+00, -1.2188831262957864e-01,  0.0000000000000000e+00,  0.0000000000000000e+00, -2.3444752113936608e-03,  2.1700245849038646e-01,  9.6905873960064184e-02,  0.0000000000000000e+00,  1.0000000000000000e-04,  0.0000000000000000e+00,  0.0000000000000000e+00,  0.0000000000000000e+00,  0.0000000000000000e+00
    21,  2.4413e+02,  1.0177098577593813e-01,  0.0000000000000000e+00,  0.0000000000000000e+00,  4.1064512636497909e-03,  1.7201349350786074e-01, -9.1779687935459195e-02,  0.0000000000000000e+00,  0.0000000000000000e+00,  0.0000000000000000e+00,  0.0000000000000000e+00,  0.0000000000000000e+00,  0.0000000000000000e+00, -1.2188831262957864e-01,  0.0000000000000000e+00,  0.0000000000000000e+00, -2.3444752113936608e-03,  2.1700245849038646e-01,  9.6905873960064184e-02,  0.0000000000000000e+00,  0.0000000000000000e+00,  1.0000000000000000e-04,  0.0000000000000000e+00,  0.0000000000000000e+00,  0.0000000000000000e+00
    22,  2.4413e+02,  1.0177098577593813e-01,  0.0000000000000000e+00,  0.0000000000000000e+00,  4.1064512636497909e-03,  1.7201349350786074e-01, -9.1779687935459195e-02,  0.0000000000000000e+00,  0.0000000000000000e+00,  0.0000000000000000e+00,  0.0000000000000000e+00,  0.0000000000000000e+00,  0.0000000000000000e+00, -1.2188831262957864e-01,  0.0000000000000000e+00,  0.0000000000000000e+00, -2.3444752113936608e-03,  2.1700245849038646e-01,  9.6905873960064184e-02,  0.0000000000000000e+00,  0.0000000000000000e+00,  0.0000000000000000e+00,  1.0000000000000000e-04,  0.0000000000000000e+00,  0.0000000000000000e+00
    23,  2.4413e+02,  1.0177098577593813e-01,  0.0000000000000000e+00,  0.0000000000000000e+00,  4.1064512636497909e-03,  1.7201349350786074e-01, -9.1779687935459195e-02,  0.0000000000000000e+00,  0.0000000000000000e+00,  0.0000000000000000e+00,  0.0000000000000000e+00,  0.0000000000000000e+00,  0.0000000000000000e+00, -1.2188831262957864e-01,  0.0000000000000000e+00,  0.0000000000000000e+00, -2.3444752113936608e-03,  2.1700245849038646e-01,  9.6905873960064184e-02,  0.0000000000000000e+00,  0.0000000000000000e+00,  0.0000000000000000e+00,  0.0000000000000000e+00,  1.0000000000000000e-04,  0.0000000000000000e+00
    24,  2.4413e+02,  1.0177098577593813e-01,  0.0000000000000000e+00,  0.0000000000000000e+00,  4.1064512636497909e-03,  1.7201349350786074e-01, -9.1779687935459195e-02,  0.0000000000000000e+00,  0.0000000000000000e+00,  0.0000000000000000e+00,  0.0000000000000000e+00,  0.0000000000000000e+00,  0.0000000000000000e+00, -1.2188831262957864e-01,  0.0000000000000000e+00,  0.0000000000000000e+00, -2.3444752113936608e-03,  2.1700245849038646e-01,  9.6905873960064184e-02,  0.0000000000000000e+00,  0.0000000000000000e+00,  0.0000000000000000e+00,  0.0000000000000000e+00,  0.0000000000000000e+00,  1.0000000000000000e-04
    25,  4.4749e+02,  1.8629682313266316e-01,  8.1596310892503871e-03,  4.3582110636850423e-03,  1.8283614975577362e-02,  1.8888104213807652e-01, -1.0224911114026940e-01, -1.5468524466039494e-02, -9.1303498756189279e-04,  5.8631913588475144e-04, -1.0662385581019798e-02,  2.2684616859912632e-02,  8.9214967020558120e-03, -1.4101749188812607e-01, -6.9617254927517858e-03,  4.6742868328805394e-03,  1.4876916625271436e-02,  1.9036890412916907e-01,  8.0098296043444067e-02,  6.4007470572237969e-03, -5.8699211436659404e-04, -1.7155482202525201e-03,  1.9633849460565754e-03, -3.4558505826230781e-02, -3.1366898488175724e-03
    26,  4.4749e+02,  1.8815979136398980e-01,  8.1596310892503871e-03,  4.3582110636850423e-03,  1.8283614975577362e-02,  1.8888104213807652e-01, -1.0224911114026940e-01, -1.5468524466039494e-02, -9.1303498756189279e-04,  5.8631913588475144e-04, -1.0662385581019798e-02,  2.2684616859912632e-02,  8.9214967020558120e-03, -1.4101749188812607e-01, -6.9617254927517858e-03,  4.6742868328805394e-03,  1.4876916625271436e-02,  1.9036890412916907e-01,  8.0098296043444067e-02,  6.4007470572237969e-03, -5.8699211436659404e-04, -1.7155482202525201e-03,  1.9633849460565754e-03, -3.4558505826230781e-02, -3.1366898488175724e-03
    27,  4.4749e+02,  1.8629682313266316e-01,  8.2596310892503865e-03,  4.3582110636850423e-03,  1.8283614975577362e-02,  1.8888104213807652e-01, -1.0224911114026940e-01, -1.5468524466039494e-02, -9.1303498756189279e-04,  5.8631913588475144e-04, -1.0662385581019798e-02,  2.2684616859912632e-02,  8.9214967020558120e-03, -1.4101749188812607e-01, -6.9617254927517858e-03,  4.6742868328805394e-03,  1.4876916625271436e-02,  1.9036890412916907e-01,  8.0098296043444067e-02,  6.4007470572237969e-03, -5.8699211436659404e-04, -1.7155482202525201e-03,  1.9633849460565754e-03, -3.4558505826230781e-02, -3.1366898488175724e-03
    28,  4.4749e+02,  1.8629682313266316e-01,  8.1596310892503871e-03,  4.4582110636850426e-03,  1.8283614975577362e-02,  1.8888104213807652e-01, -1.0224911114026940e-01, -1.5468524466039494e-02, -9.1303498756189279e-04,  5.8631913588475144e-04, -1.0662385581019798e-02,  2.2684616859912632e-02,  8.9214967020558120e-03, -1.4101749188812607e-01, -6.9617254927517858e-03,  4.6742868328805394e-03,  1.4876916625271436e-02,  1.9036890412916907e-01,  8.0098296043444067e-02,  6.4007470572237969e-03, -5.8699211436659404e-04, -1.7155482202525201e-03,  1.9633849460565754e-03, -3.4558505826230781e-02, -3.1366898488175724e-03
    29,  4.4749e+02,  1.8629682313266316e-01,  8.1596310892503871e-03,  4.3582110636850423e-03,  1.8466451125333135e-02,  1.8888104213807652e-01, -1.0224911114026940e-01, -1.5468524466039494e-02, -9.1303498756189279e-04,  5.8631913588475144e-04, -1.0662385581019798e-02,  2.2684616859912632e-02,  8.9214967020558120e-03, -1.4101749188812607e-01, -6.9617254927517858e-03,  4.6742868328805394e-03,  1.4876916625271436e-02,  1.9036890412916907e-01,  8.0098296043444067e-02,  6.4007470572237969e-03, -5.8699211436659404e-04, -1.7155482202525201e-03,  1.9633849460565754e-03, -3.4558505826230781e-02, -3.1366898488175724e-03
    30,  4.4749e+02,  1.8629682313266316e-01,  8.1596310892503871e-03,  4.3582110636850423e-03,  1.8283614975577362e-02,  1.9076985255945728e-01, -1.0224911114026940e-01, -1.5468524466039494e-02, -9.1303498756189279e-04,  5.8631913588475144e-04, -1.0662385581019798e-02,  2.2684616859912632e-02,  8.9214967020558120e-03, -1.4101749188812607e-01, -6.9617254927517858e-03,  4.6742868328805394e-03,  1.4876916625271436e-02,  1.9036890412916907e-01,  8.0098296043444067e-02,  6.4007470572237969e-03, -5.8699211436659404e-04, -1.7155482202525201e-03,  1.9633849460565754e-03, -3.4558505826230781e-02, -3.1366898488175724e-03
    31,  4.4749e+02,  1.8629682313266316e-01,  8.1596310892503871e-03,  4.3582110636850423e-03,  1.8283614975577362e-02,  1.8888104213807652e-01, -1.0122662002886670e-01, -1.5468524466039494e-02, -9.1303498756189279e-04,  5.8631913588475144e-04, -1.0662385581019798e-02,  2.2684616859912632e-02,  8.9214967020558120e-03, -1.4101749188812607e-01, -6.9617254927517858e-03,  4.6742868328805394e-03,  1.4876916625271436e-02,  1.9036890412916907e-01,  8.0098296043444067e-02,  6.4007470572237969e-03, -5.8699211436659404e-04, -1.7155482202525201e-03,  1.9633849460565754e-03, -3.4558505826230781e-02, -3.1366898488175724e-03
    32,  4.4749e+02,  1.8629682313266316e-01,  8.1596310892503871e-03,  4.3582110636850423e-03,  1.8283614975577362e-02,  1.8888104213807652e-01, -1.0224911114026940e-01, -1.5313839221379100e-02, -9.1303498756189279e-04,  5.8631913588475144e-04, -1.0662385581019798e-02,  2.2684616859912632e-02,  8.9214967020558120e-03, -1.4101749188812607e-01, -6.9617254927517858e-03,  4.6742868328805394e-03,  1.4876916625271436e-02,  1.9036890412916907e-01,  8.0098296043444067e-02,  6.4007470572237969e-03, -5.8699211436659404e-04, -1.7155482202525201e-03,  1.9633849460565754e-03, -3.4558505826230781e-02, -3.1366898488175724e-03
    33,  4.4749e+02,  1.8629682313266316e-01,  8.1596310892503871e-03,  4.3582110636850423e-03,  1.8283614975577362e-02,  1.8888104213807652e-01, -1.0224911114026940e-01, -1.5468524466039494e-02, -8.1303498756189274e-04,  5.8631913588475144e-04, -1.0662385581019798e-02,  2.2684616859912632e-02,  8.9214967020558120e-03, -1.4101749188812607e-01, -6.9617254927517858e-03,  4.6742868328805394e-03,  1.4876916625271436e-02,  1.9036890412916907e-01,  8.0098296043444067e-02,  6.4007470572237969e-03, -5.8699211436659404e-04, -1.7155482202525201e-03,  1.9633849460565754e-03, -3.4558505826230781e-02, -3.1366898488175724e-03
    34,  4.4749e+02,  1.8629682313266316e-01,  8.1596310892503871e-03,  4.3582110636850423e-03,  1.8283614975577362e-02,  1.8888104213807652e-01, -1.0224911114026940e-01, -1.5468524466039494e-02, -9.1303498756189279e-04,  6.8631913588475149e-04, -1.0662385581019798e-02,  2.2684616859912632e-02,  8.9214967020558120e-03, -1.4101749188812607e-01, -6.9617254927517858e-03,  4.6742868328805394e-03,  1.4876916625271436e-02,  1.9036890412916907e-01,  8.0098296043444067e-02,  6.4007470572237969e-03, -5.8699211436659404e-04, -1.7155482202525201e-03,  1.9633849460565754e-03, -3.4558505826230781e-02, -3.1366898488175724e-03
    35,  4.4749e+02,  1.8629682313266316e-01,  8.1596310892503871e-03,  4.3582110636850423e-03,  1.8283614975577362e-02,  1.8888104213807652e-01, -1.0224911114026940e-01, -1.5468524466039494e-02, -9.1303498756189279e-04,  5.8631913588475144e-04, -1.0555761725209601e-02,  2.2684616859912632e-02,  8.9214967020558120e-03, -1.4101749188812607e-01, -6.9617254927517858e-03,  4.6742868328805394e-03,  1.4876916625271436e-02,  1.9036890412916907e-01,  8.0098296043444067e-02,  6.4007470572237969e-03, -5.8699211436659404e-04, -1.7155482202525201e-03,  1.9633849460565754e-03, -3.4558505826230781e-02, -3.1366898488175724e-03
    36,  4.4749e+02,  1.8629682313266316e-01,  8.1596310892503871e-03,  4.3582110636850423e-03,  1.8283614975577362e-02,  1.8888104213807652e-01, -1.0224911114026940e-01, -1.5468524466039494e-02, -9.1303498756189279e-04,  5.8631913588475144e-04, -1.0662385581019798e-02,  2.2911463028511759e-02,  8.9214967020558120e-03, -1.4101749188812607e-01, -6.9617254927517858e-03,  4.6742868328805394e-03,  1.4876916625271436e-02,  1.9036890412916907e-01,  8.0098296043444067e-02,  6.4007470572237969e-03, -5.8699211436659404e-04, -1.7155482202525201e-03,  1.9633849460565754e-03, -3.4558505826230781e-02, -3.1366898488175724e-03
    37,  4.4749e+02,  1.8629682313266316e-01,  8.1596310892503871e-03,  4.3582110636850423e-03,  1.8283614975577362e-02,  1.8888104213807652e-01, -1.0224911114026940e-01, -1.5468524466039494e-02, -9.1303498756189279e-04,  5.8631913588475144e-04, -1.0662385581019798e-02,  2.2684616859912632e-02,  9.0214967020558114e-03, -1.4101749188812607e-01, -6.9617254927517858e-03,  4.6742868328805394e-03,  1.4876916625271436e-02,  1.9036890412916907e-01,  8.0098296043444067e-02,  6.4007470572237969e-03, -5.8699211436659404e-04, -1.7155482202525201e-03,  1.9633849460565754e-03, -3.4558505826230781e-02, -3.1366898488175724e-03
    38,  4.4749e+02,  1.8629682313266316e-01,  8.1596310892503871e-03,  4.3582110636850423e-03,  1.8283614975577362e-02,  1.8888104213807652e-01, -1.0224911114026940e-01, -1.5468524466039494e-02, -9.1303498756189279e-04,  5.8631913588475144e-04, -1.0662385581019798e-02,  2.2684616859912632e-02,  8.9214967020558120e-03, -1.3960731696924480e-01, -6.9617254927517858e-03,  4.6742868328805394e-03,  1.4876916625271436e-02,  1.9036890412916907e-01,  8.0098296043444067e-02,  6.4007470572237969e-03, -5.8699211436659404e-04, -1.7155482202525201e-03,  1.9633849460565754e-03, -3.4558505826230781e-02, -3.1366898488175724e-03
    39,  4.4749e+02,  1.8629682313266316e-01,  8.1596310892503871e-03,  4.3582110636850423e-03,  1.8283614975577362e-02,  1.8888104213807652e-01, -1.0224911114026940e-01, -1.5468524466039494e-02, -9.1303498756189279e-04,  5.8631913588475144e-04, -1.0662385581019798e-02,  2.2684616859912632e-02,  8.9214967020558120e-03, -1.4101749188812607e-01, -6.8617254927517855e-03,  4.6742868328805394e-03,  1.4876916625271436e-02,  1.9036890412916907e-01,  8.0098296043444067e-02,  6.4007470572237969e-03, -5.8699211436659404e-04, -1.7155482202525201e-03,  1.9633849460565754e-03, -3.4558505826230781e-02, -3.1366898488175724e-03
    40,  4.4749e+02,  1.8629682313266316e-01,  8.1596310892503871e-03,  4.3582110636850423e-03,  1.8283614975577362e-02,  1.8888104213807652e-01, -1.0224911114026940e-01, -1.5468524466039494e-02, -9.1303498756189279e-04,  5.8631913588475144e-04, -1.0662385581019798e-02,  2.2684616859912632e-02,  8.9214967020558120e-03, -1.4101749188812607e-01, -6.9617254927517858e-03,  4.7742868328805397e-03,  1.4876916625271436e-02,  1.9036890412916907e-01,  8.0098296043444067e-02,  6.4007470572237969e-03, -5.8699211436659404e-04, -1.7155482202525201e-03,  1.9633849460565754e-03, -3.4558505826230781e-02, -3.1366898488175724e-03
    41,  4.4749e+02,  1.8629682313266316e-01,  8.1596310892503871e-03,  4.3582110636850423e-03,  1.8283614975577362e-02,  1.8888104213807652e-01, -1.0224911114026940e-01, -1.5468524466039494e-02, -9.1303498756189279e-04,  5.8631913588475144e-04, -1.0662385581019798e-02,  2.2684616859912632e-02,  8.9214967020558120e-03, -1.4101749188812607e-01, -6.9617254927517858e-03,  4.6742868328805394e-03,  1.5025685791524150e-02,  1.9036890412916907e-01,  8.0098296043444067e-02,  6.4007470572237969e-03, -5.8699211436659404e-04, -1.7155482202525201e-03,  1.9633849460565754e-03, -3.4558505826230781e-02, -3.1366898488175724e-03
    42,  4.4749e+02,  1.8629682313266316e-01,  8.1596310892503871e-03,  4.3582110636850423e-03,  1.8283614975577362e-02,  1.8888104213807652e-01, -1.0224911114026940e-01, -1.5468524466039494e-02, -9.1303498756189279e-04,  5.8631913588475144e-04, -1.0662385581019798e-02,  2.2684616859912632e-02,  8.9214967020558120e-03, -1.4101749188812607e-01, -6.9617254927517858e-03,  4.6742868328805394e-03,  1.4876916625271436e-02,  1.9227259317046075e-01,  8.0098296043444067e-02,  6.4007470572237969e-03, -5.8699211436659404e-04, -1.7155482202525201e-03,  1.9633849460565754e-03, -3.4558505826230781e-02, -3.1366898488175724e-03
    43,  4.4749e+02,  1.8629682313266316e-01,  8.1596310892503871e-03,  4.3582110636850423e-03,  1.8283614975577362e-02,  1.8888104213807652e-01, -1.0224911114026940e-01, -1.5468524466039494e-02, -9.1303498756189279e-04,  5.8631913588475144e-04, -1.0662385581019798e-02,  2.2684616859912632e-02,  8.9214967020558120e-03, -1.4101749188812607e-01, -6.9617254927517858e-03,  4.6742868328805394e-03,  1.4876916625271436e-02,  1.9036890412916907e-01,  8.0899279003878513e-02,  6.4007470572237969e-03, -5.8699211436659404e-04, -1.7155482202525201e-03,  1.9633849460565754e-03, -3.4558505826230781e-02, -3.1366898488175724e-03
    44,  4.4749e+02,  1.8629682313266316e-01,  8.1596310892503871e-03,  4.3582110636850423e-03,  1.8283614975577362e-02,  1.8888104213807652e-01, -1.0224911114026940e-01, -1.5468524466039494e-02, -9.1303498756189279e-04,  5.8631913588475144e-04, -1.0662385581019798e-02,  2.2684616859912632e-02,  8.9214967020558120e-03, -1.4101749188812607e-01, -6.9617254927517858e-03,  4.6742868328805394e-03,  1.4876916625271436e-02,  1.9036890412916907e-01,  8.0098296043444067e-02,  6.5007470572237972e-03, -5.8699211436659404e-04, -1.7155482202525201e-03,  1.9633849460565754e-03, -3.4558505826230781e-02, -3.1366898488175724e-03
    45,  4.4749e+02,  1.8629682313266316e-01,  8.1596310892503871e-03,  4.3582110636850423e-03,  1.8283614975577362e-02,  1.8888104213807652e-01, -1.0224911114026940e-01, -1.5468524466039494e-02, -9.1303498756189279e-04,  5.8631913588475144e-04, -1.0662385581019798e-02,  2.2684616859912632e-02,  8.9214967020558120e-03, -1.4101749188812607e-01, -6.9617254927517858e-03,  4.6742868328805394e-03,  1.4876916625271436e-02,  1.9036890412916907e-01,  8.0098296043444067e-02,  6.4007470572237969e-03, -4.8699211436659405e-04, -1.7155482202525201e-03,  1.9633849460565754e-03, -3.4558505826230781e-02, -3.1366898488175724e-03
    46,  4.4749e+02,  1.8629682313266316e-01,  8.1596310892503871e-03,  4.3582110636850423e-03,  1.8283614975577362e-02,  1.8888104213807652e-01, -1.0224911114026940e-01, -1.5468524466039494e-02, -9.1303498756189279e-04,  5.8631913588475144e-04, -1.0662385581019798e-02,  2.2684616859912632e-02,  8.9214967020558120e-03, -1.4101749188812607e-01, -6.9617254927517858e-03,  4.6742868328805394e-03,  1.4876916625271436e-02,  1.9036890412916907e-01,  8.0098296043444067e-02,  6.4007470572237969e-03, -5.8699211436659404e-04, -1.6155482202525201e-03,  1.9633849460565754e-03, -3.4558505826230781e-02, -3.1366898488175724e-03
    47,  4.4749e+02,  1.8629682313266316e-01,  8.1596310892503871e-03,  4.3582110636850423e-03,  1.8283614975577362e-02,  1.8888104213807652e-01, -1.0224911114026940e-01, -1.5468524466039494e-02, -9.1303498756189279e-04,  5.8631913588475144e-04, -1.0662385581019798e-02,  2.2684616859912632e-02,  8.9214967020558120e-03, -1.4101749188812607e-01, -6.9617254927517858e-03,  4.6742868328805394e-03,  1.4876916625271436e-02,  1.9036890412916907e-01,  8.0098296043444067e-02,  6.4007470572237969e-03, -5.8699211436659404e-04, -1.7155482202525201e-03,  2.0633849460565752e-03, -3.4558505826230781e-02, -3.1366898488175724e-03
    48,  4.4749e+02,  1.8629682313266316e-01,  8.1596310892503871e-03,  4.3582110636850423e-03,  1.8283614975577362e-02,  1.8888104213807652e-01, -1.0224911114026940e-01, -1.5468524466039494e-02, -9.1303498756189279e-04,  5.8631913588475144e-04, -1.0662385581019798e-02,  2.2684616859912632e-02,  8.9214967020558120e-03, -1.4101749188812607e-01, -6.9617254927517858e-03,  4.6742868328805394e-03,  1.4876916625271436e-02,  1.9036890412916907e-01,  8.0098296043444067e-02,  6.4007470572237969e-03, -5.8699211436659404e-04, -1.7155482202525201e-03,  1.9633849460565754e-03, -3.4212920767968474e-02, -3.1366898488175724e-03
    49,  4.4749e+02,  1.8629682313266316e-01,  8.1596310892503871e-03,  4.3582110636850423e-03,  1.8283614975577362e-02,  1.8888104213807652e-01, -1.0224911114026940e-01, -1.5468524466039494e-02, -9.1303498756189279e-04,  5.8631913588475144e-04, -1.0662385581019798e-02,  2.2684616859912632e-02,  8.9214967020558120e-03, -1.4101749188812607e-01, -6.9617254927517858e-03,  4.6742868328805394e-03,  1.4876916625271436e-02,  1.9036890412916907e-01,  8.0098296043444067e-02,  6.4007470572237969e-03, -5.8699211436659404e-04, -1.7155482202525201e-03,  1.9633849460565754e-03, -3.4558505826230781e-02, -3.0366898488175726e-03
    50,  6.3792e+02,  1.4882576495449909e-01,  1.2733284797018631e-02,  3.0382703471428900e-03,  1.1927973856082312e-02,  2.4188291582950663e-01, -1.1493197382533947e-01, -1.4521064266576572e-02, -3.0469465988153879e-03, -1.4622085493208609e-03, -8.6510340897565027e-03,  2.1477828491581516e-02,  6.6013332211084970e-03, -1.8626807588184324e-01, -9.9943967950788058e-03,  1.8569000964388498e-03,  7.2021014844683368e-03,  1.3758323578922482e-01,  5.4357985306749762e-02,  7.2712218447974278e-03, -1.5385462181731944e-03, -1.2520549358053944e-03,  4.6870257182905582e-03, -1.8429610518799794e-02, -1.6951711292400237e-03
    51,  6.3792e+02,  1.5031402260404408e-01,  1.2733284797018631e-02,  3.0382703471428900e-03,  1.1927973856082312e-02,  2.4188291582950663e-01, -1.1493197382533947e-01, -1.4521064266576572e-02, -3.0469465988153879e-03, -1.4622085493208609e-03, -8.6510340897565027e-03,  2.1477828491581516e-02,  6.6013332211084970e-03, -1.8626807588184324e-01, -9.9943967950788058e-03,  1.8569000964388498e-03,  7.2021014844683368e-03,  1.3758323578922482e-01,  5.4357985306749762e-02,  7.2712218447974278e-03, -1.5385462181731944e-03, -1.2520549358053944e-03,  4.6870257182905582e-03, -1.8429610518799794e-02, -1.6951711292400237e-03
    52,  6.3792e+02,  1.4882576495449909e-01,  1.2860617644988817e-02,  3.0382703471428900e-03,  1.1927973856082312e-02,  2.4188291582950663e-01, -1.1493197382533947e-01, -1.4521064266576572e-02, -3.0469465988153879e-03, -1.4622085493208609e-03, -8.6510340897565027e-03,  2.1477828491581516e-02,  6.6013332211084970e-03, -1.8626807588184324e-01, -9.9943967950788058e-03,  1.8569000964388498e-03,  7.2021014844683368e-03,  1.3758323578922482e-01,  5.4357985306749762e-02,  7.2712218447974278e-03, -1.5385462181731944e-03, -1.2520549358053944e-03,  4.6870257182905582e-03, -1.8429610518799794e-02, -1.6951711292400237e-03
    53,  6.3792e+02,  1.4882576495449909e-01,  1.2733284797018631e-02,  3.1382703471428898e-03,  1.1927973856082312e-02,  2.4188291582950663e-01, -1.1493197382533947e-01, -1.4521064266576572e-02, -3.0469465988153879e-03, -1.4622085493208609e-03, -8.6510340897565027e-03,  2.1477828491581516e-02,  6.6013332211084970e-03, -1.8626807588184324e-01, -9.9943967950788058e-03,  1.8569000964388498e-03,  7.2021014844683368e-03,  1.3758323578922482e-01,  5.4357985306749762e-02,  7.2712218447974278e-03, -1.5385462181731944e-03, -1.2520549358053944e-03,  4.6870257182905582e-03, -1.8429610518799794e-02, -1.6951711292400237e-03
    54,  6.3792e+02,  1.4882576495449909e-01,  1.2733284797018631e-02,  3.0382703471428900e-03,  1.2047253594643136e-02,  2.4188291582950663e-01, -1.1493197382533947e-01, -1.4521064266576572e-02, -3.0469465988153879e-03, -1.4622085493208609e-03, -8.6510340897565027e-03,  2.1477828491581516e-02,  6.6013332211084970e-03, -1.8626807588184324e-01, -9.9943967950788058e-03,  1.8569000964388498e-03,  7.2021014844683368e-03,  1.3758323578922482e-01,  5.4357985306749762e-02,  7.2712218447974278e-03, -1.5385462181731944e-03, -1.2520549358053944e-03,  4.6870257182905582e-03, -1.8429610518799794e-02, -1.6951711292400237e-03
    55,  6.3792e+02,  1.4882576495449909e-01,  1.2733284797018631e-02,  3.0382703471428900e-03,  1.1927973856082312e-02,  2.4430174498780169e-01, -1.1493197382533947e-01, -1.4521064266576572e-02, -3.0469465988153879e-03, -1.4622085493208609e-03, -8.6510340897565027e-03,  2.1477828491581516e-02,  6.6013332211084970e-03, -1.8626807588184324e-01, -9.9943967950788058e-03,  1.8569000964388498e-03,  7.2021014844683368e-03,  1.3758323578922482e-01,  5.4357985306749762e-02,  7.2712218447974278e-03, -1.5385462181731944e-03, -1.2520549358053944e-03,  4.6870257182905582e-03, -1.8429610518799794e-02, -1.6951711292400237e-03
    56,  6.3792e+02,  1.4882576495449909e-01,  1.2733284797018631e-02,  3.0382703471428900e-03,  1.1927973856082312e-02,  2.4188291582950663e-01, -1.1378265408708607e-01, -1.4521064266576572e-02, -3.0469465988153879e-03, -1.4622085493208609e-03, -8.6510340897565027e-03,  2.1477828491581516e-02,  6.6013332211084970e-03, -1.8626807588184324e-01, -9.9943967950788058e-03,  1.8569000964388498e-03,  7.2021014844683368e-03,  1.3758323578922482e-01,  5.4357985306749762e-02,  7.2712218447974278e-03, -1.5385462181731944e-03, -1.2520549358053944e-03,  4.6870257182905582e-03, -1.8429610518799794e-02, -1.6951711292400237e-03
    57,  6.3792e+02,  1.4882576495449909e-01,  1.2733284797018631e-02,  3.0382703471428900e-03,  1.1927973856082312e-02,  2.4188291582950663e-01, -1.1493197382533947e-01, -1.4375853623910806e-02, -3.0469465988153879e-03, -1.4622085493208609e-03, -8.6510340897565027e-03,  2.1477828491581516e-02,  6.6013332211084970e-03, -1.8626807588184324e-01, -9.9943967950788058e-03,  1.8569000964388498e-03,  7.2021014844683368e-03,  1.3758323578922482e-01,  5.4357985306749762e-02,  7.2712218447974278e-03, -1.5385462181731944e-03, -1.2520549358053944e-03,  4.6870257182905582e-03, -1.8429610518799794e-02, -1.6951711292400237e-03
    58,  6.3792e+02,  1.4882576495449909e-01,  1.2733284797018631e-02,  3.0382703471428900e-03,  1.1927973856082312e-02,  2.4188291582950663e-01, -1.1493197382533947e-01, -1.4521064266576572e-02, -2.9469465988153881e-03, -1.4622085493208609e-03, -8.6510340897565027e-03,  2.1477828491581516e-02,  6.6013332211084970e-03, -1.8626807588184324e-01, -9.9943967950788058e-03,  1.8569000964388498e-03,  7.2021014844683368e-03,  1.3758323578922482e-01,  5.4357985306749762e-02,  7.2712218447974278e-03, -1.5385462181731944e-03, -1.2520549358053944e-03,  4.6870257182905582e-03, -1.8429610518799794e-02, -1.6951711292400237e-03
    59,  6.3792e+02,  1.4882576495449909e-01,  1.2733284797018631e-02,  3.0382703471428900e-03,  1.1927973856082312e-02,  2.4188291582950663e-01, -1.1493197382533947e-01, -1.4521064266576572e-02, -3.0469465988153879e-03, -1.3622085493208609e-03, -8.6510340897565027e-03,  2.1477828491581516e-02,  6.6013332211084970e-03, -1.8626807588184324e-01, -9.9943967950788058e-03,  1.8569000964388498e-03,  7.2021014844683368e-03,  1.3758323578922482e-01,  5.4357985306749762e-02,  7.2712218447974278e-03, -1.5385462181731944e-03, -1.2520549358053944e-03,  4.6870257182905582e-03, -1.8429610518799794e-02, -1.6951711292400237e-03
    60,  6.3792e+02,  1.4882576495449909e-01,  1.2733284797018631e-02,  3.0382703471428900e-03,  1.1927973856082312e-02,  2.4188291582950663e-01, -1.1493197382533947e-01, -1.4521064266576572e-02, -3.0469465988153879e-03, -1.4622085493208609e-03, -8.5510340897565033e-03,  2.1477828491581516e-02,  6.6013332211084970e-03, -1.8626807588184324e-01, -9.9943967950788058e-03,  1.8569000964388498e-03,  7.2021014844683368e-03,  1.3758323578922482e-01,  5.4357985306749762e-02,  7.2712218447974278e-03, -1.5385462181731944e-03, -1.2520549358053944e-03,  4.6870257182905582e-03, -1.8429610518799794e-02, -1.6951711292400237e-03
    61,  6.3792e+02,  1.4882576495449909e-01,  1.2733284797018631e-02,  3.0382703471428900e-03,  1.1927973856082312e-02,  2.4188291582950663e-01, -1.1493197382533947e-01, -1.4521064266576572e-02, -3.0469465988153879e-03, -1.4622085493208609e-03, -8.6510340897565027e-03,  2.1692606776497331e-02,  6.6013332211084970e-03, -1.8626807588184324e-01, -9.9943967950788058e-03,  1.8569000964388498e-03,  7.2021014844683368e-03,  1.3758323578922482e-01,  5.4357985306749762e-02,  7.2712218447974278e-03, -1.5385462181731944e-03, -1.2520549358053944e-03,  4.6870257182905582e-03, -1.8429610518799794e-02, -1.6951711292400237e-03
    62,  6.3792e+02,  1.4882576495449909e-01,  1.2733284797018631e-02,  3.0382703471428900e-03,  1.1927973856082312e-02,  2.4188291582950663e-01, -1.1493197382533947e-01, -1.4521064266576572e-02, -3.0469465988153879e-03, -1.4622085493208609e-03, -8.6510340897565027e-03,  2.1477828491581516e-02,  6.7013332211084973e-03, -1.8626807588184324e-01, -9.9943967950788058e-03,  1.8569000964388498e-03,  7.2021014844683368e-03,  1.3758323578922482e-01,  5.4357985306749762e-02,  7.2712218447974278e-03, -1.5385462181731944e-03, -1.2520549358053944e-03,  4.6870257182905582e-03, -1.8429610518799794e-02, -1.6951711292400237e-03
    63,  6.3792e+02,  1.4882576495449909e-01,  1.2733284797018631e-02,  3.0382703471428900e-03,  1.1927973856082312e-02,  2.4188291582950663e-01, -1.1493197382533947e-01, -1.4521064266576572e-02, -3.0469465988153879e-03, -1.4622085493208609e-03, -8.6510340897565027e-03,  2.1477828491581516e-02,  6.6013332211084970e-03, -1.8440539512302481e-01, -9.9943967950788058e-03,  1.8569000964388498e-03,  7.2021014844683368e-03,  1.3758323578922482e-01,  5.4357985306749762e-02,  7.2712218447974278e-03, -1.5385462181731944e-03, -1.2520549358053944e-03,  4.6870257182905582e-03, -1.8429610518799794e-02, -1.6951711292400237e-03
    64,  6.3792e+02,  1.4882576495449909e-01,  1.2733284797018631e-02,  3.0382703471428900e-03,  1.1927973856082312e-02,  2.4188291582950663e-01, -1.1493197382533947e-01, -1.4521064266576572e-02, -3.0469465988153879e-03, -1.4622085493208609e-03, -8.6510340897565027e-03,  2.1477828491581516e-02,  6.6013332211084970e-03, -1.8626807588184324e-01, -9.8943967950788064e-03,  1.8569000964388498e-03,  7.2021014844683368e-03,  1.3758323578922482e-01,  5.4357985306749762e-02,  7.2712218447974278e-03, -1.5385462181731944e-03, -1.2520549358053944e-03,  4.6870257182905582e-03, -1.8429610518799794e-02, -1.6951711292400237e-03
    65,  6.3792e+02,  1.4882576495449909e-01,  1.2733284797018631e-02,  3.0382703471428900e-03,  1.1927973856082312e-02,  2.4188291582950663e-01, -1.1493197382533947e-01, -1.4521064266576572e-02, -3.0469465988153879e-03, -1.4622085493208609e-03, -8.6510340897565027e-03,  2.1477828491581516e-02,  6.6013332211084970e-03, -1.8626807588184324e-01, -9.9943967950788058e-03,  1.9569000964388497e-03,  7.2021014844683368e-03,  1.3758323578922482e-01,  5.4357985306749762e-02,  7.2712218447974278e-03, -1.5385462181731944e-03, -1.2520549358053944e-03,  4.6870257182905582e-03, -1.8429610518799794e-02, -1.6951711292400237e-03
    66,  6.3792e+02,  1.4882576495449909e-01,  1.2733284797018631e-02,  3.0382703471428900e-03,  1.1927973856082312e-02,  2.4188291582950663e-01, -1.1493197382533947e-01, -1.4521064266576572e-02, -3.0469465988153879e-03, -1.4622085493208609e-03, -8.6510340897565027e-03,  2.1477828491581516e-02,  6.6013332211084970e-03, -1.8626807588184324e-01, -9.9943967950788058e-03,  1.8569000964388498e-03,  7.3021014844683371e-03,  1.3758323578922482e-01,  5.4357985306749762e-02,  7.2712218447974278e-03, -1.5385462181731944e-03, -1.2520549358053944e-03,  4.6870257182905582e-03, -1.8429610518799794e-02, -1.6951711292400237e-03
    67,  6.3792e+02,  1.4882576495449909e-01,  1.2733284797018631e-02,  3.0382703471428900e-03,  1.1927973856082312e-02,  2.4188291582950663e-01, -1.1493197382533947e-01, -1.4521064266576572e-02, -3.0469465988153879e-03, -1.4622085493208609e-03, -8.6510340897565027e-03,  2.1477828491581516e-02,  6.6013332211084970e-03, -1.8626807588184324e-01, -9.9943967950788058e-03,  1.8569000964388498e-03,  7.2021014844683368e-03,  1.3895906814711706e-01,  5.4357985306749762e-02,  7.2712218447974278e-03, -1.5385462181731944e-03, -1.2520549358053944e-03,  4.6870257182905582e-03, -1.8429610518799794e-02, -1.6951711292400237e-03
    68,  6.3792e+02,  1.4882576495449909e-01,  1.2733284797018631e-02,  3.0382703471428900e-03,  1.1927973856082312e-02,  2.4188291582950663e-01, -1.1493197382533947e-01, -1.4521064266576572e-02, -3.0469465988153879e-03, -1.4622085493208609e-03, -8.6510340897565027e-03,  2.1477828491581516e-02,  6.6013332211084970e-03, -1.8626807588184324e-01, -9.9943967950788058e-03,  1.8569000964388498e-03,  7.2021014844683368e-03,  1.3758323578922482e-01,  5.4901565159817263e-02,  7.2712218447974278e-03, -1.5385462181731944e-03, -1.2520549358053944e-03,  4.6870257182905582e-03, -1.8429610518799794e-02, -1.6951711292400237e-03
    69,  6.3792e+02,  1.4882576495449909e-01,  1.2733284797018631e-02,  3.0382703471428900e-03,  1.1927973856082312e-02,  2.4188291582950663e-01, -1.1493197382533947e-01, -1.4521064266576572e-02, -3.0469465988153879e-03, -1.4622085493208609e-03, -8.6510340897565027e-03,  2.1477828491581516e-02,  6.6013332211084970e-03, -1.8626807588184324e-01, -9.9943967950788058e-03,  1.8569000964388498e-03,  7.2021014844683368e-03,  1.3758323578922482e-01,  5.4357985306749762e-02,  7.3712218447974280e-03, -1.5385462181731944e-03, -1.2520549358053944e-03,  4.6870257182905582e-03, -1.8429610518799794e-02, -1.6951711292400237e-03
    70,  6.3792e+02,  1.4882576495449909e-01,  1.2733284797018631e-02,  3.0382703471428900e-03,  1.1927973856082312e-02,  2.4188291582950663e-01, -1.1493197382533947e-01, -1.4521064266576572e-02, -3.0469465988153879e-03, -1.4622085493208609e-03, -8.6510340897565027e-03,  2.1477828491581516e-02,  6.6013332211084970e-03, -1.8626807588184324e-01, -9.9943967950788058e-03,  1.8569000964388498e-03,  7.2021014844683368e-03,  1.3758323578922482e-01,  5.4357985306749762e-02,  7.2712218447974278e-03, -1.4385462181731943e-03, -1.2520549358053944e-03,  4.6870257182905582e-03, -1.8429610518799794e-02, -1.6951711292400237e-03
    71,  6.3792e+02,  1.4882576495449909e-01,  1.2733284797018631e-02,  3.0382703471428900e-03,  1.1927973856082312e-02,  2.4188291582950663e-01, -1.1493197382533947e-01, -1.4521064266576572e-02, -3.0469465988153879e-03, -1.4622085493208609e-03, -8.6510340897565027e-03,  2.1477828491581516e-02,  6.6013332211084970e-03, -1.8626807588184324e-01, -9.9943967950788058e-03,  1.8569000964388498e-03,  7.2021014844683368e-03,  1.3758323578922482e-01,  5.4357985306749762e-02,  7.2712218447974278e-03, -1.5385462181731944e-03, -1.1520549358053943e-03,  4.6870257182905582e-03, -1.8429610518799794e-02, -1.6951711292400237e-03
    72,  6.3792e+02,  1.4882576495449909e-01,  1.2733284797018631e-02,  3.0382703471428900e-03,  1.1927973856082312e-02,  2.4188291582950663e-01, -1.1493197382533947e-01, -1.4521064266576572e-02, -3.0469465988153879e-03, -1.4622085493208609e-03, -8.6510340897565027e-03,  2.1477828491581516e-02,  6.6013332211084970e-03, -1.8626807588184324e-01, -9.9943967950788058e-03,  1.8569000964388498e-03,  7.2021014844683368e-03,  1.3758323578922482e-01,  5.4357985306749762e-02,  7.2712218447974278e-03, -1.5385462181731944e-03, -1.2520549358053944e-03,  4.7870257182905584e-03, -1.8429610518799794e-02, -1.6951711292400237e-03
    73,  6.3792e+02,  1.4882576495449909e-01,  1.2733284797018631e-02,  3.0382703471428900e-03,  1.1927973856082312e-02,  2.4188291582950663e-01, -1.1493197382533947e-01, -1.4521064266576572e-02, -3.0469465988153879e-03, -1.4622085493208609e-03, -8.6510340897565027e-03,  2.1477828491581516e-02,  6.6013332211084970e-03, -1.8626807588184324e-01, -9.9943967950788058e-03,  1.8569000964388498e-03,  7.2021014844683368e-03,  1.3758323578922482e-01,  5.4357985306749762e-02,  7.2712218447974278e-03, -1.5385462181731944e-03, -1.2520549358053944e-03,  4.6870257182905582e-03, -1.8245314413611796e-02, -1.6951711292400237e-03
    74,  6.3792e+02,  1.4882576495449909e-01,  1.2733284797018631e-02,  3.0382703471428900e-03,  1.1927973856082312e-02,  2.4188291582950663e-01, -1.1493197382533947e-01, -1.4521064266576572e-02, -3.0469465988153879e-03, -1.4622085493208609e-03, -8.6510340897565027e-03,  2.1477828491581516e-02,  6.6013332211084970e-03, -1.8626807588184324e-01, -9.9943967950788058e-03,  1.8569000964388498e-03,  7.2021014844683368e-03,  1.3758323578922482e-01,  5.4357985306749762e-02,  7.2712218447974278e-03, -1.5385462181731944e-03, -1.2520549358053944e-03,  4.6870257182905582e-03, -1.8429610518799794e-02, -1.5951711292400237e-03
    75,  9.5590e+02,  1.4890898738307437e-01,  1.2192581156275710e-02,  2.3940775164598095e-03,  1.1523858564699743e-02,  2.4232941691227591e-01, -1.1460729019492670e-01, -1.4393138364171689e-02, -3.2825387688086285e-03, -9.3870446362654628e-04, -9.2249217124841416e-03,  2.1588668463150492e-02,  5.0718313132171264e-03, -1.8639827687049806e-01, -9.5431319804357186e-03, -6.0720267682091338e-04,  4.3096880130820778e-03,  1.3772477464083968e-01,  5.4135945917411755e-02,  7.0472144066149097e-03, -2.2595231797301850e-03, -1.3661990325015366e-03,  5.1302222941726067e-03, -1.8534917329717009e-02, -1.6853173103637696e-03
    76,  9.5590e+02,  1.5039807725690513e-01,  1.2192581156275710e-02,  2.3940775164598095e-03,  1.1523858564699743e-02,  2.4232941691227591e-01, -1.1460729019492670e-01, -1.4393138364171689e-02, -3.2825387688086285e-03, -9.3870446362654628e-04, -9.2249217124841416e-03,  2.1588668463150492e-02,  5.0718313132171264e-03, -1.8639827687049806e-01, -9.5431319804357186e-03, -6.0720267682091338e-04,  4.3096880130820778e-03,  1.3772477464083968e-01,  5.4135945917411755e-02,  7.0472144066149097e-03, -2.2595231797301850e-03, -1.3661990325015366e-03,  5.1302222941726067e-03, -1.8534917329717009e-02, -1.6853173103637696e-03
    77,  9.5590e+02,  1.4890898738307437e-01,  1.2314506967838467e-02,  2.3940775164598095e-03,  1.1523858564699743e-02,  2.4232941691227591e-01, -1.1460729019492670e-01, -1.4393138364171689e-02, -3.2825387688086285e-03, -9.3870446362654628e-04, -9.2249217124841416e-03,  2.1588668463150492e-02,  5.0718313132171264e-03, -1.8639827687049806e-01, -9.5431319804357186e-03, -6.0720267682091338e-04,  4.3096880130820778e-03,  1.3772477464083968e-01,  5.4135945917411755e-02,  7.0472144066149097e-03, -2.2595231797301850e-03, -1.3661990325015366e-03,  5.1302222941726067e-03, -1.8534917329717009e-02, -1.6853173103637696e-03
    78,  9.5590e+02,  1.4890898738307437e-01,  1.2192581156275710e-02,  2.4940775164598093e-03,  1.1523858564699743e-02,  2.4232941691227591e-01, -1.1460729019492670e-01, -1.4393138364171689e-02, -3.2825387688086285e-03, -9.3870446362654628e-04, -9.2249217124841416e-03,  2.1588668463150492e-02,  5.0718313132171264e-03, -1.8639827687049806e-01, -9.5431319804357186e-03, -6.0720267682091338e-04,  4.3096880130820778e-03,  1.3772477464083968e-01,  5.4135945917411755e-02,  7.0472144066149097e-03, -2.2595231797301850e-03, -1.3661990325015366e-03,  5.1302222941726067e-03, -1.8534917329717009e-02, -1.6853173103637696e-03
    79,  9.5590e+02,  1.4890898738307437e-01,  1.2192581156275710e-02,  2.3940775164598095e-03,  1.1639097150346741e-02,  2.4232941691227591e-01, -1.1460729019492670e-01, -1.4393138364171689e-02, -3.2825387688086285e-03, -9.3870446362654628e-04, -9.2249217124841416e-03,  2.1588668463150492e-02,  5.0718313132171264e-03, -1.8639827687049806e-01, -9.5431319804357186e-03, -6.0720267682091338e-04,  4.3096880130820778e-03,  1.3772477464083968e-01,  5.4135945917411755e-02,  7.0472144066149097e-03, -2.2595231797301850e-03, -1.3661990325015366e-03,  5.1302222941726067e-03, -1.8534917329717009e-02, -1.6853173103637696e-03
    80,  9.5590e+02,  1.4890898738307437e-01,  1.2192581156275710e-02,  2.3940775164598095e-03,  1.1523858564699743e-02,  2.4475271108139868e-01, -1.1460729019492670e-01, -1.4393138364171689e-02, -3.2825387688086285e-03, -9.3870446362654628e-04, -9.2249217124841416e-03,  2.1588668463150492e-02,  5.0718313132171264e-03, -1.8639827687049806e-01, -9.5431319804357186e-03, -6.0720267682091338e-04,  4.3096880130820778e-03,  1.3772477464083968e-01,  5.4135945917411755e-02,  7.0472144066149097e-03, -2.2595231797301850e-03, -1.3661990325015366e-03,  5.1302222941726067e-03, -1.8534917329717009e-02, -1.6853173103637696e-03
    81,  9.5590e+02,  1.4890898738307437e-01,  1.2192581156275710e-02,  2.3940775164598095e-03,  1.1523858564699743e-02,  2.4232941691227591e-01, -1.1346121729297744e-01, -1.4393138364171689e-02, -3.2825387688086285e-03, -9.3870446362654628e-04, -9.2249217124841416e-03,  2.1588668463150492e-02,  5.0718313132171264e-03, -1.8639827687049806e-01, -9.5431319804357186e-03, -6.0720267682091338e-04,  4.3096880130820778e-03,  1.3772477464083968e-01,  5.4135945917411755e-02,  7.0472144066149097e-03, -2.2595231797301850e-03, -1.3661990325015366e-03,  5.1302222941726067e-03, -1.8534917329717009e-02, -1.6853173103637696e-03
    82,  9.5590e+02,  1.4890898738307437e-01,  1.2192581156275710e-02,  2.3940775164598095e-03,  1.1523858564699743e-02,  2.4232941691227591e-01, -1.1460729019492670e-01, -1.4249206980529972e-02, -3.2825387688086285e-03, -9.3870446362654628e-04, -9.2249217124841416e-03,  2.1588668463150492e-02,  5.0718313132171264e-03, -1.8639827687049806e-01, -9.5431319804357186e-03, -6.0720267682091338e-04,  4.3096880130820778e-03,  1.3772477464083968e-01,  5.4135945917411755e-02,  7.0472144066149097e-03, -2.2595231797301850e-03, -1.3661990325015366e-03,  5.1302222941726067e-03, -1.8534917329717009e-02, -1.6853173103637696e-03
    83,  9.5590e+02,  1.4890898738307437e-01,  1.2192581156275710e-02,  2.3940775164598095e-03,  1.1523858564699743e-02,  2.4232941691227591e-01, -1.1460729019492670e-01, -1.4393138364171689e-02, -3.1825387688086287e-03, -9.3870446362654628e-04, -9.2249217124841416e-03,  2.1588668463150492e-02,  5.0718313132171264e-03, -1.8639827687049806e-01, -9.5431319804357186e-03, -6.0720267682091338e-04,  4.3096880130820778e-03,  1.3772477464083968e-01,  5.4135945917411755e-02,  7.0472144066149097e-03, -2.2595231797301850e-03, -1.3661990325015366e-03,  5.1302222941726067e-03, -1.8534917329717009e-02, -1.6853173103637696e-03
    84,  9.5590e+02,  1.4890898738307437e-01,  1.2192581156275710e-02,  2.3940775164598095e-03,  1.1523858564699743e-02,  2.4232941691227591e-01, -1.1460729019492670e-01, -1.4393138364171689e-02, -3.2825387688086285e-03, -8.3870446362654624e-04, -9.2249217124841416e-03,  2.1588668463150492e-02,  5.0718313132171264e-03, -1.8639827687049806e-01, -9.5431319804357186e-03, -6.0720267682091338e-04,  4.3096880130820778e-03,  1.3772477464083968e-01,  5.4135945917411755e-02,  7.0472144066149097e-03, -2.2595231797301850e-03, -1.3661990325015366e-03,  5.1302222941726067e-03, -1.8534917329717009e-02, -1.6853173103637696e-03
    85,  9.5590e+02,  1.4890898738307437e-01,  1.2192581156275710e-02,  2.3940775164598095e-03,  1.1523858564699743e-02,  2.4232941691227591e-01, -1.1460729019492670e-01, -1.4393138364171689e-02, -3.2825387688086285e-03, -9.3870446362654628e-04, -9.1249217124841422e-03,  2.1588668463150492e-02,  5.0718313132171264e-03, -1.8639827687049806e-01, -9.5431319804357186e-03, -6.0720267682091338e-04,  4.3096880130820778e-03,  1.3772477464083968e-01,  5.4135945917411755e-02,  7.0472144066149097e-03, -2.2595231797301850e-03, -1.3661990325015366e-03,  5.1302222941726067e-03, -1.8534917329717009e-02, -1.6853173103637696e-03
    86,  9.5590e+02,  1.4890898738307437e-01,  1.2192581156275710e-02,  2.3940775164598095e-03,  1.1523858564699743e-02,  2.4232941691227591e-01, -1.1460729019492670e-01, -1.4393138364171689e-02, -3.2825387688086285e-03, -9.3870446362654628e-04, -9.2249217124841416e-03,  2.1804555147781998e-02,  5.0718313132171264e-03, -1.8639827687049806e-01, -9.5431319804357186e-03, -6.0720267682091338e-04,  4.3096880130820778e-03,  1.3772477464083968e-01,  5.4135945917411755e-02,  7.0472144066149097e-03, -2.2595231797301850e-03, -1.3661990325015366e-03,  5.1302222941726067e-03, -1.8534917329717009e-02, -1.6853173103637696e-03
    87,  9.5590e+02,  1.4890898738307437e-01,  1.2192581156275710e-02,  2.3940775164598095e-03,  1.1523858564699743e-02,  2.4232941691227591e-01, -1.1460729019492670e-01, -1.4393138364171689e-02, -3.2825387688086285e-03, -9.3870446362654628e-04, -9.2249217124841416e-03,  2.1588668463150492e-02,  5.1718313132171267e-03, -1.8639827687049806e-01, -9.5431319804357186e-03, -6.0720267682091338e-04,  4.3096880130820778e-03,  1.3772477464083968e-01,  5.4135945917411755e-02,  7.0472144066149097e-03, -2.2595231797301850e-03, -1.3661990325015366e-03,  5.1302222941726067e-03, -1.8534917329717009e-02, -1.6853173103637696e-03
    88,  9.5590e+02,  1.4890898738307437e-01,  1.2192581156275710e-02,  2.3940775164598095e-03,  1.1523858564699743e-02,  2.4232941691227591e-01, -1.1460729019492670e-01, -1.4393138364171689e-02, -3.2825387688086285e-03, -9.3870446362654628e-04, -9.2249217124841416e-03,  2.1588668463150492e-02,  5.0718313132171264e-03, -1.8453429410179309e-01, -9.5431319804357186e-03, -6.0720267682091338e-04,  4.3096880130820778e-03,  1.3772477464083968e-01,  5.4135945917411755e-02,  7.0472144066149097e-03, -2.2595231797301850e-03, -1.3661990325015366e-03,  5.1302222941726067e-03, -1.8534917329717009e-02, -1.6853173103637696e-03
    89,  9.5590e+02,  1.4890898738307437e-01,  1.2192581156275710e-02,  2.3940775164598095e-03,  1.1523858564699743e-02,  2.4232941691227591e-01, -1.1460729019492670e-01, -1.4393138364171689e-02, -3.2825387688086285e-03, -9.3870446362654628e-04, -9.2249217124841416e-03,  2.1588668463150492e-02,  5.0718313132171264e-03, -1.8639827687049806e-01, -9.4431319804357192e-03, -6.0720267682091338e-04,  4.3096880130820778e-03,  1.3772477464083968e-01,  5.4135945917411755e-02,  7.0472144066149097e-03, -2.2595231797301850e-03, -1.3661990325015366e-03,  5.1302222941726067e-03, -1.8534917329717009e-02, -1.6853173103637696e-03
    90,  9.5590e+02,  1.4890898738307437e-01,  1.2192581156275710e-02,  2.3940775164598095e-03,  1.1523858564699743e-02,  2.4232941691227591e-01, -1.1460729019492670e-01, -1.4393138364171689e-02, -3.2825387688086285e-03, -9.3870446362654628e-04, -9.2249217124841416e-03,  2.1588668463150492e-02,  5.0718313132171264e-03, -1.8639827687049806e-01, -9.5431319804357186e-03, -5.0720267682091333e-04,  4.3096880130820778e-03,  1.3772477464083968e-01,  5.4135945917411755e-02,  7.0472144066149097e-03, -2.2595231797301850e-03, -1.3661990325015366e-03,  5.1302222941726067e-03, -1.8534917329717009e-02, -1.6853173103637696e-03
    91,  9.5590e+02,  1.4890898738307437e-01,  1.2192581156275710e-02,  2.3940775164598095e-03,  1.1523858564699743e-02,  2.4232941691227591e-01, -1.1460729019492670e-01, -1.4393138364171689e-02, -3.2825387688086285e-03, -9.3870446362654628e-04, -9.2249217124841416e-03,  2.1588668463150492e-02,  5.0718313132171264e-03, -1.8639827687049806e-01, -9.5431319804357186e-03, -6.0720267682091338e-04,  4.4096880130820781e-03,  1.3772477464083968e-01,  5.4135945917411755e-02,  7.0472144066149097e-03, -2.2595231797301850e-03, -1.3661990325015366e-03,  5.1302222941726067e-03, -1.8534917329717009e-02, -1.6853173103637696e-03
    92,  9.5590e+02,  1.4890898738307437e-01,  1.2192581156275710e-02,  2.3940775164598095e-03,  1.1523858564699743e-02,  2.4232941691227591e-01, -1.1460729019492670e-01, -1.4393138364171689e-02, -3.2825387688086285e-03, -9.3870446362654628e-04, -9.2249217124841416e-03,  2.1588668463150492e-02,  5.0718313132171264e-03, -1.8639827687049806e-01, -9.5431319804357186e-03, -6.0720267682091338e-04,  4.3096880130820778e-03,  1.3910202238724809e-01,  5.4135945917411755e-02,  7.0472144066149097e-03, -2.2595231797301850e-03, -1.3661990325015366e-03,  5.1302222941726067e-03, -1.8534917329717009e-02, -1.6853173103637696e-03
    93,  9.5590e+02,  1.4890898738307437e-01,  1.2192581156275710e-02,  2.3940775164598095e-03,  1.1523858564699743e-02,  2.4232941691227591e-01, -1.1460729019492670e-01, -1.4393138364171689e-02, -3.2825387688086285e-03, -9.3870446362654628e-04, -9.2249217124841416e-03,  2.1588668463150492e-02,  5.0718313132171264e-03, -1.8639827687049806e-01, -9.5431319804357186e-03, -6.0720267682091338e-04,  4.3096880130820778e-03,  1.3772477464083968e-01,  5.4677305376585876e-02,  7.0472144066149097e-03, -2.2595231797301850e-03, -1.3661990325015366e-03,  5.1302222941726067e-03, -1.8534917329717009e-02, -1.6853173103637696e-03
    94,  9.5590e+02,  1.4890898738307437e-01,  1.2192581156275710e-02,  2.3940775164598095e-03,  1.1523858564699743e-02,  2.4232941691227591e-01, -1.1460729019492670e-01, -1.4393138364171689e-02, -3.2825387688086285e-03, -9.3870446362654628e-04, -9.2249217124841416e-03,  2.1588668463150492e-02,  5.0718313132171264e-03, -1.8639827687049806e-01, -9.5431319804357186e-03, -6.0720267682091338e-04,  4.3096880130820778e-03,  1.3772477464083968e-01,  5.4135945917411755e-02,  7.1472144066149100e-03, -2.2595231797301850e-03, -1.3661990325015366e-03,  5.1302222941726067e-03, -1.8534917329717009e-02, -1.6853173103637696e-03
    95,  9.5590e+02,  1.4890898738307437e-01,  1.2192581156275710e-02,  2.3940775164598095e-03,  1.1523858564699743e-02,  2.4232941691227591e-01, -1.1460729019492670e-01, -1.4393138364171689e-02, -3.2825387688086285e-03, -9.3870446362654628e-04, -9.2249217124841416e-03,  2.1588668463150492e-02,  5.0718313132171264e-03, -1.8639827687049806e-01, -9.5431319804357186e-03, -6.0720267682091338e-04,  4.3096880130820778e-03,  1.3772477464083968e-01,  5.4135945917411755e-02,  7.0472144066149097e-03, -2.1595231797301852e-03, -1.3661990325015366e-03,  5.1302222941726067e-03, -1.8534917329717009e-02, -1.6853173103637696e-03
    96,  9.5590e+02,  1.4890898738307437e-01,  1.2192581156275710e-02,  2.3940775164598095e-03,  1.1523858564699743e-02,  2.4232941691227591e-01, -1.1460729019492670e-01, -1.4393138364171689e-02, -3.2825387688086285e-03, -9.3870446362654628e-04, -9.2249217124841416e-03,  2.1588668463150492e-02,  5.0718313132171264e-03, -1.8639827687049806e-01, -9.5431319804357186e-03, -6.0720267682091338e-04,  4.3096880130820778e-03,  1.3772477464083968e-01,  5.4135945917411755e-02,  7.0472144066149097e-03, -2.2595231797301850e-03, -1.2661990325015366e-03,  5.1302222941726067e-03, -1.8534917329717009e-02, -1.6853173103637696e-03
    97,  9.5590e+02,  1.4890898738307437e-01,  1.2192581156275710e-02,  2.3940775164598095e-03,  1.1523858564699743e-02,  2.4232941691227591e-01, -1.1460729019492670e-01, -1.4393138364171689e-02, -3.2825387688086285e-03, -9.3870446362654628e-04, -9.2249217124841416e-03,  2.1588668463150492e-02,  5.0718313132171264e-03, -1.8639827687049806e-01, -9.5431319804357186e-03, -6.0720267682091338e-04,  4.3096880130820778e-03,  1.3772477464083968e-01,  5.4135945917411755e-02,  7.0472144066149097e-03, -2.2595231797301850e-03, -1.3661990325015366e-03,  5.2302222941726069e-03, -1.8534917329717009e-02, -1.6853173103637696e-03
    98,  9.5590e+02,  1.4890898738307437e-01,  1.2192581156275710e-02,  2.3940775164598095e-03,  1.1523858564699743e-02,  2.4232941691227591e-01, -1.1460729019492670e-01, -1.4393138364171689e-02, -3.2825387688086285e-03, -9.3870446362654628e-04, -9.2249217124841416e-03,  2.1588668463150492e-02,  5.0718313132171264e-03, -1.8639827687049806e-01, -9.5431319804357186e-03, -6.0720267682091338e-04,  4.3096880130820778e-03,  1.3772477464083968e-01,  5.4135945917411755e-02,  7.0472144066149097e-03, -2.2595231797301850e-03, -1.3661990325015366e-03,  5.1302222941726067e-03, -1.8349568156419839e-02, -1.6853173103637696e-03
    99,  9.5590e+02,  1.4890898738307437e-01,  1.2192581156275710e-02,  2.3940775164598095e-03,  1.1523858564699743e-02,  2.4232941691227591e-01, -1.1460729019492670e-01, -1.4393138364171689e-02, -3.2825387688086285e-03, -9.3870446362654628e-04, -9.2249217124841416e-03,  2.1588668463150492e-02,  5.0718313132171264e-03, -1.8639827687049806e-01, -9.5431319804357186e-03, -6.0720267682091338e-04,  4.3096880130820778e-03,  1.3772477464083968e-01,  5.4135945917411755e-02,  7.0472144066149097e-03, -2.2595231797301850e-03, -1.3661990325015366e-03,  5.1302222941726067e-03, -1.8534917329717009e-02, -1.5853173103637696e-03
   100,  1.1484e+03,  1.4891680636628654e-01,  1.2167258390275798e-02,  2.2835378361982239e-03,  1.1703111927046072e-02,  2.4237034074461450e-01, -1.1458853825399819e-01, -1.4307686817681983e-02, -3.2519848998271528e-03, -4.6357390239195776e-04, -8.7831488419241755e-03,  2.1626402165372996e-02,  5.4666775773452294e-03, -1.8640690227281367e-01, -9.4874963183823238e-03, -6.4772085328408582e-04,  4.5435028106407304e-03,  1.3773644910190252e-01,  5.4286632571000158e-02,  6.5372104505314575e-03, -2.2457985825102980e-03, -1.3526821911416546e-03,  5.1567522427071110e-03, -1.8590614783747322e-02, -1.1825030262471003e-03
   101,  1.1484e+03,  1.5040597442994941e-01,  1.2167258390275798e-02,  2.2835378361982239e-03,  1.1703111927046072e-02,  2.4237034074461450e-01, -1.1458853825399819e-01, -1.4307686817681983e-02, -3.2519848998271528e-03, -4.6357390239195776e-04, -8.7831488419241755e-03,  2.1626402165372996e-02,  5.4666775773452294e-03, -1.8640690227281367e-01, -9.4874963183823238e-03, -6.4772085328408582e-04,  4.5435028106407304e-03,  1.3773644910190252e-01,  5.4286632571000158e-02,  6.5372104505314575e-03, -2.2457985825102980e-03, -1.3526821911416546e-03,  5.1567522427071110e-03, -1.8590614783747322e-02, -1.1825030262471003e-03
   102,  1.1484e+03,  1.4891680636628654e-01,  1.2288930974178556e-02,  2.2835378361982239e-03,  1.1703111927046072e-02,  2.4237034074461450e-01, -1.1458853825399819e-01, -1.4307686817681983e-02, -3.2519848998271528e-03, -4.6357390239195776e-04, -8.7831488419241755e-03,  2.1626402165372996e-02,  5.4666775773452294e-03, -1.8640690227281367e-01, -9.4874963183823238e-03, -6.4772085328408582e-04,  4.5435028106407304e-03,  1.3773644910190252e-01,  5.4286632571000158e-02,  6.5372104505314575e-03, -2.2457985825102980e-03, -1.3526821911416546e-03,  5.1567522427071110e-03, -1.8590614783747322e-02, -1.1825030262471003e-03
   103,  1.1484e+03,  1.4891680636628654e-01,  1.2167258390275798e-02,  2.3835378361982238e-03,  1.1703111927046072e-02,  2.4237034074461450e-01, -1.1458853825399819e-01, -1.4307686817681983e-02, -3.2519848998271528e-03, -4.6357390239195776e-04, -8.7831488419241755e-03,  2.1626402165372996e-02,  5.4666775773452294e-03, -1.8640690227281367e-01, -9.4874963183823238e-03, -6.4772085328408582e-04,  4.5435028106407304e-03,  1.3773644910190252e-01,  5.4286632571000158e-02,  6.5372104505314575e-03, -2.2457985825102980e-03, -1.3526821911416546e-03,  5.1567522427071110e-03, -1.8590614783747322e-02, -1.1825030262471003e-03
   104,  1.1484e+03,  1.4891680636628654e-01,  1.2167258390275798e-02,  2.2835378361982239e-03,  1.1820143046316532e-02,  2.4237034074461450e-01, -1.1458853825399819e-01, -1.4307686817681983e-02, -3.2519848998271528e-03, -4.6357390239195776e-04, -8.7831488419241755e-03,  2.1626402165372996e-02,  5.4666775773452294e-03, -1.8640690227281367e-01, -9.4874963183823238e-03, -6.4772085328408582e-04,  4.5435028106407304e-03,  1.3773644910190252e-01,  5.4286632571000158e-02,  6.5372104505314575e-03, -2.2457985825102980e-03, -1.3526821911416546e-03,  5.1567522427071110e-03, -1.8590614783747322e-02, -1.1825030262471003e-03
   105,  1.1484e+03,  1.4891680636628654e-01,  1.2167258390275798e-02,  2.2835378361982239e-03,  1.1703111927046072e-02,  2.4479404415206063e-01, -1.1458853825399819e-01, -1.4307686817681983e-02, -3.2519848998271528e-03, -4.6357390239195776e-04, -8.7831488419241755e-03,  2.1626402165372996e-02,  5.4666775773452294e-03, -1.8640690227281367e-01, -9.4874963183823238e-03, -6.4772085328408582e-04,  4.5435028106407304e-03,  1.3773644910190252e-01,  5.4286632571000158e-02,  6.5372104505314575e-03, -2.2457985825102980e-03, -1.3526821911416546e-03,  5.1567522427071110e-03, -1.8590614783747322e-02, -1.1825030262471003e-03
   106,  1.1484e+03,  1.4891680636628654e-01,  1.2167258390275798e-02,  2.2835378361982239e-03,  1.1703111927046072e-02,  2.4237034074461450e-01, -1.1344265287145820e-01, -1.4307686817681983e-02, -3.2519848998271528e-03, -4.6357390239195776e-04, -8.7831488419241755e-03,  2.1626402165372996e-02,  5.4666775773452294e-03, -1.8640690227281367e-01, -9.4874963183823238e-03, -6.4772085328408582e-04,  4.5435028106407304e-03,  1.3773644910190252e-01,  5.4286632571000158e-02,  6.5372104505314575e-03, -2.2457985825102980e-03, -1.3526821911416546e-03,  5.1567522427071110e-03, -1.8590614783747322e-02, -1.1825030262471003e-03
   107,  1.1484e+03,  1.4891680636628654e-01,  1.2167258390275798e-02,  2.2835378361982239e-03,  1.1703111927046072e-02,  2.4237034074461450e-01, -1.1458853825399819e-01, -1.4164609949505164e-02, -3.2519848998271528e-03, -4.6357390239195776e-04, -8.7831488419241755e-03,  2.1626402165372996e-02,  5.4666775773452294e-03, -1.8640690227281367e-01, -9.4874963183823238e-03, -6.4772085328408582e-04,  4.5435028106407304e-03,  1.3773644910190252e-01,  5.4286632571000158e-02,  6.5372104505314575e-03, -2.2457985825102980e-03, -1.3526821911416546e-03,  5.1567522427071110e-03, -1.8590614783747322e-02, -1.1825030262471003e-03
   108,  1.1484e+03,  1.4891680636628654e-01,  1.2167258390275798e-02,  2.2835378361982239e-03,  1.1703111927046072e-02,  2.4237034074461450e-01, -1.1458853825399819e-01, -1.4307686817681983e-02, -3.1519848998271529e-03, -4.6357390239195776e-04, -8.7831488419241755e-03,  2.1626402165372996e-02,  5.4666775773452294e-03, -1.8640690227281367e-01, -9.4874963183823238e-03, -6.4772085328408582e-04,  4.5435028106407304e-03,  1.3773644910190252e-01,  5.4286632571000158e-02,  6.5372104505314575e-03, -2.2457985825102980e-03, -1.3526821911416546e-03,  5.1567522427071110e-03, -1.8590614783747322e-02, -1.1825030262471003e-03
   109,  1.1484e+03,  1.4891680636628654e-01,  1.2167258390275798e-02,  2.2835378361982239e-03,  1.1703111927046072e-02,  2.4237034074461450e-01, -1.1458853825399819e-01, -1.4307686817681983e-02, -3.2519848998271528e-03, -3.6357390239195777e-04, -8.7831488419241755e-03,  2.1626402165372996e-02,  5.4666775773452294e-03, -1.8640690227281367e-01, -9.4874963183823238e-03, -6.4772085328408582e-04,  4.5435028106407304e-03,  1.3773644910190252e-01,  5.4286632571000158e-02,  6.5372104505314575e-03, -2.2457985825102980e-03, -1.3526821911416546e-03,  5.1567522427071110e-03, -1.8590614783747322e-02, -1.1825030262471003e-03
   110,  1.1484e+03,  1.4891680636628654e-01,  1.2167258390275798e-02,  2.2835378361982239e-03,  1.1703111927046072e-02,  2.4237034074461450e-01, -1.1458853825399819e-01, -1.4307686817681983e-02, -3.2519848998271528e-03, -4.6357390239195776e-04, -8.6831488419241761e-03,  2.1626402165372996e-02,  5.4666775773452294e-03, -1.8640690227281367e-01, -9.4874963183823238e-03, -6.4772085328408582e-04,  4.5435028106407304e-03,  1.3773644910190252e-01,  5.4286632571000158e-02,  6.5372104505314575e-03, -2.2457985825102980e-03, -1.3526821911416546e-03,  5.1567522427071110e-03, -1.8590614783747322e-02, -1.1825030262471003e-03
   111,  1.1484e+03,  1.4891680636628654e-01,  1.2167258390275798e-02,  2.2835378361982239e-03,  1.1703111927046072e-02,  2.4237034074461450e-01, -1.1458853825399819e-01, -1.4307686817681983e-02, -3.2519848998271528e-03, -4.6357390239195776e-04, -8.7831488419241755e-03,  2.1842666187026728e-02,  5.4666775773452294e-03, -1.8640690227281367e-01, -9.4874963183823238e-03, -6.4772085328408582e-04,  4.5435028106407304e-03,  1.3773644910190252e-01,  5.4286632571000158e-02,  6.5372104505314575e-03, -2.2457985825102980e-03, -1.3526821911416546e-03,  5.1567522427071110e-03, -1.8590614783747322e-02, -1.1825030262471003e-03
   112,  1.1484e+03,  1.4891680636628654e-01,  1.2167258390275798e-02,  2.2835378361982239e-03,  1.1703111927046072e-02,  2.4237034074461450e-01, -1.1458853825399819e-01, -1.4307686817681983e-02, -3.2519848998271528e-03, -4.6357390239195776e-04, -8.7831488419241755e-03,  2.1626402165372996e-02,  5.5666775773452297e-03, -1.8640690227281367e-01, -9.4874963183823238e-03, -6.4772085328408582e-04,  4.5435028106407304e-03,  1.3773644910190252e-01,  5.4286632571000158e-02,  6.5372104505314575e-03, -2.2457985825102980e-03, -1.3526821911416546e-03,  5.1567522427071110e-03, -1.8590614783747322e-02, -1.1825030262471003e-03
   113,  1.1484e+03,  1.4891680636628654e-01,  1.2167258390275798e-02,  2.2835378361982239e-03,  1.1703111927046072e-02,  2.4237034074461450e-01, -1.1458853825399819e-01, -1.4307686817681983e-02, -3.2519848998271528e-03, -4.6357390239195776e-04, -8.7831488419241755e-03,  2.1626402165372996e-02,  5.4666775773452294e-03, -1.8454283325008553e-01, -9.4874963183823238e-03, -6.4772085328408582e-04,  4.5435028106407304e-03,  1.3773644910190252e-01,  5.4286632571000158e-02,  6.5372104505314575e-03, -2.2457985825102980e-03, -1.3526821911416546e-03,  5.1567522427071110e-03, -1.8590614783747322e-02, -1.1825030262471003e-03
   114,  1.1484e+03,  1.4891680636628654e-01,  1.2167258390275798e-02,  2.2835378361982239e-03,  1.1703111927046072e-02,  2.4237034074461450e-01, -1.1458853825399819e-01, -1.4307686817681983e-02, -3.2519848998271528e-03, -4.6357390239195776e-04, -8.7831488419241755e-03,  2.1626402165372996e-02,  5.4666775773452294e-03, -1.8640690227281367e-01, -9.3874963183823244e-03, -6.4772085328408582e-04,  4.5435028106407304e-03,  1.3773644910190252e-01,  5.4286632571000158e-02,  6.5372104505314575e-03, -2.2457985825102980e-03, -1.3526821911416546e-03,  5.1567522427071110e-03, -1.8590614783747322e-02, -1.1825030262471003e-03
   115,  1.1484e+03,  1.4891680636628654e-01,  1.2167258390275798e-02,  2.2835378361982239e-03,  1.1703111927046072e-02,  2.4237034074461450e-01, -1.1458853825399819e-01, -1.4307686817681983e-02, -3.2519848998271528e-03, -4.6357390239195776e-04, -8.7831488419241755e-03,  2.1626402165372996e-02,  5.4666775773452294e-03, -1.8640690227281367e-01, -9.4874963183823238e-03, -5.4772085328408577e-04,  4.5435028106407304e-03,  1.3773644910190252e-01,  5.4286632571000158e-02,  6.5372104505314575e-03, -2.2457985825102980e-03, -1.3526821911416546e-03,  5.1567522427071110e-03, -1.8590614783747322e-02, -1.1825030262471003e-03
   116,  1.1484e+03,  1.4891680636628654e-01,  1.2167258390275798e-02,  2.2835378361982239e-03,  1.1703111927046072e-02,  2.4237034074461450e-01, -1.1458853825399819e-01, -1.4307686817681983e-02, -3.2519848998271528e-03, -4.6357390239195776e-04, -8.7831488419241755e-03,  2.1626402165372996e-02,  5.4666775773452294e-03, -1.8640690227281367e-01, -9.4874963183823238e-03, -6.4772085328408582e-04,  4.6435028106407306e-03,  1.3773644910190252e-01,  5.4286632571000158e-02,  6.5372104505314575e-03, -2.2457985825102980e-03, -1.3526821911416546e-03,  5.1567522427071110e-03, -1.8590614783747322e-02, -1.1825030262471003e-03
   117,  1.1484e+03,  1.4891680636628654e-01,  1.2167258390275798e-02,  2.2835378361982239e-03,  1.1703111927046072e-02,  2.4237034074461450e-01, -1.1458853825399819e-01, -1.4307686817681983e-02, -3.2519848998271528e-03, -4.6357390239195776e-04, -8.7831488419241755e-03,  2.1626402165372996e-02,  5.4666775773452294e-03, -1.8640690227281367e-01, -9.4874963183823238e-03, -6.4772085328408582e-04,  4.5435028106407304e-03,  1.3911381359292155e-01,  5.4286632571000158e-02,  6.5372104505314575e-03, -2.2457985825102980e-03, -1.3526821911416546e-03,  5.1567522427071110e-03, -1.8590614783747322e-02, -1.1825030262471003e-03
   118,  1.1484e+03,  1.4891680636628654e-01,  1.2167258390275798e-02,  2.2835378361982239e-03,  1.1703111927046072e-02,  2.4237034074461450e-01, -1.1458853825399819e-01, -1.4307686817681983e-02, -3.2519848998271528e-03, -4.6357390239195776e-04, -8.7831488419241755e-03,  2.1626402165372996e-02,  5.4666775773452294e-03, -1.8640690227281367e-01, -9.4874963183823238e-03, -6.4772085328408582e-04,  4.5435028106407304e-03,  1.3773644910190252e-01,  5.4829498896710162e-02,  6.5372104505314575e-03, -2.2457985825102980e-03, -1.3526821911416546e-03,  5.1567522427071110e-03, -1.8590614783747322e-02, -1.1825030262471003e-03
   119,  1.1484e+03,  1.4891680636628654e-01,  1.2167258390275798e-02,  2.2835378361982239e-03,  1.1703111927046072e-02,  2.4237034074461450e-01, -1.1458853825399819e-01, -1.4307686817681983e-02, -3.2519848998271528e-03, -4.6357390239195776e-04, -8.7831488419241755e-03,  2.1626402165372996e-02,  5.4666775773452294e-03, -1.8640690227281367e-01, -9.4874963183823238e-03, -6.4772085328408582e-04,  4.5435028106407304e-03,  1.3773644910190252e-01,  5.4286632571000158e-02,  6.6372104505314578e-03, -2.2457985825102980e-03, -1.3526821911416546e-03,  5.1567522427071110e-03, -1.8590614783747322e-02, -1.1825030262471003e-03
   120,  1.1484e+03,  1.4891680636628654e-01,  1.2167258390275798e-02,  2.2835378361982239e-03,  1.1703111927046072e-02,  2.4237034074461450e-01, -1.1458853825399819e-01, -1.4307686817681983e-02, -3.2519848998271528e-03, -4.6357390239195776e-04, -8.7831488419241755e-03,  2.1626402165372996e-02,  5.4666775773452294e-03, -1.8640690227281367e-01, -9.4874963183823238e-03, -6.4772085328408582e-04,  4.5435028106407304e-03,  1.3773644910190252e-01,  5.4286632571000158e-02,  6.5372104505314575e-03, -2.1457985825102982e-03, -1.3526821911416546e-03,  5.1567522427071110e-03, -1.8590614783747322e-02, -1.1825030262471003e-03
   121,  1.1484e+03,  1.4891680636628654e-01,  1.2167258390275798e-02,  2.2835378361982239e-03,  1.1703111927046072e-02,  2.4237034074461450e-01, -1.1458853825399819e-01, -1.4307686817681983e-02, -3.2519848998271528e-03, -4.6357390239195776e-04, -8.7831488419241755e-03,  2.1626402165372996e-02,  5.4666775773452294e-03, -1.8640690227281367e-01, -9.4874963183823238e-03, -6.4772085328408582e-04,  4.5435028106407304e-03,  1.3773644910190252e-01,  5.4286632571000158e-02,  6.5372104505314575e-03, -2.2457985825102980e-03, -1.2526821911416546e-03,  5.1567522427071110e-03, -1.8590614783747322e-02, -1.1825030262471003e-03
   122,  1.1484e+03,  1.4891680636628654e-01,  1.2167258390275798e-02,  2.2835378361982239e-03,  1.1703111927046072e-02,  2.4237034074461450e-01, -1.1458853825399819e-01, -1.4307686817681983e-02, -3.2519848998271528e-03, -4.6357390239195776e-04, -8.7831488419241755e-03,  2.1626402165372996e-02,  5.4666775773452294e-03, -1.8640690227281367e-01, -9.4874963183823238e-03, -6.4772085328408582e-04,  4.5435028106407304e-03,  1.3773644910190252e-01,  5.4286632571000158e-02,  6.5372104505314575e-03, -2.2457985825102980e-03, -1.3526821911416546e-03,  5.2567522427071113e-03, -1.8590614783747322e-02, -1.1825030262471003e-03
   123,  1.1484e+03,  1.4891680636628654e-01,  1.2167258390275798e-02,  2.2835378361982239e-03,  1.1703111927046072e-02,  2.4237034074461450e-01, -1.1458853825399819e-01, -1.4307686817681983e-02, -3.2519848998271528e-03, -4.6357390239195776e-04, -8.7831488419241755e-03,  2.1626402165372996e-02,  5.4666775773452294e-03, -1.8640690227281367e-01, -9.4874963183823238e-03, -6.4772085328408582e-04,  4.5435028106407304e-03,  1.3773644910190252e-01,  5.4286632571000158e-02,  6.5372104505314575e-03, -2.2457985825102980e-03, -1.3526821911416546e-03,  5.1567522427071110e-03, -1.8404708635909848e-02, -1.1825030262471003e-03
   124,  1.1484e+03,  1.4891680636628654e-01,  1.2167258390275798e-02,  2.2835378361982239e-03,  1.1703111927046072e-02,  2.4237034074461450e-01, -1.1458853825399819e-01, -1.4307686817681983e-02, -3.2519848998271528e-03, -4.6357390239195776e-04, -8.7831488419241755e-03,  2.1626402165372996e-02,  5.4666775773452294e-03, -1.8640690227281367e-01, -9.4874963183823238e-03, -6.4772085328408582e-04,  4.5435028106407304e-03,  1.3773644910190252e-01,  5.4286632571000158e-02,  6.5372104505314575e-03, -2.2457985825102980e-03, -1.3526821911416546e-03,  5.1567522427071110e-03, -1.8590614783747322e-02, -1.0825030262471003e-03
   125,  1.5302e+03,  1.4891662282885490e-01,  1.2167288942022146e-02,  2.2826689110403485e-03,  1.1701039018422180e-02,  2.4237026864305738e-01, -1.1458861463687667e-01, -1.4309233908658360e-02, -3.2518757420044605e-03, -4.6363820219319946e-04, -8.7831605282096183e-03,  2.1626379481521386e-02,  5.4666827033496637e-03, -1.8640701227686071e-01, -9.4876332353326827e-03, -6.4958372812298727e-04,  4.5417151806489246e-03,  1.3773633714761452e-01,  5.4286385468266883e-02,  6.5361334530897701e-03, -2.2458505965237889e-03, -1.3527011181753100e-03,  5.1554945413535714e-03, -1.8591186365663915e-02, -1.1837130206900279e-03
   126,  1.5302e+03,  1.5040578905714344e-01,  1.2167288942022146e-02,  2.2826689110403485e-03,  1.1701039018422180e-02,  2.4237026864305738e-01, -1.1458861463687667e-01, -1.4309233908658360e-02, -3.2518757420044605e-03, -4.6363820219319946e-04, -8.7831605282096183e-03,  2.1626379481521386e-02,  5.4666827033496637e-03, -1.8640701227686071e-01, -9.4876332353326827e-03, -6.4958372812298727e-04,  4.5417151806489246e-03,  1.3773633714761452e-01,  5.4286385468266883e-02,  6.5361334530897701e-03, -2.2458505965237889e-03, -1.3527011181753100e-03,  5.1554945413535714e-03, -1.8591186365663915e-02, -1.1837130206900279e-03
   127,  1.5302e+03,  1.4891662282885490e-01,  1.2288961831442367e-02,  2.2826689110403485e-03,  1.1701039018422180e-02,  2.4237026864305738e-01, -1.1458861463687667e-01, -1.4309233908658360e-02, -3.2518757420044605e-03, -4.6363820219319946e-04, -8.7831605282096183e-03,  2.1626379481521386e-02,  5.4666827033496637e-03, -1.8640701227686071e-01, -9.4876332353326827e-03, -6.4958372812298727e-04,  4.5417151806489246e-03,  1.3773633714761452e-01,  5.4286385468266883e-02,  6.5361334530897701e-03, -2.2458505965237889e-03, -1.3527011181753100e-03,  5.1554945413535714e-03, -1.8591186365663915e-02, -1.1837130206900279e-03
   128,  1.5302e+03,  1.4891662282885490e-01,  1.2167288942022146e-02,  2.3826689110403483e-03,  1.1701039018422180e-02,  2.4237026864305738e-01, -1.1458861463687667e-01, -1.4309233908658360e-02, -3.2518757420044605e-03, -4.6363820219319946e-04, -8.7831605282096183e-03,  2.1626379481521386e-02,  5.4666827033496637e-03, -1.8640701227686071e-01, -9.4876332353326827e-03, -6.4958372812298727e-04,  4.5417151806489246e-03,  1.3773633714761452e-01,  5.4286385468266883e-02,  6.5361334530897701e-03, -2.2458505965237889e-03, -1.3527011181753100e-03,  5.1554945413535714e-03, -1.8591186365663915e-02, -1.1837130206900279e-03
   129,  1.5302e+03,  1.4891662282885490e-01,  1.2167288942022146e-02,  2.2826689110403485e-03,  1.1818049408606403e-02,  2.4237026864305738e-01, -1.1458861463687667e-01, -1.4309233908658360e-02, -3.2518757420044605e-03, -4.6363820219319946e-04, -8.7831605282096183e-03,  2.1626379481521386e-02,  5.4666827033496637e-03, -1.8640701227686071e-01, -9.4876332353326827e-03, -6.4958372812298727e-04,  4.5417151806489246e-03,  1.3773633714761452e-01,  5.4286385468266883e-02,  6.5361334530897701e-03, -2.2458505965237889e-03, -1.3527011181753100e-03,  5.1554945413535714e-03, -1.8591186365663915e-02, -1.1837130206900279e-03
   130,  1.5302e+03,  1.4891662282885490e-01,  1.2167288942022146e-02,  2.2826689110403485e-03,  1.1701039018422180e-02,  2.4479397132948796e-01, -1.1458861463687667e-01, -1.4309233908658360e-02, -3.2518757420044605e-03, -4.6363820219319946e-04, -8.7831605282096183e-03,  2.1626379481521386e-02,  5.4666827033496637e-03, -1.8640701227686071e-01, -9.4876332353326827e-03, -6.4958372812298727e-04,  4.5417151806489246e-03,  1.3773633714761452e-01,  5.4286385468266883e-02,  6.5361334530897701e-03, -2.2458505965237889e-03, -1.3527011181753100e-03,  5.1554945413535714e-03, -1.8591186365663915e-02, -1.1837130206900279e-03
   131,  1.5302e+03,  1.4891662282885490e-01,  1.2167288942022146e-02,  2.2826689110403485e-03,  1.1701039018422180e-02,  2.4237026864305738e-01, -1.1344272849050790e-01, -1.4309233908658360e-02, -3.2518757420044605e-03, -4.6363820219319946e-04, -8.7831605282096183e-03,  2.1626379481521386e-02,  5.4666827033496637e-03, -1.8640701227686071e-01, -9.4876332353326827e-03, -6.4958372812298727e-04,  4.5417151806489246e-03,  1.3773633714761452e-01,  5.4286385468266883e-02,  6.5361334530897701e-03, -2.2458505965237889e-03, -1.3527011181753100e-03,  5.1554945413535714e-03, -1.8591186365663915e-02, -1.1837130206900279e-03
   132,  1.5302e+03,  1.4891662282885490e-01,  1.2167288942022146e-02,  2.2826689110403485e-03,  1.1701039018422180e-02,  2.4237026864305738e-01, -1.1458861463687667e-01, -1.4166141569571775e-02, -3.2518757420044605e-03, -4.6363820219319946e-04, -8.7831605282096183e-03,  2.1626379481521386e-02,  5.4666827033496637e-03, -1.8640701227686071e-01, -9.4876332353326827e-03, -6.4958372812298727e-04,  4.5417151806489246e-03,  1.3773633714761452e-01,  5.4286385468266883e-02,  6.5361334530897701e-03, -2.2458505965237889e-03, -1.3527011181753100e-03,  5.1554945413535714e-03, -1.8591186365663915e-02, -1.1837130206900279e-03
   133,  1.5302e+03,  1.4891662282885490e-01,  1.2167288942022146e-02,  2.2826689110403485e-03,  1.1701039018422180e-02,  2.4237026864305738e-01, -1.1458861463687667e-01, -1.4309233908658360e-02, -3.1518757420044606e-03, -4.6363820219319946e-04, -8.7831605282096183e-03,  2.1626379481521386e-02,  5.4666827033496637e-03, -1.8640701227686071e-01, -9.4876332353326827e-03, -6.4958372812298727e-04,  4.5417151806489246e-03,  1.3773633714761452e-01,  5.4286385468266883e-02,  6.5361334530897701e-03, -2.2458505965237889e-03, -1.3527011181753100e-03,  5.1554945413535714e-03, -1.8591186365663915e-02, -1.1837130206900279e-03
   134,  1.5302e+03,  1.4891662282885490e-01,  1.2167288942022146e-02,  2.2826689110403485e-03,  1.1701039018422180e-02,  2.4237026864305738e-01, -1.1458861463687667e-01, -1.4309233908658360e-02, -3.2518757420044605e-03, -3.6363820219319947e-04, -8.7831605282096183e-03,  2.1626379481521386e-02,  5.4666827033496637e-03, -1.8640701227686071e-01, -9.4876332353326827e-03, -6.4958372812298727e-04,  4.5417151806489246e-03,  1.3773633714761452e-01,  5.4286385468266883e-02,  6.5361334530897701e-03, -2.2458505965237889e-03, -1.3527011181753100e-03,  5.1554945413535714e-03, -1.8591186365663915e-02, -1.1837130206900279e-03
   135,  1.5302e+03,  1.4891662282885490e-01,  1.2167288942022146e-02,  2.2826689110403485e-03,  1.1701039018422180e-02,  2.4237026864305738e-01, -1.1458861463687667e-01, -1.4309233908658360e-02, -3.2518757420044605e-03, -4.6363820219319946e-04, -8.6831605282096189e-03,  2.1626379481521386e-02,  5.4666827033496637e-03, -1.8640701227686071e-01, -9.4876332353326827e-03, -6.4958372812298727e-04,  4.5417151806489246e-03,  1.3773633714761452e-01,  5.4286385468266883e-02,  6.5361334530897701e-03, -2.2458505965237889e-03, -1.3527011181753100e-03,  5.1554945413535714e-03, -1.8591186365663915e-02, -1.1837130206900279e-03
   136,  1.5302e+03,  1.4891662282885490e-01,  1.2167288942022146e-02,  2.2826689110403485e-03,  1.1701039018422180e-02,  2.4237026864305738e-01, -1.1458861463687667e-01, -1.4309233908658360e-02, -3.2518757420044605e-03, -4.6363820219319946e-04, -8.7831605282096183e-03,  2.1842643276336601e-02,  5.4666827033496637e-03, -1.8640701227686071e-01, -9.4876332353326827e-03, -6.4958372812298727e-04,  4.5417151806489246e-03,  1.3773633714761452e-01,  5.4286385468266883e-02,  6.5361334530897701e-03, -2.2458505965237889e-03, -1.3527011181753100e-03,  5.1554945413535714e-03, -1.8591186365663915e-02, -1.1837130206900279e-03
   137,  1.5302e+03,  1.4891662282885490e-01,  1.2167288942022146e-02,  2.2826689110403485e-03,  1.1701039018422180e-02,  2.4237026864305738e-01, -1.1458861463687667e-01, -1.4309233908658360e-02, -3.2518757420044605e-03, -4.6363820219319946e-04, -8.7831605282096183e-03,  2.1626379481521386e-02,  5.5666827033496640e-03, -1.8640701227686071e-01, -9.4876332353326827e-03, -6.4958372812298727e-04,  4.5417151806489246e-03,  1.3773633714761452e-01,  5.4286385468266883e-02,  6.5361334530897701e-03, -2.2458505965237889e-03, -1.3527011181753100e-03,  5.1554945413535714e-03, -1.8591186365663915e-02, -1.1837130206900279e-03
   138,  1.5302e+03,  1.4891662282885490e-01,  1.2167288942022146e-02,  2.2826689110403485e-03,  1.1701039018422180e-02,  2.4237026864305738e-01, -1.1458861463687667e-01, -1.4309233908658360e-02, -3.2518757420044605e-03, -4.6363820219319946e-04, -8.7831605282096183e-03,  2.1626379481521386e-02,  5.4666827033496637e-03, -1.8454294215409212e-01, -9.4876332353326827e-03, -6.4958372812298727e-04,  4.5417151806489246e-03,  1.3773633714761452e-01,  5.4286385468266883e-02,  6.5361334530897701e-03, -2.2458505965237889e-03, -1.3527011181753100e-03,  5.1554945413535714e-03, -1.8591186365663915e-02, -1.1837130206900279e-03
   139,  1.5302e+03,  1.4891662282885490e-01,  1.2167288942022146e-02,  2.2826689110403485e-03,  1.1701039018422180e-02,  2.4237026864305738e-01, -1.1458861463687667e-01, -1.4309233908658360e-02, -3.2518757420044605e-03, -4.6363820219319946e-04, -8.7831605282096183e-03,  2.1626379481521386e-02,  5.4666827033496637e-03, -1.8640701227686071e-01, -9.3876332353326833e-03, -6.4958372812298727e-04,  4.5417151806489246e-03,  1.3773633714761452e-01,  5.4286385468266883e-02,  6.5361334530897701e-03, -2.2458505965237889e-03, -1.3527011181753100e-03,  5.1554945413535714e-03, -1.8591186365663915e-02, -1.1837130206900279e-03
   140,  1.5302e+03,  1.4891662282885490e-01,  1.2167288942022146e-02,  2.2826689110403485e-03,  1.1701039018422180e-02,  2.4237026864305738e-01, -1.1458861463687667e-01, -1.4309233908658360e-02, -3.2518757420044605e-03, -4.6363820219319946e-04, -8.7831605282096183e-03,  2.1626379481521386e-02,  5.4666827033496637e-03, -1.8640701227686071e-01, -9.4876332353326827e-03, -5.4958372812298722e-04,  4.5417151806489246e-03,  1.3773633714761452e-01,  5.4286385468266883e-02,  6.5361334530897701e-03, -2.2458505965237889e-03, -1.3527011181753100e-03,  5.1554945413535714e-03, -1.8591186365663915e-02, -1.1837130206900279e-03
   141,  1.5302e+03,  1.4891662282885490e-01,  1.2167288942022146e-02,  2.2826689110403485e-03,  1.1701039018422180e-02,  2.4237026864305738e-01, -1.1458861463687667e-01, -1.4309233908658360e-02, -3.2518757420044605e-03, -4.6363820219319946e-04, -8.7831605282096183e-03,  2.1626379481521386e-02,  5.4666827033496637e-03, -1.8640701227686071e-01, -9.4876332353326827e-03, -6.4958372812298727e-04,  4.6417151806489249e-03,  1.3773633714761452e-01,  5.4286385468266883e-02,  6.5361334530897701e-03, -2.2458505965237889e-03, -1.3527011181753100e-03,  5.1554945413535714e-03, -1.8591186365663915e-02, -1.1837130206900279e-03
   142,  1.5302e+03,  1.4891662282885490e-01,  1.2167288942022146e-02,  2.2826689110403485e-03,  1.1701039018422180e-02,  2.4237026864305738e-01, -1.1458861463687667e-01, -1.4309233908658360e-02, -3.2518757420044605e-03, -4.6363820219319946e-04, -8.7831605282096183e-03,  2.1626379481521386e-02,  5.4666827033496637e-03, -1.8640701227686071e-01, -9.4876332353326827e-03, -6.4958372812298727e-04,  4.5417151806489246e-03,  1.3911370051909067e-01,  5.4286385468266883e-02,  6.5361334530897701e-03, -2.2458505965237889e-03, -1.3527011181753100e-03,  5.1554945413535714e-03, -1.8591186365663915e-02, -1.1837130206900279e-03
   143,  1.5302e+03,  1.4891662282885490e-01,  1.2167288942022146e-02,  2.2826689110403485e-03,  1.1701039018422180e-02,  2.4237026864305738e-01, -1.1458861463687667e-01, -1.4309233908658360e-02, -3.2518757420044605e-03, -4.6363820219319946e-04, -8.7831605282096183e-03,  2.1626379481521386e-02,  5.4666827033496637e-03, -1.8640701227686071e-01, -9.4876332353326827e-03, -6.4958372812298727e-04,  4.5417151806489246e-03,  1.3773633714761452e-01,  5.4829249322949553e-02,  6.5361334530897701e-03, -2.2458505965237889e-03, -1.3527011181753100e-03,  5.1554945413535714e-03, -1.8591186365663915e-02, -1.1837130206900279e-03
   144,  1.5302e+03,  1.4891662282885490e-01,  1.2167288942022146e-02,  2.2826689110403485e-03,  1.1701039018422180e-02,  2.4237026864305738e-01, -1.1458861463687667e-01, -1.4309233908658360e-02, -3.2518757420044605e-03, -4.6363820219319946e-04, -8.7831605282096183e-03,  2.1626379481521386e-02,  5.4666827033496637e-03, -1.8640701227686071e-01, -9.4876332353326827e-03, -6.4958372812298727e-04,  4.5417151806489246e-03,  1.3773633714761452e-01,  5.4286385468266883e-02,  6.6361334530897704e-03, -2.2458505965237889e-03, -1.3527011181753100e-03,  5.1554945413535714e-03, -1.8591186365663915e-02, -1.1837130206900279e-03
   145,  1.5302e+03,  1.4891662282885490e-01,  1.2167288942022146e-02,  2.2826689110403485e-03,  1.1701039018422180e-02,  2.4237026864305738e-01, -1.1458861463687667e-01, -1.4309233908658360e-02, -3.2518757420044605e-03, -4.6363820219319946e-04, -8.7831605282096183e-03,  2.1626379481521386e-02,  5.4666827033496637e-03, -1.8640701227686071e-01, -9.4876332353326827e-03, -6.4958372812298727e-04,  4.5417151806489246e-03,  1.3773633714761452e-01,  5.4286385468266883e-02,  6.5361334530897701e-03, -2.1458505965237891e-03, -1.3527011181753100e-03,  5.1554945413535714e-03, -1.8591186365663915e-02, -1.1837130206900279e-03
   146,  1.5302e+03,  1.4891662282885490e-01,  1.2167288942022146e-02,  2.2826689110403485e-03,  1.1701039018422180e-02,  2.4237026864305738e-01, -1.1458861463687667e-01, -1.4309233908658360e-02, -3.2518757420044605e-03, -4.6363820219319946e-04, -8.7831605282096183e-03,  2.1626379481521386e-02,  5.4666827033496637e-03, -1.8640701227686071e-01, -9.4876332353326827e-03, -6.4958372812298727e-04,  4.5417151806489246e-03,  1.3773633714761452e-01,  5.4286385468266883e-02,  6.5361334530897701e-03, -2.2458505965237889e-03, -1.2527011181753100e-03,  5.1554945413535714e-03, -1.8591186365663915e-02, -1.1837130206900279e-03
   147,  1.5302e+03,  1.4891662282885490e-01,  1.2167288942022146e-02,  2.2826689110403485e-03,  1.1701039018422180e-02,  2.4237026864305738e-01, -1.1458861463687667e-01, -1.4309233908658360e-02, -3.2518757420044605e-03, -4.6363820219319946e-04, -8.7831605282096183e-03,  2.1626379481521386e-02,  5.4666827033496637e-03, -1.8640701227686071e-01, -9.4876332353326827e-03, -6.4958372812298727e-04,  4.5417151806489246e-03,  1.3773633714761452e-01,  5.4286385468266883e-02,  6.5361334530897701e-03, -2.2458505965237889e-03, -1.3527011181753100e-03,  5.2554945413535717e-03, -1.8591186365663915e-02, -1.1837130206900279e-03
   148,  1.5302e+03,  1.4891662282885490e-01,  1.2167288942022146e-02,  2.2826689110403485e-03,  1.1701039018422180e-02,  2.4237026864305738e-01, -1.1458861463687667e-01, -1.4309233908658360e-02, -3.2518757420044605e-03, -4.6363820219319946e-04, -8.7831605282096183e-03,  2.1626379481521386e-02,  5.4666827033496637e-03, -1.8640701227686071e-01, -9.4876332353326827e-03, -6.4958372812298727e-04,  4.5417151806489246e-03,  1.3773633714761452e-01,  5.4286385468266883e-02,  6.5361334530897701e-03, -2.2458505965237889e-03, -1.3527011181753100e-03,  5.1554945413535714e-03, -1.8405274502007275e-02, -1.1837130206900279e-03
   149,  1.5302e+03,  1.4891662282885490e-01,  1.2167288942022146e-02,  2.2826689110403485e-03,  1.1701039018422180e-02,  2.4237026864305738e-01, -1.1458861463687667e-01, -1.4309233908658360e-02, -3.2518757420044605e-03, -4.6363820219319946e-04, -8.7831605282096183e-03,  2.1626379481521386e-02,  5.4666827033496637e-03, -1.8640701227686071e-01, -9.4876332353326827e-03, -6.4958372812298727e-04,  4.5417151806489246e-03,  1.3773633714761452e-01,  5.4286385468266883e-02,  6.5361334530897701e-03, -2.2458505965237889e-03, -1.3527011181753100e-03,  5.1554945413535714e-03, -1.8591186365663915e-02, -1.0837130206900279e-03
