Problem type:
least_squares
nparams:
8
function_evaluation,seconds,x(0),x(1),x(2),x(3),x(4),x(5),x(6),x(7)
     0,  3.3723e+02,  1.6357364695090851e-01,  3.6959981289520778e-02,  1.6587767138577511e-01, -1.0887894979133880e-01, -1.2536585945864520e-01,  3.3577030361738418e-02,  2.1539380707832340e-01,  8.0042024214965632e-02
     1,  3.3723e+02,  1.6520938342041760e-01,  3.6959981289520778e-02,  1.6587767138577511e-01, -1.0887894979133880e-01, -1.2536585945864520e-01,  3.3577030361738418e-02,  2.1539380707832340e-01,  8.0042024214965632e-02
     2,  3.3723e+02,  1.6357364695090851e-01,  3.7329581102415986e-02,  1.6587767138577511e-01, -1.0887894979133880e-01, -1.2536585945864520e-01,  3.3577030361738418e-02,  2.1539380707832340e-01,  8.0042024214965632e-02
     3,  3.3723e+02,  1.6357364695090851e-01,  3.6959981289520778e-02,  1.6753644809963286e-01, -1.0887894979133880e-01, -1.2536585945864520e-01,  3.3577030361738418e-02,  2.1539380707832340e-01,  8.0042024214965632e-02
     4,  3.3723e+02,  1.6357364695090851e-01,  3.6959981289520778e-02,  1.6587767138577511e-01, -1.0779016029342542e-01, -1.2536585945864520e-01,  3.3577030361738418e-02,  2.1539380707832340e-01,  8.0042024214965632e-02
     5,  3.3723e+02,  1.6357364695090851e-01,  3.6959981289520778e-02,  1.6587767138577511e-01, -1.0887894979133880e-01, -1.2411220086405875e-01,  3.3577030361738418e-02,  2.1539380707832340e-01,  8.0042024214965632e-02
     6,  3.3723e+02,  1.6357364695090851e-01,  3.6959981289520778e-02,  1.6587767138577511e-01, -1.0887894979133880e-01, -1.2536585945864520e-01,  3.3912800665355805e-02,  2.1539380707832340e-01,  8.0042024214965632e-02
     7,  3.3723e+02,  1.6357364695090851e-01,  3.6959981289520778e-02,  1.6587767138577511e-01, -1.0887894979133880e-01, -1.2536585945864520e-01,  3.3577030361738418e-02,  2.1754774514910663e-01,  8.0042024214965632e-02
     8,  3.3723e+02,  1.6357364695090851e-01,  3.6959981289520778e-02,  1.6587767138577511e-01, -1.0887894979133880e-01, -1.2536585945864520e-01,  3.3577030361738418e-02,  2.1539380707832340e-01,  8.0842444457115289e-02
     9,  5.9447e+02,  1.1432052509068681e-01,  2.2430321892299779e-02,  1.4208662990542167e-01, -9.9293923762954858e-02, -1.1602176247122600e-01,  2.6759919270027438e-02,  2.5901141532994643e-01,  1.0573091683482112e-01
    10,  5.9447e+02,  1.1546373034159368e-01,  2.2430321892299779e-02,  1.4208662990542167e-01, -9.9293923762954858e-02, -1.1602176247122600e-01,  2.6759919270027438e-02,  2.5901141532994643e-01,  1.0573091683482112e-01
    11,  5.9447e+02,  1.1432052509068681e-01,  2.2654625111222775e-02,  1.4208662990542167e-01, -9.9293923762954858e-02, -1.1602176247122600e-01,  2.6759919270027438e-02,  2.5901141532994643e-01,  1.0573091683482112e-01
    12,  5.9447e+02,  1.1432052509068681e-01,  2.2430321892299779e-02,  1.4350749620447589e-01, -9.9293923762954858e-02, -1.1602176247122600e-01,  2.6759919270027438e-02,  2.5901141532994643e-01,  1.0573091683482112e-01
    13,  5.9447e+02,  1.1432052509068681e-01,  2.2430321892299779e-02,  1.4208662990542167e-01, -9.8300984525325305e-02, -1.1602176247122600e-01,  2.6759919270027438e-02,  2.5901141532994643e-01,  1.0573091683482112e-01
    14,  5.9447e+02,  1.1432052509068681e-01,  2.2430321892299779e-02,  1.4208662990542167e-01, -9.9293923762954858e-02, -1.1486154484651374e-01,  2.6759919270027438e-02,  2.5901141532994643e-01,  1.0573091683482112e-01
    15,  5.9447e+02,  1.1432052509068681e-01,  2.2430321892299779e-02,  1.4208662990542167e-01, -9.9293923762954858e-02, -1.1602176247122600e-01,  2.7027518462727711e-02,  2.5901141532994643e-01,  1.0573091683482112e-01
    16,  5.9447e+02,  1.1432052509068681e-01,  2.2430321892299779e-02,  1.4208662990542167e-01, -9.9293923762954858e-02, -1.1602176247122600e-01,  2.6759919270027438e-02,  2.6160152948324589e-01,  1.0573091683482112e-01
    17,  5.9447e+02,  1.1432052509068681e-01,  2.2430321892299779e-02,  1.4208662990542167e-01, -9.9293923762954858e-02, -1.1602176247122600e-01,  2.6759919270027438e-02,  2.5901141532994643e-01,  1.0678822600316934e-01
    18,  1.1024e+03,  1.1435002765561203e-01,  2.2715731030758021e-02,  1.4212612532727523e-01, -9.9260436442442895e-02, -1.1602804654803302e-01,  2.6765999960267944e-02,  2.5901376567092360e-01,  1.0581044280594507e-01
    19,  1.1024e+03,  1.1549352793216815e-01,  2.2715731030758021e-02,  1.4212612532727523e-01, -9.9260436442442895e-02, -1.1602804654803302e-01,  2.6765999960267944e-02,  2.5901376567092360e-01,  1.0581044280594507e-01
    20,  1.1024e+03,  1.1435002765561203e-01,  2.2942888341065601e-02,  1.4212612532727523e-01, -9.9260436442442895e-02, -1.1602804654803302e-01,  2.6765999960267944e-02,  2.5901376567092360e-01,  1.0581044280594507e-01
    21,  1.1024e+03,  1.1435002765561203e-01,  2.2715731030758021e-02,  1.4354738658054797e-01, -9.9260436442442895e-02, -1.1602804654803302e-01,  2.6765999960267944e-02,  2.5901376567092360e-01,  1.0581044280594507e-01
    22,  1.1024e+03,  1.1435002765561203e-01,  2.2715731030758021e-02,  1.4212612532727523e-01, -9.8267832078018466e-02, -1.1602804654803302e-01,  2.6765999960267944e-02,  2.5901376567092360e-01,  1.0581044280594507e-01
    23,  1.1024e+03,  1.1435002765561203e-01,  2.2715731030758021e-02,  1.4212612532727523e-01, -9.9260436442442895e-02, -1.1486776608255268e-01,  2.6765999960267944e-02,  2.5901376567092360e-01,  1.0581044280594507e-01
    24,  1.1024e+03,  1.1435002765561203e-01,  2.2715731030758021e-02,  1.4212612532727523e-01, -9.9260436442442895e-02, -1.1602804654803302e-01,  2.7033659959870622e-02,  2.5901376567092360e-01,  1.0581044280594507e-01
    25,  1.1024e+03,  1.1435002765561203e-01,  2.2715731030758021e-02,  1.4212612532727523e-01, -9.9260436442442895e-02, -1.1602804654803302e-01,  2.6765999960267944e-02,  2.6160390332763284e-01,  1.0581044280594507e-01
    26,  1.1024e+03,  1.1435002765561203e-01,  2.2715731030758021e-02,  1.4212612532727523e-01, -9.9260436442442895e-02, -1.1602804654803302e-01,  2.6765999960267944e-02,  2.5901376567092360e-01,  1.0686854723400452e-01
