Problem type:
least_squares
nparams:
24
function_evaluation,seconds,x(0),x(1),x(2),x(3),x(4),x(5),x(6),x(7),x(8),x(9),x(10),x(11),x(12),x(13),x(14),x(15),x(16),x(17),x(18),x(19),x(20),x(21),x(22),x(23),objective_function
     0,  5.9716e+01,  1.0177098577593813e-01,  0.0000000000000000e+00,  0.0000000000000000e+00,  4.1064512636497909e-03,  1.7201349350786074e-01, -9.1779687935459195e-02,  0.0000000000000000e+00,  0.0000000000000000e+00,  0.0000000000000000e+00,  0.0000000000000000e+00,  0.0000000000000000e+00,  0.0000000000000000e+00, -1.2188831262957864e-01,  0.0000000000000000e+00,  0.0000000000000000e+00, -2.3444752113936608e-03,  2.1700245849038646e-01,  9.6905873960064184e-02,  0.0000000000000000e+00,  0.0000000000000000e+00,  0.0000000000000000e+00,  0.0000000000000000e+00,  0.0000000000000000e+00,  0.0000000000000000e+00,  7.7321241115244934e+00
     1,  3.1007e+02,  1.8629682313266316e-01,  8.1596310892503871e-03,  4.3582110636850423e-03,  1.8283614975577362e-02,  1.8888104213807652e-01, -1.0224911114026940e-01, -1.5468524466039494e-02, -9.1303498756189279e-04,  5.8631913588475144e-04, -1.0662385581019798e-02,  2.2684616859912632e-02,  8.9214967020558120e-03, -1.4101749188812607e-01, -6.9617254927517858e-03,  4.6742868328805394e-03,  1.4876916625271436e-02,  1.9036890412916907e-01,  8.0098296043444067e-02,  6.4007470572237969e-03, -5.8699211436659404e-04, -1.7155482202525201e-03,  1.9633849460565754e-03, -3.4558505826230781e-02, -3.1366898488175724e-03,  5.6885890199995819e+00
     2,  5.0956e+02,  1.4882576495449909e-01,  1.2733284797018631e-02,  3.0382703471428900e-03,  1.1927973856082312e-02,  2.4188291582950663e-01, -1.1493197382533947e-01, -1.4521064266576572e-02, -3.0469465988153879e-03, -1.4622085493208609e-03, -8.6510340897565027e-03,  2.1477828491581516e-02,  6.6013332211084970e-03, -1.8626807588184324e-01, -9.9943967950788058e-03,  1.8569000964388498e-03,  7.2021014844683368e-03,  1.3758323578922482e-01,  5.4357985306749762e-02,  7.2712218447974278e-03, -1.5385462181731944e-03, -1.2520549358053944e-03,  4.6870257182905582e-03, -1.8429610518799794e-02, -1.6951711292400237e-03,  3.3634175805525355e+00
     3,  7.0255e+02,  1.4566394482131143e-01,  1.3691105467523966e-02, -2.8136234388164826e-04, -5.2029692130215605e-04,  2.1421834818946139e-01, -8.9090227113704443e-02, -1.7405070470901601e-02, -1.6061815921860189e-03,  2.6213670743448656e-03, -5.0165201553904262e-03,  2.5359354727299718e-02,  8.5571112630259717e-04, -1.5552287220890287e-01, -1.0172217921467795e-02,  9.5832479062551296e-04, -2.3968144926300094e-03,  1.7514984190197525e-01,  8.2735518093121185e-02,  9.5185166417480708e-03, -1.4743623669597268e-03, -1.6094032790812617e-03,  1.3649916899772210e-02, -2.0200968787556246e-02, -4.6080146638997344e-03,  5.4915521011998347e+00
     4,  7.6479e+02,  1.4819597965825873e-01,  1.3589152508840924e-02, -8.0955642583119096e-04,  9.7654161590659677e-03,  2.4777651212495139e-01, -1.1204816891374386e-01, -1.1916844403358233e-02, -4.6236020065267081e-03,  1.7479956574465425e-04, -1.3049160591151956e-02,  2.3677107139065352e-02,  9.8291437622872145e-04, -1.8719813764334550e-01, -1.0677137105115328e-02,  6.6041811332000493e-04,  9.5761684910913164e-04,  1.4596328342766973e-01,  6.2325371750349329e-02,  6.8143734649757223e-03, -1.7431999743235344e-03, -2.4522033242489645e-03,  3.7763801404395864e-03, -1.6022888607022650e-02, -9.7887159898918689e-04,  3.5344570597443794e+00
     5,  8.2745e+02,  1.4890898738307437e-01,  1.2192581156275710e-02,  2.3940775164598095e-03,  1.1523858564699743e-02,  2.4232941691227591e-01, -1.1460729019492670e-01, -1.4393138364171689e-02, -3.2825387688086285e-03, -9.3870446362654628e-04, -9.2249217124841416e-03,  2.1588668463150492e-02,  5.0718313132171264e-03, -1.8639827687049806e-01, -9.5431319804357186e-03, -6.0720267682091338e-04,  4.3096880130820778e-03,  1.3772477464083968e-01,  5.4135945917411755e-02,  7.0472144066149097e-03, -2.2595231797301850e-03, -1.3661990325015366e-03,  5.1302222941726067e-03, -1.8534917329717009e-02, -1.6853173103637696e-03,  3.2646528766246274e+00
     6,  1.0186e+03,  1.4891680636628654e-01,  1.2167258390275798e-02,  2.2835378361982239e-03,  1.1703111927046072e-02,  2.4237034074461450e-01, -1.1458853825399819e-01, -1.4307686817681983e-02, -3.2519848998271528e-03, -4.6357390239195776e-04, -8.7831488419241755e-03,  2.1626402165372996e-02,  5.4666775773452294e-03, -1.8640690227281367e-01, -9.4874963183823238e-03, -6.4772085328408582e-04,  4.5435028106407304e-03,  1.3773644910190252e-01,  5.4286632571000158e-02,  6.5372104505314575e-03, -2.2457985825102980e-03, -1.3526821911416546e-03,  5.1567522427071110e-03, -1.8590614783747322e-02, -1.1825030262471003e-03,  3.1588082594554492e+00
     7,  1.2119e+03,  1.4890503548504974e-01,  1.2169204667876079e-02,  2.2281044137357603e-03,  1.1570225145589065e-02,  2.4236593429892936e-01, -1.1459317162770999e-01, -1.4406493179731261e-02, -3.2448279209704618e-03, -4.6781434045913174e-04, -8.7839845986650532e-03,  2.1624926176845617e-02,  5.4670014675812515e-03, -1.8641394087062979e-01, -9.4963618603872493e-03, -7.6609659567631369e-04,  4.4284476803462943e-03,  1.3772931007714062e-01,  5.4270978786433499e-02,  6.4688053414822446e-03, -2.2492315289075011e-03, -1.3537278270605005e-03,  5.0758603834951252e-03, -1.8627268051542339e-02, -1.2603345666329559e-03,  3.2358460346031919e+00
     8,  1.2749e+03,  1.4891386839538470e-01,  1.2167746713887062e-02,  2.2696449600984980e-03,  1.1669932972984288e-02,  2.4236919869254078e-01, -1.1458974619866634e-01, -1.4332428735016741e-02, -3.2502288304506440e-03, -4.6460970282477277e-04, -8.7833407105178691e-03,  2.1626037872290553e-02,  5.4667593755644657e-03, -1.8640866224536060e-01, -9.4896927410356539e-03, -6.7747952700463853e-04,  4.5148644651752910e-03,  1.3773465927857864e-01,  5.4282687836123326e-02,  6.5200077280663628e-03, -2.2466366397528668e-03, -1.3529757539886018e-03,  5.1366067098212939e-03, -1.8599764145702524e-02, -1.2018848671429955e-03,  3.1809934420087518e+00
     9,  1.3381e+03,  1.4891607214895211e-01,  1.2167380572430837e-02,  2.2800626243070585e-03,  1.1694819680115581e-02,  2.4237005290769739e-01, -1.1458884308799133e-01, -1.4313874613995707e-02, -3.2515477985733698e-03, -4.6383144654857183e-04, -8.7831958275525323e-03,  2.1626311363436203e-02,  5.4666980708094450e-03, -1.8640734228446829e-01, -9.4880442694621845e-03, -6.5517002301023787e-04,  4.5363505033558307e-03,  1.3773600135580746e-01,  5.4285644597927486e-02,  6.5329039008485525e-03, -2.2460069260292269e-03, -1.3527574426605482e-03,  5.1517203383652154e-03, -1.8592901311224871e-02, -1.1873440843219263e-03,  3.1659631194094455e+00
    10,  1.4014e+03,  1.4891662282885490e-01,  1.2167288942022146e-02,  2.2826689110403485e-03,  1.1701039018422180e-02,  2.4237026864305738e-01, -1.1458861463687667e-01, -1.4309233908658360e-02, -3.2518757420044605e-03, -4.6363820219319946e-04, -8.7831605282096183e-03,  2.1626379481521386e-02,  5.4666827033496637e-03, -1.8640701227686071e-01, -9.4876332353326827e-03, -6.4958372812298727e-04,  4.5417151806489246e-03,  1.3773633714761452e-01,  5.4286385468266883e-02,  6.5361334530897701e-03, -2.2458505965237889e-03, -1.3527011181753100e-03,  5.1554945413535714e-03, -1.8591186365663915e-02, -1.1837130206900279e-03,  3.1587719704471984e+00
    11,  1.5934e+03,  1.4891659572243127e-01,  1.2167290353657805e-02,  2.2824345885860552e-03,  1.1700509586182481e-02,  2.4237024963114487e-01, -1.1458863429754523e-01, -1.4309630633533601e-02, -3.2518579867351835e-03, -4.6366358778890816e-04, -8.7831697037869770e-03,  2.1626370523782693e-02,  5.4666764264136242e-03, -1.8640704091568819e-01, -9.4876746083026112e-03, -6.5006033324292484e-04,  4.5412589906490292e-03,  1.3773630877983029e-01,  5.4286328223787407e-02,  6.5360824246726307e-03, -2.2458708362420761e-03, -1.3527127596583862e-03,  5.1551636171106741e-03, -1.8591339310852009e-02, -1.1840334752477744e-03,  3.1590890277818571e+00
    12,  1.6559e+03,  1.4891661605224971e-01,  1.2167289294978302e-02,  2.2826103300869196e-03,  1.1700906660755897e-02,  2.4237026388951247e-01, -1.1458861955276031e-01, -1.4309333090413271e-02, -3.2518713035747985e-03, -4.6364454828751531e-04, -8.7831628218512231e-03,  2.1626377242151561e-02,  5.4666811341721857e-03, -1.8640701943656918e-01, -9.4876435783148028e-03, -6.4970288152031794e-04,  4.5416011344378863e-03,  1.3773633005559469e-01,  5.4286371156633338e-02,  6.5361206942719250e-03, -2.2458556561876300e-03, -1.3527040288932564e-03,  5.1554118112254561e-03, -1.8591224601816177e-02, -1.1837931334300240e-03,  3.1588521328846504e+00
    13,  1.7195e+03,  1.4891662113470364e-01,  1.2167289030264136e-02,  2.2826542657807562e-03,  1.1701005929030206e-02,  2.4237026745463575e-01, -1.1458861586589235e-01, -1.4309258704130584e-02, -3.2518746324212665e-03, -4.6363978869774569e-04, -8.7831611016042279e-03,  2.1626378921682982e-02,  5.4666823110588259e-03, -1.8640701406678792e-01, -9.4876358210619453e-03, -6.4961351660461483e-04,  4.5416866691767015e-03,  1.3773633537460495e-01,  5.4286381890326404e-02,  6.5361302632782415e-03, -2.2458518614231456e-03, -1.3527018458764891e-03,  5.1554738588798135e-03, -1.8591195924692935e-02, -1.1837330488188279e-03,  3.1587920916805281e+00
    14,  1.7826e+03,  1.4891662240531708e-01,  1.2167288964082828e-02,  2.2826652497241235e-03,  1.1701030746075723e-02,  2.4237026834594977e-01, -1.1458861494413339e-01, -1.4309240107528510e-02, -3.2518754646101758e-03, -4.6363859881814654e-04, -8.7831606715572837e-03,  2.1626379341562040e-02,  5.4666826052771752e-03, -1.8640701272434251e-01, -9.4876338817639818e-03, -6.4959117525166196e-04,  4.5417080527859017e-03,  1.3773633670436183e-01,  5.4286384573779760e-02,  6.5361326556301969e-03, -2.2458509127475904e-03, -1.3527013001019604e-03,  5.1554893707387740e-03, -1.8591188755420606e-02, -1.1837180277187156e-03,  3.1587769994549642e+00
    15,  1.8455e+03,  1.4891662272297046e-01,  1.2167288947537328e-02,  2.2826679957112092e-03,  1.1701036950335662e-02,  2.4237026856878033e-01, -1.1458861471369103e-01, -1.4309235458376028e-02, -3.2518756726559839e-03, -4.6363830134936191e-04, -8.7831605640464726e-03,  2.1626379446531566e-02,  5.4666826788315557e-03, -1.8640701238873117e-01, -9.4876333969404446e-03, -6.4958558990567265e-04,  4.5417133986834840e-03,  1.3773633703680133e-01,  5.4286385244644977e-02,  6.5361332537244585e-03, -2.2458506755796744e-03, -1.3527011636570573e-03,  5.1554932487000993e-03, -1.8591186963103051e-02, -1.1837142724469803e-03,  3.1587732230986947e+00
    16,  1.9081e+03,  1.4891662280238380e-01,  1.2167288943400942e-02,  2.2826686822080586e-03,  1.1701038501400557e-02,  2.4237026862448813e-01, -1.1458861465608026e-01, -1.4309234296087785e-02, -3.2518757246673474e-03, -4.6363822698223541e-04, -8.7831605371688284e-03,  2.1626379472773932e-02,  5.4666826972201371e-03, -1.8640701230482831e-01, -9.4876332757346197e-03, -6.4958419356869095e-04,  4.5417147351575838e-03,  1.3773633711991121e-01,  5.4286385412361401e-02,  6.5361334032484160e-03, -2.2458506162877563e-03, -1.3527011295457522e-03,  5.1554942181902177e-03, -1.8591186515023696e-02, -1.1837133336292523e-03,  3.1587722899978905e+00
