  -1.8091246765591928E-005   94.468838673504607     
  -1.0018091246765592E-002   0.0000000000000000     
   212961.57994835576        442.82461449738690     
 
   21257700.164900355       0.25167604306188895     
   44202.493627748554        4618.0902458683368     
 
   4.7041782768770394E-008  -2.5636765666096137E-012
  -4.5026493471729970E-007   2.1653975129991588E-004
 
   612.01145838922798        1427.2527879327974     
 
 
  -2.6312994630598927E-005  -107.17132424279660     
  -1.0026312994630599E-002   0.0000000000000000     
   213144.49495228764        377.52162993970933     
 
   21258511.984059658      -0.10745994432428559     
   37653.086447819915        4613.2908225311930     
 
   4.7039979067786081E-008   1.0957283479618899E-012
  -3.8393426004978740E-007   2.1676499427663912E-004
 
   566.32383719432050        1337.7586418741657     
 
 
  -8.9920571719904335E-006   11.017492619348344     
  -1.0008992057171991E-002   0.0000000000000000     
   212491.10856497084       -332.84375701529007     
 
   21230020.700506933        5.9026554382478405E-002
  -33254.473089204730        4604.6385874385387     
 
   4.7103109037321145E-008  -6.0381160744298210E-013
   3.4017633352866911E-007   2.1717230591094915E-004
 
   333.34073282111166        780.95754874209456     
 
 
   6.6703521354911921E-006  -118.64811084375545     
  -9.9933296478645090E-003   1.9579940007318442E-002
   212181.50538440890       -478.93988691232380     
 
   21232313.296186108        2.9168402554304241E-002
  -38918.511181527167        4597.2753357565362     
 
   4.7098023395776634E-008  -2.9882354342259148E-013
   3.9871115308231186E-007   2.1752014298392479E-004
 
   1137.2221384819027        2661.8098605002751     
 
 
   1.0113908194959303E-005  -118.06563432379174     
  -9.9898860918050409E-003   1.8904065891916844E-002
   212104.62549864792       -477.56566345795500     
 
   21231936.394580461        3.1298065596421995E-002
  -39105.286039370221        4597.3342895684409     
 
   4.7098859419926333E-008  -3.2064302893664247E-013
   4.0062659222399070E-007   2.1751735342157035E-004
 
   1137.2149656725423        2661.8063865041067     
 
 
  -1.4987764809471990E-005   101.29251872443794     
  -1.0014987764809472E-002   0.0000000000000000     
   212743.59590575428        5.0244231004808171     
 
   21242521.798507817       0.19277842955329499     
   501.69038829063697        4595.2725086609817     
 
   4.7075390129105306E-008  -1.9748817426155232E-012
  -5.1394712083540628E-009   2.1761495082305132E-004
 
   930.44395890464966        2173.1625445451086     
 
 
  -1.5081785840658293E-005  -235.60031956863358     
  -1.0015081785840659E-002   0.0000000000000000     
   212838.21437853522       -369.87646288261931     
 
   21251769.973505992      -0.32645682931485642     
  -36931.946317762311        4589.8441607571485     
 
   4.7054910007560144E-008   3.3468231571134534E-012
   3.7862492701705857E-007   2.1787234785760820E-004
 
   128.32643880338117        293.39229729549083     
 
 
  -2.4690955505810713E-006  -180.22323590054663     
  -1.0002469095550581E-002   0.0000000000000000     
   212392.63096566568       -36.410876044499673     
 
   21234020.214083415       -9.5868395702584985E-002
  -3640.1888070487416        4596.6252996023877     
 
   4.7094238090259534E-008   9.8220950333700050E-013
   3.7295169216311868E-008   2.1755090711046842E-004
 
   1005.4765020488056        2341.7989985670556     
 
 
