Problem type:
least_squares
nparams:
8
function_evaluation,seconds,x(0),x(1),x(2),x(3),x(4),x(5),x(6),x(7)
     0,  1.3111e+02,  1.6357364695090851e-01,  3.6959981289520778e-02,  1.6587767138577511e-01, -1.0887894979133880e-01, -1.2536585945864520e-01,  3.3577030361738418e-02,  2.1539380707832340e-01,  8.0042024214965632e-02
     1,  1.3111e+02,  1.6357528268737800e-01,  3.6959981289520778e-02,  1.6587767138577511e-01, -1.0887894979133880e-01, -1.2536585945864520e-01,  3.3577030361738418e-02,  2.1539380707832340e-01,  8.0042024214965632e-02
     2,  1.3111e+02,  1.6357364695090851e-01,  3.6960350889333672e-02,  1.6587767138577511e-01, -1.0887894979133880e-01, -1.2536585945864520e-01,  3.3577030361738418e-02,  2.1539380707832340e-01,  8.0042024214965632e-02
     3,  1.3111e+02,  1.6357364695090851e-01,  3.6959981289520778e-02,  1.6587933016248896e-01, -1.0887894979133880e-01, -1.2536585945864520e-01,  3.3577030361738418e-02,  2.1539380707832340e-01,  8.0042024214965632e-02
     4,  1.3111e+02,  1.6357364695090851e-01,  3.6959981289520778e-02,  1.6587767138577511e-01, -1.0887786100184089e-01, -1.2536585945864520e-01,  3.3577030361738418e-02,  2.1539380707832340e-01,  8.0042024214965632e-02
     5,  1.3111e+02,  1.6357364695090851e-01,  3.6959981289520778e-02,  1.6587767138577511e-01, -1.0887894979133880e-01, -1.2536460580005063e-01,  3.3577030361738418e-02,  2.1539380707832340e-01,  8.0042024214965632e-02
     6,  1.3111e+02,  1.6357364695090851e-01,  3.6959981289520778e-02,  1.6587767138577511e-01, -1.0887894979133880e-01, -1.2536585945864520e-01,  3.3577366132042034e-02,  2.1539380707832340e-01,  8.0042024214965632e-02
     7,  1.3111e+02,  1.6357364695090851e-01,  3.6959981289520778e-02,  1.6587767138577511e-01, -1.0887894979133880e-01, -1.2536585945864520e-01,  3.3577030361738418e-02,  2.1539596101639419e-01,  8.0042024214965632e-02
     8,  1.3111e+02,  1.6357364695090851e-01,  3.6959981289520778e-02,  1.6587767138577511e-01, -1.0887894979133880e-01, -1.2536585945864520e-01,  3.3577030361738418e-02,  2.1539380707832340e-01,  8.0042824635207788e-02
     9,  2.5069e+02,  1.6228685153206870e-01,  2.5387539459896129e-02,  1.5436177438956744e-01, -1.2185266769027173e-01, -1.2512189780764532e-01,  2.4468515690516897e-02,  2.1796993873372533e-01,  7.6956185594056911e-02
    10,  2.5069e+02,  1.6228847440058403e-01,  2.5387539459896129e-02,  1.5436177438956744e-01, -1.2185266769027173e-01, -1.2512189780764532e-01,  2.4468515690516897e-02,  2.1796993873372533e-01,  7.6956185594056911e-02
    11,  2.5069e+02,  1.6228685153206870e-01,  2.5387793335290728e-02,  1.5436177438956744e-01, -1.2185266769027173e-01, -1.2512189780764532e-01,  2.4468515690516897e-02,  2.1796993873372533e-01,  7.6956185594056911e-02
    12,  2.5069e+02,  1.6228685153206870e-01,  2.5387539459896129e-02,  1.5436331800731135e-01, -1.2185266769027173e-01, -1.2512189780764532e-01,  2.4468515690516897e-02,  2.1796993873372533e-01,  7.6956185594056911e-02
    13,  2.5069e+02,  1.6228685153206870e-01,  2.5387539459896129e-02,  1.5436177438956744e-01, -1.2185144916359482e-01, -1.2512189780764532e-01,  2.4468515690516897e-02,  2.1796993873372533e-01,  7.6956185594056911e-02
    14,  2.5069e+02,  1.6228685153206870e-01,  2.5387539459896129e-02,  1.5436177438956744e-01, -1.2185266769027173e-01, -1.2512064658866726e-01,  2.4468515690516897e-02,  2.1796993873372533e-01,  7.6956185594056911e-02
    15,  2.5069e+02,  1.6228685153206870e-01,  2.5387539459896129e-02,  1.5436177438956744e-01, -1.2185266769027173e-01, -1.2512189780764532e-01,  2.4468760375673804e-02,  2.1796993873372533e-01,  7.6956185594056911e-02
    16,  2.5069e+02,  1.6228685153206870e-01,  2.5387539459896129e-02,  1.5436177438956744e-01, -1.2185266769027173e-01, -1.2512189780764532e-01,  2.4468515690516897e-02,  2.1797211843311268e-01,  7.6956185594056911e-02
    17,  2.5069e+02,  1.6228685153206870e-01,  2.5387539459896129e-02,  1.5436177438956744e-01, -1.2185266769027173e-01, -1.2512189780764532e-01,  2.4468515690516897e-02,  2.1796993873372533e-01,  7.6956955155912846e-02
    18,  3.7144e+02,  1.6340890280849033e-01,  2.6989017580719237e-02,  1.5313619307836498e-01, -1.2303164413732723e-01, -1.2495941918162283e-01,  2.1651823482792838e-02,  2.2198419872749217e-01,  7.8596510288775012e-02
    19,  3.7144e+02,  1.6341053689751842e-01,  2.6989017580719237e-02,  1.5313619307836498e-01, -1.2303164413732723e-01, -1.2495941918162283e-01,  2.1651823482792838e-02,  2.2198419872749217e-01,  7.8596510288775012e-02
    20,  3.7144e+02,  1.6340890280849033e-01,  2.6989287470895046e-02,  1.5313619307836498e-01, -1.2303164413732723e-01, -1.2495941918162283e-01,  2.1651823482792838e-02,  2.2198419872749217e-01,  7.8596510288775012e-02
    21,  3.7144e+02,  1.6340890280849033e-01,  2.6989017580719237e-02,  1.5313772444029577e-01, -1.2303164413732723e-01, -1.2495941918162283e-01,  2.1651823482792838e-02,  2.2198419872749217e-01,  7.8596510288775012e-02
    22,  3.7144e+02,  1.6340890280849033e-01,  2.6989017580719237e-02,  1.5313619307836498e-01, -1.2303041382088585e-01, -1.2495941918162283e-01,  2.1651823482792838e-02,  2.2198419872749217e-01,  7.8596510288775012e-02
    23,  3.7144e+02,  1.6340890280849033e-01,  2.6989017580719237e-02,  1.5313619307836498e-01, -1.2303164413732723e-01, -1.2495816958743101e-01,  2.1651823482792838e-02,  2.2198419872749217e-01,  7.8596510288775012e-02
    24,  3.7144e+02,  1.6340890280849033e-01,  2.6989017580719237e-02,  1.5313619307836498e-01, -1.2303164413732723e-01, -1.2495941918162283e-01,  2.1652040001027665e-02,  2.2198419872749217e-01,  7.8596510288775012e-02
    25,  3.7144e+02,  1.6340890280849033e-01,  2.6989017580719237e-02,  1.5313619307836498e-01, -1.2303164413732723e-01, -1.2495941918162283e-01,  2.1651823482792838e-02,  2.2198641856947945e-01,  7.8596510288775012e-02
    26,  3.7144e+02,  1.6340890280849033e-01,  2.6989017580719237e-02,  1.5313619307836498e-01, -1.2303164413732723e-01, -1.2495941918162283e-01,  2.1651823482792838e-02,  2.2198419872749217e-01,  7.8597296253877902e-02
    27,  4.9140e+02,  1.6592132735503956e-01,  3.0591917027498704e-02,  1.5269684501308600e-01, -1.2484546893420564e-01, -1.2470880141653901e-01,  1.7747681803918315e-02,  2.3152423759741231e-01,  8.0794203171316900e-02
    28,  4.9140e+02,  1.6592298656831311e-01,  3.0591917027498704e-02,  1.5269684501308600e-01, -1.2484546893420564e-01, -1.2470880141653901e-01,  1.7747681803918315e-02,  2.3152423759741231e-01,  8.0794203171316900e-02
    29,  4.9140e+02,  1.6592132735503956e-01,  3.0592222946668978e-02,  1.5269684501308600e-01, -1.2484546893420564e-01, -1.2470880141653901e-01,  1.7747681803918315e-02,  2.3152423759741231e-01,  8.0794203171316900e-02
    30,  4.9140e+02,  1.6592132735503956e-01,  3.0591917027498704e-02,  1.5269837198153613e-01, -1.2484546893420564e-01, -1.2470880141653901e-01,  1.7747681803918315e-02,  2.3152423759741231e-01,  8.0794203171316900e-02
    31,  4.9140e+02,  1.6592132735503956e-01,  3.0591917027498704e-02,  1.5269684501308600e-01, -1.2484422047951631e-01, -1.2470880141653901e-01,  1.7747681803918315e-02,  2.3152423759741231e-01,  8.0794203171316900e-02
    32,  4.9140e+02,  1.6592132735503956e-01,  3.0591917027498704e-02,  1.5269684501308600e-01, -1.2484546893420564e-01, -1.2470755432852484e-01,  1.7747681803918315e-02,  2.3152423759741231e-01,  8.0794203171316900e-02
    33,  4.9140e+02,  1.6592132735503956e-01,  3.0591917027498704e-02,  1.5269684501308600e-01, -1.2484546893420564e-01, -1.2470880141653901e-01,  1.7747859280736356e-02,  2.3152423759741231e-01,  8.0794203171316900e-02
    34,  4.9140e+02,  1.6592132735503956e-01,  3.0591917027498704e-02,  1.5269684501308600e-01, -1.2484546893420564e-01, -1.2470880141653901e-01,  1.7747681803918315e-02,  2.3152655283978829e-01,  8.0794203171316900e-02
    35,  4.9140e+02,  1.6592132735503956e-01,  3.0591917027498704e-02,  1.5269684501308600e-01, -1.2484546893420564e-01, -1.2470880141653901e-01,  1.7747681803918315e-02,  2.3152423759741231e-01,  8.0795011113348608e-02
    36,  6.1179e+02,  1.7143179291228772e-01,  3.9361038685334665e-02,  1.5562066742055394e-01, -1.2699119668687939e-01, -1.2395896653675009e-01,  1.1967396878480703e-02,  2.5081514367868185e-01,  8.3821626041105629e-02
    37,  6.1179e+02,  1.7143350723021683e-01,  3.9361038685334665e-02,  1.5562066742055394e-01, -1.2699119668687939e-01, -1.2395896653675009e-01,  1.1967396878480703e-02,  2.5081514367868185e-01,  8.3821626041105629e-02
    38,  6.1179e+02,  1.7143179291228772e-01,  3.9361432295721518e-02,  1.5562066742055394e-01, -1.2699119668687939e-01, -1.2395896653675009e-01,  1.1967396878480703e-02,  2.5081514367868185e-01,  8.3821626041105629e-02
    39,  6.1179e+02,  1.7143179291228772e-01,  3.9361038685334665e-02,  1.5562222362722816e-01, -1.2699119668687939e-01, -1.2395896653675009e-01,  1.1967396878480703e-02,  2.5081514367868185e-01,  8.3821626041105629e-02
    40,  6.1179e+02,  1.7143179291228772e-01,  3.9361038685334665e-02,  1.5562066742055394e-01, -1.2698992677491253e-01, -1.2395896653675009e-01,  1.1967396878480703e-02,  2.5081514367868185e-01,  8.3821626041105629e-02
    41,  6.1179e+02,  1.7143179291228772e-01,  3.9361038685334665e-02,  1.5562066742055394e-01, -1.2699119668687939e-01, -1.2395772694708472e-01,  1.1967396878480703e-02,  2.5081514367868185e-01,  8.3821626041105629e-02
    42,  6.1179e+02,  1.7143179291228772e-01,  3.9361038685334665e-02,  1.5562066742055394e-01, -1.2699119668687939e-01, -1.2395896653675009e-01,  1.1967516552449488e-02,  2.5081514367868185e-01,  8.3821626041105629e-02
    43,  6.1179e+02,  1.7143179291228772e-01,  3.9361038685334665e-02,  1.5562066742055394e-01, -1.2699119668687939e-01, -1.2395896653675009e-01,  1.1967396878480703e-02,  2.5081765183011862e-01,  8.3821626041105629e-02
    44,  6.1179e+02,  1.7143179291228772e-01,  3.9361038685334665e-02,  1.5562066742055394e-01, -1.2699119668687939e-01, -1.2395896653675009e-01,  1.1967396878480703e-02,  2.5081514367868185e-01,  8.3822464257366044e-02
    45,  7.4552e+02,  1.7091090046628446e-01,  4.0423578303227056e-02,  1.5266824049364111e-01, -1.2591291950115663e-01, -1.2404695718588318e-01,  1.2299867448359392e-02,  2.4659124212267913e-01,  8.5881096782151597e-02
    46,  7.4552e+02,  1.7091260957528912e-01,  4.0423578303227056e-02,  1.5266824049364111e-01, -1.2591291950115663e-01, -1.2404695718588318e-01,  1.2299867448359392e-02,  2.4659124212267913e-01,  8.5881096782151597e-02
    47,  7.4552e+02,  1.7091090046628446e-01,  4.0423982539010091e-02,  1.5266824049364111e-01, -1.2591291950115663e-01, -1.2404695718588318e-01,  1.2299867448359392e-02,  2.4659124212267913e-01,  8.5881096782151597e-02
    48,  7.4552e+02,  1.7091090046628446e-01,  4.0423578303227056e-02,  1.5266976717604605e-01, -1.2591291950115663e-01, -1.2404695718588318e-01,  1.2299867448359392e-02,  2.4659124212267913e-01,  8.5881096782151597e-02
    49,  7.4552e+02,  1.7091090046628446e-01,  4.0423578303227056e-02,  1.5266824049364111e-01, -1.2591166037196161e-01, -1.2404695718588318e-01,  1.2299867448359392e-02,  2.4659124212267913e-01,  8.5881096782151597e-02
    50,  7.4552e+02,  1.7091090046628446e-01,  4.0423578303227056e-02,  1.5266824049364111e-01, -1.2591291950115663e-01, -1.2404571671631133e-01,  1.2299867448359392e-02,  2.4659124212267913e-01,  8.5881096782151597e-02
    51,  7.4552e+02,  1.7091090046628446e-01,  4.0423578303227056e-02,  1.5266824049364111e-01, -1.2591291950115663e-01, -1.2404695718588318e-01,  1.2299990447033875e-02,  2.4659124212267913e-01,  8.5881096782151597e-02
    52,  7.4552e+02,  1.7091090046628446e-01,  4.0423578303227056e-02,  1.5266824049364111e-01, -1.2591291950115663e-01, -1.2404695718588318e-01,  1.2299867448359392e-02,  2.4659370803510036e-01,  8.5881096782151597e-02
    53,  7.4552e+02,  1.7091090046628446e-01,  4.0423578303227056e-02,  1.5266824049364111e-01, -1.2591291950115663e-01, -1.2404695718588318e-01,  1.2299867448359392e-02,  2.4659124212267913e-01,  8.5881955593119425e-02
    54,  8.6787e+02,  1.7133199199655763e-01,  3.7798679619518612e-02,  1.4401623861926674e-01, -1.3215985484675577e-01, -1.2388568106821728e-01,  1.0633433657211276e-02,  2.4659328432401795e-01,  8.9070408814633517e-02
    55,  8.6787e+02,  1.7133370531647760e-01,  3.7798679619518612e-02,  1.4401623861926674e-01, -1.3215985484675577e-01, -1.2388568106821728e-01,  1.0633433657211276e-02,  2.4659328432401795e-01,  8.9070408814633517e-02
    56,  8.6787e+02,  1.7133199199655763e-01,  3.7799057606314808e-02,  1.4401623861926674e-01, -1.3215985484675577e-01, -1.2388568106821728e-01,  1.0633433657211276e-02,  2.4659328432401795e-01,  8.9070408814633517e-02
    57,  8.6787e+02,  1.7133199199655763e-01,  3.7798679619518612e-02,  1.4401767878165292e-01, -1.3215985484675577e-01, -1.2388568106821728e-01,  1.0633433657211276e-02,  2.4659328432401795e-01,  8.9070408814633517e-02
    58,  8.6787e+02,  1.7133199199655763e-01,  3.7798679619518612e-02,  1.4401623861926674e-01, -1.3215853324820731e-01, -1.2388568106821728e-01,  1.0633433657211276e-02,  2.4659328432401795e-01,  8.9070408814633517e-02
    59,  8.6787e+02,  1.7133199199655763e-01,  3.7798679619518612e-02,  1.4401623861926674e-01, -1.3215985484675577e-01, -1.2388444221140660e-01,  1.0633433657211276e-02,  2.4659328432401795e-01,  8.9070408814633517e-02
    60,  8.6787e+02,  1.7133199199655763e-01,  3.7798679619518612e-02,  1.4401623861926674e-01, -1.3215985484675577e-01, -1.2388568106821728e-01,  1.0633539991547848e-02,  2.4659328432401795e-01,  8.9070408814633517e-02
    61,  8.6787e+02,  1.7133199199655763e-01,  3.7798679619518612e-02,  1.4401623861926674e-01, -1.3215985484675577e-01, -1.2388568106821728e-01,  1.0633433657211276e-02,  2.4659575025686117e-01,  8.9070408814633517e-02
    62,  8.6787e+02,  1.7133199199655763e-01,  3.7798679619518612e-02,  1.4401623861926674e-01, -1.3215985484675577e-01, -1.2388568106821728e-01,  1.0633433657211276e-02,  2.4659328432401795e-01,  8.9071299518721669e-02
    63,  9.9153e+02,  1.7177771513373388e-01,  3.9293447873122694e-02,  1.4242500917569292e-01, -1.3215717723487752e-01, -1.2383821674091659e-01,  1.0253423607291933e-02,  2.4619706977389272e-01,  9.0831530959372533e-02
    64,  9.9153e+02,  1.7177943291088521e-01,  3.9293447873122694e-02,  1.4242500917569292e-01, -1.3215717723487752e-01, -1.2383821674091659e-01,  1.0253423607291933e-02,  2.4619706977389272e-01,  9.0831530959372533e-02
    65,  9.9153e+02,  1.7177771513373388e-01,  3.9293840807601427e-02,  1.4242500917569292e-01, -1.3215717723487752e-01, -1.2383821674091659e-01,  1.0253423607291933e-02,  2.4619706977389272e-01,  9.0831530959372533e-02
    66,  9.9153e+02,  1.7177771513373388e-01,  3.9293447873122694e-02,  1.4242643342578468e-01, -1.3215717723487752e-01, -1.2383821674091659e-01,  1.0253423607291933e-02,  2.4619706977389272e-01,  9.0831530959372533e-02
    67,  9.9153e+02,  1.7177771513373388e-01,  3.9293447873122694e-02,  1.4242500917569292e-01, -1.3215585566310517e-01, -1.2383821674091659e-01,  1.0253423607291933e-02,  2.4619706977389272e-01,  9.0831530959372533e-02
    68,  9.9153e+02,  1.7177771513373388e-01,  3.9293447873122694e-02,  1.4242500917569292e-01, -1.3215717723487752e-01, -1.2383697835874918e-01,  1.0253423607291933e-02,  2.4619706977389272e-01,  9.0831530959372533e-02
    69,  9.9153e+02,  1.7177771513373388e-01,  3.9293447873122694e-02,  1.4242500917569292e-01, -1.3215717723487752e-01, -1.2383821674091659e-01,  1.0253526141528005e-02,  2.4619706977389272e-01,  9.0831530959372533e-02
    70,  9.9153e+02,  1.7177771513373388e-01,  3.9293447873122694e-02,  1.4242500917569292e-01, -1.3215717723487752e-01, -1.2383821674091659e-01,  1.0253423607291933e-02,  2.4619953174459044e-01,  9.0831530959372533e-02
    71,  9.9153e+02,  1.7177771513373388e-01,  3.9293447873122694e-02,  1.4242500917569292e-01, -1.3215717723487752e-01, -1.2383821674091659e-01,  1.0253423607291933e-02,  2.4619706977389272e-01,  9.0832439274682125e-02
    72,  1.1139e+03,  1.7319080194984413e-01,  4.3395285616176026e-02,  1.4374337023519893e-01, -1.3049318216904859e-01, -1.2375402906283263e-01,  8.9202541893748794e-03,  2.4887132843924636e-01,  9.1934227017380230e-02
    73,  1.1139e+03,  1.7319253385786362e-01,  4.3395285616176026e-02,  1.4374337023519893e-01, -1.3049318216904859e-01, -1.2375402906283263e-01,  8.9202541893748794e-03,  2.4887132843924636e-01,  9.1934227017380230e-02
    74,  1.1139e+03,  1.7319080194984413e-01,  4.3395719569032189e-02,  1.4374337023519893e-01, -1.3049318216904859e-01, -1.2375402906283263e-01,  8.9202541893748794e-03,  2.4887132843924636e-01,  9.1934227017380230e-02
    75,  1.1139e+03,  1.7319080194984413e-01,  4.3395285616176026e-02,  1.4374480766890127e-01, -1.3049318216904859e-01, -1.2375402906283263e-01,  8.9202541893748794e-03,  2.4887132843924636e-01,  9.1934227017380230e-02
    76,  1.1139e+03,  1.7319080194984413e-01,  4.3395285616176026e-02,  1.4374337023519893e-01, -1.3049187723722691e-01, -1.2375402906283263e-01,  8.9202541893748794e-03,  2.4887132843924636e-01,  9.1934227017380230e-02
    77,  1.1139e+03,  1.7319080194984413e-01,  4.3395285616176026e-02,  1.4374337023519893e-01, -1.3049318216904859e-01, -1.2375279152254200e-01,  8.9202541893748794e-03,  2.4887132843924636e-01,  9.1934227017380230e-02
    78,  1.1139e+03,  1.7319080194984413e-01,  4.3395285616176026e-02,  1.4374337023519893e-01, -1.3049318216904859e-01, -1.2375402906283263e-01,  8.9203541893748788e-03,  2.4887132843924636e-01,  9.1934227017380230e-02
    79,  1.1139e+03,  1.7319080194984413e-01,  4.3395285616176026e-02,  1.4374337023519893e-01, -1.3049318216904859e-01, -1.2375402906283263e-01,  8.9202541893748794e-03,  2.4887381715253076e-01,  9.1934227017380230e-02
    80,  1.1139e+03,  1.7319080194984413e-01,  4.3395285616176026e-02,  1.4374337023519893e-01, -1.3049318216904859e-01, -1.2375402906283263e-01,  8.9202541893748794e-03,  2.4887132843924636e-01,  9.1935146359650402e-02
    81,  1.2484e+03,  1.7328152637697386e-01,  4.3321809854529318e-02,  1.4270716367254008e-01, -1.3122025269671816e-01, -1.2374061046996555e-01,  8.6381505766217042e-03,  2.4872416634339856e-01,  9.2546721848406233e-02
    82,  1.2484e+03,  1.7328325919223764e-01,  4.3321809854529318e-02,  1.4270716367254008e-01, -1.3122025269671816e-01, -1.2374061046996555e-01,  8.6381505766217042e-03,  2.4872416634339856e-01,  9.2546721848406233e-02
    83,  1.2484e+03,  1.7328152637697386e-01,  4.3322243072627865e-02,  1.4270716367254008e-01, -1.3122025269671816e-01, -1.2374061046996555e-01,  8.6381505766217042e-03,  2.4872416634339856e-01,  9.2546721848406233e-02
    84,  1.2484e+03,  1.7328152637697386e-01,  4.3321809854529318e-02,  1.4270859074417680e-01, -1.3122025269671816e-01, -1.2374061046996555e-01,  8.6381505766217042e-03,  2.4872416634339856e-01,  9.2546721848406233e-02
    85,  1.2484e+03,  1.7328152637697386e-01,  4.3321809854529318e-02,  1.4270716367254008e-01, -1.3121894049419119e-01, -1.2374061046996555e-01,  8.6381505766217042e-03,  2.4872416634339856e-01,  9.2546721848406233e-02
    86,  1.2484e+03,  1.7328152637697386e-01,  4.3321809854529318e-02,  1.4270716367254008e-01, -1.3122025269671816e-01, -1.2373937306386085e-01,  8.6381505766217042e-03,  2.4872416634339856e-01,  9.2546721848406233e-02
    87,  1.2484e+03,  1.7328152637697386e-01,  4.3321809854529318e-02,  1.4270716367254008e-01, -1.3122025269671816e-01, -1.2374061046996555e-01,  8.6382505766217036e-03,  2.4872416634339856e-01,  9.2546721848406233e-02
    88,  1.2484e+03,  1.7328152637697386e-01,  4.3321809854529318e-02,  1.4270716367254008e-01, -1.3122025269671816e-01, -1.2374061046996555e-01,  8.6381505766217042e-03,  2.4872665358506199e-01,  9.2546721848406233e-02
    89,  1.2484e+03,  1.7328152637697386e-01,  4.3321809854529318e-02,  1.4270716367254008e-01, -1.3122025269671816e-01, -1.2374061046996555e-01,  8.6381505766217042e-03,  2.4872416634339856e-01,  9.2547647315624718e-02
    90,  1.3716e+03,  1.7378475783387073e-01,  4.4460761207073193e-02,  1.4122656204495643e-01, -1.3177511519935289e-01, -1.2356935116513880e-01,  7.1900242522546388e-03,  2.4987197557132787e-01,  9.3482588267231922e-02
    91,  1.3716e+03,  1.7378649568144908e-01,  4.4460761207073193e-02,  1.4122656204495643e-01, -1.3177511519935289e-01, -1.2356935116513880e-01,  7.1900242522546388e-03,  2.4987197557132787e-01,  9.3482588267231922e-02
    92,  1.3716e+03,  1.7378475783387073e-01,  4.4461205814685267e-02,  1.4122656204495643e-01, -1.3177511519935289e-01, -1.2356935116513880e-01,  7.1900242522546388e-03,  2.4987197557132787e-01,  9.3482588267231922e-02
    93,  1.3716e+03,  1.7378475783387073e-01,  4.4460761207073193e-02,  1.4122797431057688e-01, -1.3177511519935289e-01, -1.2356935116513880e-01,  7.1900242522546388e-03,  2.4987197557132787e-01,  9.3482588267231922e-02
    94,  1.3716e+03,  1.7378475783387073e-01,  4.4460761207073193e-02,  1.4122656204495643e-01, -1.3177379744820089e-01, -1.2356935116513880e-01,  7.1900242522546388e-03,  2.4987197557132787e-01,  9.3482588267231922e-02
    95,  1.3716e+03,  1.7378475783387073e-01,  4.4460761207073193e-02,  1.4122656204495643e-01, -1.3177511519935289e-01, -1.2356811547162715e-01,  7.1900242522546388e-03,  2.4987197557132787e-01,  9.3482588267231922e-02
    96,  1.3716e+03,  1.7378475783387073e-01,  4.4460761207073193e-02,  1.4122656204495643e-01, -1.3177511519935289e-01, -1.2356935116513880e-01,  7.1901242522546390e-03,  2.4987197557132787e-01,  9.3482588267231922e-02
    97,  1.3716e+03,  1.7378475783387073e-01,  4.4460761207073193e-02,  1.4122656204495643e-01, -1.3177511519935289e-01, -1.2356935116513880e-01,  7.1900242522546388e-03,  2.4987447429108359e-01,  9.3482588267231922e-02
    98,  1.3716e+03,  1.7378475783387073e-01,  4.4460761207073193e-02,  1.4122656204495643e-01, -1.3177511519935289e-01, -1.2356935116513880e-01,  7.1900242522546388e-03,  2.4987197557132787e-01,  9.3483523093114598e-02
    99,  1.4952e+03,  1.7473210931787225e-01,  4.6102318198071347e-02,  1.4134555440925289e-01, -1.3204413949187263e-01, -1.2336000198867211e-01,  3.3370287378608893e-03,  2.5370446093164867e-01,  9.3008451198715578e-02
   100,  1.4952e+03,  1.7473385663896543e-01,  4.6102318198071347e-02,  1.4134555440925289e-01, -1.3204413949187263e-01, -1.2336000198867211e-01,  3.3370287378608893e-03,  2.5370446093164867e-01,  9.3008451198715578e-02
   101,  1.4952e+03,  1.7473210931787225e-01,  4.6102779221253325e-02,  1.4134555440925289e-01, -1.3204413949187263e-01, -1.2336000198867211e-01,  3.3370287378608893e-03,  2.5370446093164867e-01,  9.3008451198715578e-02
   102,  1.4952e+03,  1.7473210931787225e-01,  4.6102318198071347e-02,  1.4134696786479697e-01, -1.3204413949187263e-01, -1.2336000198867211e-01,  3.3370287378608893e-03,  2.5370446093164867e-01,  9.3008451198715578e-02
   103,  1.4952e+03,  1.7473210931787225e-01,  4.6102318198071347e-02,  1.4134555440925289e-01, -1.3204281905047771e-01, -1.2336000198867211e-01,  3.3370287378608893e-03,  2.5370446093164867e-01,  9.3008451198715578e-02
   104,  1.4952e+03,  1.7473210931787225e-01,  4.6102318198071347e-02,  1.4134555440925289e-01, -1.3204413949187263e-01, -1.2335876838865223e-01,  3.3370287378608893e-03,  2.5370446093164867e-01,  9.3008451198715578e-02
   105,  1.4952e+03,  1.7473210931787225e-01,  4.6102318198071347e-02,  1.4134555440925289e-01, -1.3204413949187263e-01, -1.2336000198867211e-01,  3.3371287378608891e-03,  2.5370446093164867e-01,  9.3008451198715578e-02
   106,  1.4952e+03,  1.7473210931787225e-01,  4.6102318198071347e-02,  1.4134555440925289e-01, -1.3204413949187263e-01, -1.2336000198867211e-01,  3.3370287378608893e-03,  2.5370699797625801e-01,  9.3008451198715578e-02
   107,  1.4952e+03,  1.7473210931787225e-01,  4.6102318198071347e-02,  1.4134555440925289e-01, -1.3204413949187263e-01, -1.2336000198867211e-01,  3.3370287378608893e-03,  2.5370446093164867e-01,  9.3009381283227568e-02
   108,  1.6183e+03,  1.7621737530498888e-01,  4.6656988292952777e-02,  1.4185074443896148e-01, -1.3603513395471112e-01, -1.2288732035552315e-01,  3.1448252699581678e-03,  2.5722697928362942e-01,  9.4462904902174086e-02
   109,  1.6183e+03,  1.7621913747874193e-01,  4.6656988292952777e-02,  1.4185074443896148e-01, -1.3603513395471112e-01, -1.2288732035552315e-01,  3.1448252699581678e-03,  2.5722697928362942e-01,  9.4462904902174086e-02
   110,  1.6183e+03,  1.7621737530498888e-01,  4.6657454862835707e-02,  1.4185074443896148e-01, -1.3603513395471112e-01, -1.2288732035552315e-01,  3.1448252699581678e-03,  2.5722697928362942e-01,  9.4462904902174086e-02
   111,  1.6183e+03,  1.7621737530498888e-01,  4.6656988292952777e-02,  1.4185216294640587e-01, -1.3603513395471112e-01, -1.2288732035552315e-01,  3.1448252699581678e-03,  2.5722697928362942e-01,  9.4462904902174086e-02
   112,  1.6183e+03,  1.7621737530498888e-01,  4.6656988292952777e-02,  1.4185074443896148e-01, -1.3603377360337157e-01, -1.2288732035552315e-01,  3.1448252699581678e-03,  2.5722697928362942e-01,  9.4462904902174086e-02
   113,  1.6183e+03,  1.7621737530498888e-01,  4.6656988292952777e-02,  1.4185074443896148e-01, -1.3603513395471112e-01, -1.2288609148231959e-01,  3.1448252699581678e-03,  2.5722697928362942e-01,  9.4462904902174086e-02
   114,  1.6183e+03,  1.7621737530498888e-01,  4.6656988292952777e-02,  1.4185074443896148e-01, -1.3603513395471112e-01, -1.2288732035552315e-01,  3.1449252699581676e-03,  2.5722697928362942e-01,  9.4462904902174086e-02
   115,  1.6183e+03,  1.7621737530498888e-01,  4.6656988292952777e-02,  1.4185074443896148e-01, -1.3603513395471112e-01, -1.2288732035552315e-01,  3.1448252699581678e-03,  2.5722955155342225e-01,  9.4462904902174086e-02
   116,  1.6183e+03,  1.7621737530498888e-01,  4.6656988292952777e-02,  1.4185074443896148e-01, -1.3603513395471112e-01, -1.2288732035552315e-01,  3.1448252699581678e-03,  2.5722697928362942e-01,  9.4463849531223110e-02
   117,  1.7533e+03,  1.7695106393370744e-01,  4.8662057002285597e-02,  1.4311153925258580e-01, -1.3539960179634411e-01, -1.2283274305562308e-01,  2.7964343663152394e-03,  2.5830555983200876e-01,  9.5191205743406934e-02
   118,  1.7533e+03,  1.7695283344434679e-01,  4.8662057002285597e-02,  1.4311153925258580e-01, -1.3539960179634411e-01, -1.2283274305562308e-01,  2.7964343663152394e-03,  2.5830555983200876e-01,  9.5191205743406934e-02
   119,  1.7533e+03,  1.7695106393370744e-01,  4.8662543622855617e-02,  1.4311153925258580e-01, -1.3539960179634411e-01, -1.2283274305562308e-01,  2.7964343663152394e-03,  2.5830555983200876e-01,  9.5191205743406934e-02
   120,  1.7533e+03,  1.7695106393370744e-01,  4.8662057002285597e-02,  1.4311297036797832e-01, -1.3539960179634411e-01, -1.2283274305562308e-01,  2.7964343663152394e-03,  2.5830555983200876e-01,  9.5191205743406934e-02
   121,  1.7533e+03,  1.7695106393370744e-01,  4.8662057002285597e-02,  1.4311153925258580e-01, -1.3539824780032614e-01, -1.2283274305562308e-01,  2.7964343663152394e-03,  2.5830555983200876e-01,  9.5191205743406934e-02
   122,  1.7533e+03,  1.7695106393370744e-01,  4.8662057002285597e-02,  1.4311153925258580e-01, -1.3539960179634411e-01, -1.2283151472819252e-01,  2.7964343663152394e-03,  2.5830555983200876e-01,  9.5191205743406934e-02
   123,  1.7533e+03,  1.7695106393370744e-01,  4.8662057002285597e-02,  1.4311153925258580e-01, -1.3539960179634411e-01, -1.2283274305562308e-01,  2.7965343663152393e-03,  2.5830555983200876e-01,  9.5191205743406934e-02
   124,  1.7533e+03,  1.7695106393370744e-01,  4.8662057002285597e-02,  1.4311153925258580e-01, -1.3539960179634411e-01, -1.2283274305562308e-01,  2.7964343663152394e-03,  2.5830814288760706e-01,  9.5191205743406934e-02
   125,  1.7533e+03,  1.7695106393370744e-01,  4.8662057002285597e-02,  1.4311153925258580e-01, -1.3539960179634411e-01, -1.2283274305562308e-01,  2.7964343663152394e-03,  2.5830555983200876e-01,  9.5192157655464363e-02
   126,  1.8770e+03,  1.7705489927721690e-01,  4.8607024241179374e-02,  1.4284327084328005e-01, -1.3596800442348467e-01, -1.2280367459702922e-01,  2.6781069169657698e-03,  2.5837342000480101e-01,  9.5499146231831158e-02
   127,  1.8770e+03,  1.7705666982620968e-01,  4.8607024241179374e-02,  1.4284327084328005e-01, -1.3596800442348467e-01, -1.2280367459702922e-01,  2.6781069169657698e-03,  2.5837342000480101e-01,  9.5499146231831158e-02
   128,  1.8770e+03,  1.7705489927721690e-01,  4.8607510311421784e-02,  1.4284327084328005e-01, -1.3596800442348467e-01, -1.2280367459702922e-01,  2.6781069169657698e-03,  2.5837342000480101e-01,  9.5499146231831158e-02
   129,  1.8770e+03,  1.7705489927721690e-01,  4.8607024241179374e-02,  1.4284469927598847e-01, -1.3596800442348467e-01, -1.2280367459702922e-01,  2.6781069169657698e-03,  2.5837342000480101e-01,  9.5499146231831158e-02
   130,  1.8770e+03,  1.7705489927721690e-01,  4.8607024241179374e-02,  1.4284327084328005e-01, -1.3596664474344045e-01, -1.2280367459702922e-01,  2.6781069169657698e-03,  2.5837342000480101e-01,  9.5499146231831158e-02
   131,  1.8770e+03,  1.7705489927721690e-01,  4.8607024241179374e-02,  1.4284327084328005e-01, -1.3596800442348467e-01, -1.2280244656028325e-01,  2.6781069169657698e-03,  2.5837342000480101e-01,  9.5499146231831158e-02
   132,  1.8770e+03,  1.7705489927721690e-01,  4.8607024241179374e-02,  1.4284327084328005e-01, -1.3596800442348467e-01, -1.2280367459702922e-01,  2.6782069169657696e-03,  2.5837342000480101e-01,  9.5499146231831158e-02
   133,  1.8770e+03,  1.7705489927721690e-01,  4.8607024241179374e-02,  1.4284327084328005e-01, -1.3596800442348467e-01, -1.2280367459702922e-01,  2.6781069169657698e-03,  2.5837600373900105e-01,  9.5499146231831158e-02
   134,  1.8770e+03,  1.7705489927721690e-01,  4.8607024241179374e-02,  1.4284327084328005e-01, -1.3596800442348467e-01, -1.2280367459702922e-01,  2.6781069169657698e-03,  2.5837342000480101e-01,  9.5500101223293471e-02
   135,  1.9999e+03,  1.7738476690452179e-01,  4.8583612031975552e-02,  1.4333382521343305e-01, -1.3709862996344613e-01, -1.2277742154140571e-01,  2.4823845484175169e-03,  2.5890619024541578e-01,  9.5875171798573688e-02
   136,  1.9999e+03,  1.7738654075219085e-01,  4.8583612031975552e-02,  1.4333382521343305e-01, -1.3709862996344613e-01, -1.2277742154140571e-01,  2.4823845484175169e-03,  2.5890619024541578e-01,  9.5875171798573688e-02
   137,  1.9999e+03,  1.7738476690452179e-01,  4.8584097868095873e-02,  1.4333382521343305e-01, -1.3709862996344613e-01, -1.2277742154140571e-01,  2.4823845484175169e-03,  2.5890619024541578e-01,  9.5875171798573688e-02
   138,  1.9999e+03,  1.7738476690452179e-01,  4.8583612031975552e-02,  1.4333525855168519e-01, -1.3709862996344613e-01, -1.2277742154140571e-01,  2.4823845484175169e-03,  2.5890619024541578e-01,  9.5875171798573688e-02
   139,  1.9999e+03,  1.7738476690452179e-01,  4.8583612031975552e-02,  1.4333382521343305e-01, -1.3709725897714650e-01, -1.2277742154140571e-01,  2.4823845484175169e-03,  2.5890619024541578e-01,  9.5875171798573688e-02
   140,  1.9999e+03,  1.7738476690452179e-01,  4.8583612031975552e-02,  1.4333382521343305e-01, -1.3709862996344613e-01, -1.2277619376719029e-01,  2.4823845484175169e-03,  2.5890619024541578e-01,  9.5875171798573688e-02
   141,  1.9999e+03,  1.7738476690452179e-01,  4.8583612031975552e-02,  1.4333382521343305e-01, -1.3709862996344613e-01, -1.2277742154140571e-01,  2.4824845484175168e-03,  2.5890619024541578e-01,  9.5875171798573688e-02
   142,  1.9999e+03,  1.7738476690452179e-01,  4.8583612031975552e-02,  1.4333382521343305e-01, -1.3709862996344613e-01, -1.2277742154140571e-01,  2.4823845484175169e-03,  2.5890877930731826e-01,  9.5875171798573688e-02
   143,  1.9999e+03,  1.7738476690452179e-01,  4.8583612031975552e-02,  1.4333382521343305e-01, -1.3709862996344613e-01, -1.2277742154140571e-01,  2.4823845484175169e-03,  2.5890619024541578e-01,  9.5876130550291677e-02
   144,  2.1230e+03,  1.7826033372612465e-01,  4.9850526526173458e-02,  1.4473435061256551e-01, -1.3795373372231143e-01, -1.2262417951058628e-01,  2.0409196450655895e-03,  2.6056908547568419e-01,  9.6442850301807229e-02
   145,  2.1230e+03,  1.7826211632946193e-01,  4.9850526526173458e-02,  1.4473435061256551e-01, -1.3795373372231143e-01, -1.2262417951058628e-01,  2.0409196450655895e-03,  2.6056908547568419e-01,  9.6442850301807229e-02
   146,  2.1230e+03,  1.7826033372612465e-01,  4.9851025031438720e-02,  1.4473435061256551e-01, -1.3795373372231143e-01, -1.2262417951058628e-01,  2.0409196450655895e-03,  2.6056908547568419e-01,  9.6442850301807229e-02
   147,  2.1230e+03,  1.7826033372612465e-01,  4.9850526526173458e-02,  1.4473579795607164e-01, -1.3795373372231143e-01, -1.2262417951058628e-01,  2.0409196450655895e-03,  2.6056908547568419e-01,  9.6442850301807229e-02
   148,  2.1230e+03,  1.7826033372612465e-01,  4.9850526526173458e-02,  1.4473435061256551e-01, -1.3795235418497420e-01, -1.2262417951058628e-01,  2.0409196450655895e-03,  2.6056908547568419e-01,  9.6442850301807229e-02
   149,  2.1230e+03,  1.7826033372612465e-01,  4.9850526526173458e-02,  1.4473435061256551e-01, -1.3795373372231143e-01, -1.2262295326879118e-01,  2.0409196450655895e-03,  2.6056908547568419e-01,  9.6442850301807229e-02
   150,  2.1230e+03,  1.7826033372612465e-01,  4.9850526526173458e-02,  1.4473435061256551e-01, -1.3795373372231143e-01, -1.2262417951058628e-01,  2.0410196450655893e-03,  2.6056908547568419e-01,  9.6442850301807229e-02
   151,  2.1230e+03,  1.7826033372612465e-01,  4.9850526526173458e-02,  1.4473435061256551e-01, -1.3795373372231143e-01, -1.2262417951058628e-01,  2.0409196450655895e-03,  2.6057169116653894e-01,  9.6442850301807229e-02
   152,  2.1230e+03,  1.7826033372612465e-01,  4.9850526526173458e-02,  1.4473435061256551e-01, -1.3795373372231143e-01, -1.2262417951058628e-01,  2.0409196450655895e-03,  2.6056908547568419e-01,  9.6443814730310246e-02
   153,  2.2583e+03,  1.7855143215103547e-01,  4.9689887588458027e-02,  1.4509026255240365e-01, -1.3915948774953812e-01, -1.2257717342739884e-01,  1.9547134099531017e-03,  2.6111463424109654e-01,  9.6749820207043646e-02
   154,  2.2583e+03,  1.7855321766535698e-01,  4.9689887588458027e-02,  1.4509026255240365e-01, -1.3915948774953812e-01, -1.2257717342739884e-01,  1.9547134099531017e-03,  2.6111463424109654e-01,  9.6749820207043646e-02
   155,  2.2583e+03,  1.7855143215103547e-01,  4.9690384487333913e-02,  1.4509026255240365e-01, -1.3915948774953812e-01, -1.2257717342739884e-01,  1.9547134099531017e-03,  2.6111463424109654e-01,  9.6749820207043646e-02
   156,  2.2583e+03,  1.7855143215103547e-01,  4.9689887588458027e-02,  1.4509171345502916e-01, -1.3915948774953812e-01, -1.2257717342739884e-01,  1.9547134099531017e-03,  2.6111463424109654e-01,  9.6749820207043646e-02
   157,  2.2583e+03,  1.7855143215103547e-01,  4.9689887588458027e-02,  1.4509026255240365e-01, -1.3915809615466063e-01, -1.2257717342739884e-01,  1.9547134099531017e-03,  2.6111463424109654e-01,  9.6749820207043646e-02
   158,  2.2583e+03,  1.7855143215103547e-01,  4.9689887588458027e-02,  1.4509026255240365e-01, -1.3915948774953812e-01, -1.2257594765566457e-01,  1.9547134099531017e-03,  2.6111463424109654e-01,  9.6749820207043646e-02
   159,  2.2583e+03,  1.7855143215103547e-01,  4.9689887588458027e-02,  1.4509026255240365e-01, -1.3915948774953812e-01, -1.2257717342739884e-01,  1.9548134099531015e-03,  2.6111463424109654e-01,  9.6749820207043646e-02
   160,  2.2583e+03,  1.7855143215103547e-01,  4.9689887588458027e-02,  1.4509026255240365e-01, -1.3915948774953812e-01, -1.2257717342739884e-01,  1.9547134099531017e-03,  2.6111724538743897e-01,  9.6749820207043646e-02
   161,  2.2583e+03,  1.7855143215103547e-01,  4.9689887588458027e-02,  1.4509026255240365e-01, -1.3915948774953812e-01, -1.2257717342739884e-01,  1.9547134099531017e-03,  2.6111463424109654e-01,  9.6750787705245714e-02
   162,  2.3809e+03,  1.7893907069258758e-01,  5.0390201346799307e-02,  1.4564649730048607e-01, -1.3911872027836736e-01, -1.2248630594227465e-01,  1.5522452887845872e-03,  2.6209960401492111e-01,  9.6730089902309649e-02
   163,  2.3809e+03,  1.7894086008329449e-01,  5.0390201346799307e-02,  1.4564649730048607e-01, -1.3911872027836736e-01, -1.2248630594227465e-01,  1.5522452887845872e-03,  2.6209960401492111e-01,  9.6730089902309649e-02
   164,  2.3809e+03,  1.7893907069258758e-01,  5.0390705248812777e-02,  1.4564649730048607e-01, -1.3911872027836736e-01, -1.2248630594227465e-01,  1.5522452887845872e-03,  2.6209960401492111e-01,  9.6730089902309649e-02
   165,  2.3809e+03,  1.7893907069258758e-01,  5.0390201346799307e-02,  1.4564795376545908e-01, -1.3911872027836736e-01, -1.2248630594227465e-01,  1.5522452887845872e-03,  2.6209960401492111e-01,  9.6730089902309649e-02
   166,  2.3809e+03,  1.7893907069258758e-01,  5.0390201346799307e-02,  1.4564649730048607e-01, -1.3911732909116459e-01, -1.2248630594227465e-01,  1.5522452887845872e-03,  2.6209960401492111e-01,  9.6730089902309649e-02
   167,  2.3809e+03,  1.7893907069258758e-01,  5.0390201346799307e-02,  1.4564649730048607e-01, -1.3911872027836736e-01, -1.2248508107921523e-01,  1.5522452887845872e-03,  2.6209960401492111e-01,  9.6730089902309649e-02
   168,  2.3809e+03,  1.7893907069258758e-01,  5.0390201346799307e-02,  1.4564649730048607e-01, -1.3911872027836736e-01, -1.2248630594227465e-01,  1.5523452887845873e-03,  2.6209960401492111e-01,  9.6730089902309649e-02
   169,  2.3809e+03,  1.7893907069258758e-01,  5.0390201346799307e-02,  1.4564649730048607e-01, -1.3911872027836736e-01, -1.2248630594227465e-01,  1.5522452887845872e-03,  2.6210222501096125e-01,  9.6730089902309649e-02
   170,  2.3809e+03,  1.7893907069258758e-01,  5.0390201346799307e-02,  1.4564649730048607e-01, -1.3911872027836736e-01, -1.2248630594227465e-01,  1.5522452887845872e-03,  2.6209960401492111e-01,  9.6731057203208667e-02
   171,  2.5035e+03,  1.7927201378317462e-01,  5.0354973237449002e-02,  1.4598648751361287e-01, -1.4028006403002571e-01, -1.2242613840239061e-01,  1.9015260844563442e-03,  2.6246482885733630e-01,  9.7237182735021160e-02
   172,  2.5035e+03,  1.7927380650331246e-01,  5.0354973237449002e-02,  1.4598648751361287e-01, -1.4028006403002571e-01, -1.2242613840239061e-01,  1.9015260844563442e-03,  2.6246482885733630e-01,  9.7237182735021160e-02
   173,  2.5035e+03,  1.7927201378317462e-01,  5.0355476787181379e-02,  1.4598648751361287e-01, -1.4028006403002571e-01, -1.2242613840239061e-01,  1.9015260844563442e-03,  2.6246482885733630e-01,  9.7237182735021160e-02
   174,  2.5035e+03,  1.7927201378317462e-01,  5.0354973237449002e-02,  1.4598794737848800e-01, -1.4028006403002571e-01, -1.2242613840239061e-01,  1.9015260844563442e-03,  2.6246482885733630e-01,  9.7237182735021160e-02
   175,  2.5035e+03,  1.7927201378317462e-01,  5.0354973237449002e-02,  1.4598648751361287e-01, -1.4027866122938543e-01, -1.2242613840239061e-01,  1.9015260844563442e-03,  2.6246482885733630e-01,  9.7237182735021160e-02
   176,  2.5035e+03,  1.7927201378317462e-01,  5.0354973237449002e-02,  1.4598648751361287e-01, -1.4028006403002571e-01, -1.2242491414100659e-01,  1.9015260844563442e-03,  2.6246482885733630e-01,  9.7237182735021160e-02
   177,  2.5035e+03,  1.7927201378317462e-01,  5.0354973237449002e-02,  1.4598648751361287e-01, -1.4028006403002571e-01, -1.2242613840239061e-01,  1.9016260844563443e-03,  2.6246482885733630e-01,  9.7237182735021160e-02
   178,  2.5035e+03,  1.7927201378317462e-01,  5.0354973237449002e-02,  1.4598648751361287e-01, -1.4028006403002571e-01, -1.2242613840239061e-01,  1.9015260844563442e-03,  2.6246745350562489e-01,  9.7237182735021160e-02
   179,  2.5035e+03,  1.7927201378317462e-01,  5.0354973237449002e-02,  1.4598648751361287e-01, -1.4028006403002571e-01, -1.2242613840239061e-01,  1.9015260844563442e-03,  2.6246482885733630e-01,  9.7238155106848509e-02
   180,  2.6254e+03,  1.7958752038233677e-01,  5.1114706975718363e-02,  1.4630245969115768e-01, -1.4011429429038674e-01, -1.2229248039661582e-01,  1.4145624068879665e-03,  2.6346311028727121e-01,  9.7045004121466383e-02
   181,  2.6254e+03,  1.7958931625754060e-01,  5.1114706975718363e-02,  1.4630245969115768e-01, -1.4011429429038674e-01, -1.2229248039661582e-01,  1.4145624068879665e-03,  2.6346311028727121e-01,  9.7045004121466383e-02
   182,  2.6254e+03,  1.7958752038233677e-01,  5.1115218122788117e-02,  1.4630245969115768e-01, -1.4011429429038674e-01, -1.2229248039661582e-01,  1.4145624068879665e-03,  2.6346311028727121e-01,  9.7045004121466383e-02
   183,  2.6254e+03,  1.7958752038233677e-01,  5.1114706975718363e-02,  1.4630392271575460e-01, -1.4011429429038674e-01, -1.2229248039661582e-01,  1.4145624068879665e-03,  2.6346311028727121e-01,  9.7045004121466383e-02
   184,  2.6254e+03,  1.7958752038233677e-01,  5.1114706975718363e-02,  1.4630245969115768e-01, -1.4011289314744385e-01, -1.2229248039661582e-01,  1.4145624068879665e-03,  2.6346311028727121e-01,  9.7045004121466383e-02
   185,  2.6254e+03,  1.7958752038233677e-01,  5.1114706975718363e-02,  1.4630245969115768e-01, -1.4011429429038674e-01, -1.2229125747181185e-01,  1.4145624068879665e-03,  2.6346311028727121e-01,  9.7045004121466383e-02
   186,  2.6254e+03,  1.7958752038233677e-01,  5.1114706975718363e-02,  1.4630245969115768e-01, -1.4011429429038674e-01, -1.2229248039661582e-01,  1.4146624068879666e-03,  2.6346311028727121e-01,  9.7045004121466383e-02
   187,  2.6254e+03,  1.7958752038233677e-01,  5.1114706975718363e-02,  1.4630245969115768e-01, -1.4011429429038674e-01, -1.2229248039661582e-01,  1.4145624068879665e-03,  2.6346574491837410e-01,  9.7045004121466383e-02
   188,  2.6254e+03,  1.7958752038233677e-01,  5.1114706975718363e-02,  1.4630245969115768e-01, -1.4011429429038674e-01, -1.2229248039661582e-01,  1.4145624068879665e-03,  2.6346311028727121e-01,  9.7045974571507598e-02
   189,  2.7489e+03,  1.7990974874739923e-01,  5.1003264049033353e-02,  1.4657980580550090e-01, -1.4134013449795332e-01, -1.2228966712919720e-01,  1.2195885316913389e-03,  2.6378300187285014e-01,  9.7551309592093835e-02
   190,  2.7489e+03,  1.7991154784488672e-01,  5.1003264049033353e-02,  1.4657980580550090e-01, -1.4134013449795332e-01, -1.2228966712919720e-01,  1.2195885316913389e-03,  2.6378300187285014e-01,  9.7551309592093835e-02
   191,  2.7489e+03,  1.7990974874739923e-01,  5.1003774081673843e-02,  1.4657980580550090e-01, -1.4134013449795332e-01, -1.2228966712919720e-01,  1.2195885316913389e-03,  2.6378300187285014e-01,  9.7551309592093835e-02
   192,  2.7489e+03,  1.7990974874739923e-01,  5.1003264049033353e-02,  1.4658127160355894e-01, -1.4134013449795332e-01, -1.2228966712919720e-01,  1.2195885316913389e-03,  2.6378300187285014e-01,  9.7551309592093835e-02
   193,  2.7489e+03,  1.7990974874739923e-01,  5.1003264049033353e-02,  1.4657980580550090e-01, -1.4133872109660833e-01, -1.2228966712919720e-01,  1.2195885316913389e-03,  2.6378300187285014e-01,  9.7551309592093835e-02
   194,  2.7489e+03,  1.7990974874739923e-01,  5.1003264049033353e-02,  1.4657980580550090e-01, -1.4134013449795332e-01, -1.2228844423252591e-01,  1.2195885316913389e-03,  2.6378300187285014e-01,  9.7551309592093835e-02
   195,  2.7489e+03,  1.7990974874739923e-01,  5.1003264049033353e-02,  1.4657980580550090e-01, -1.4134013449795332e-01, -1.2228966712919720e-01,  1.2196885316913390e-03,  2.6378300187285014e-01,  9.7551309592093835e-02
   196,  2.7489e+03,  1.7990974874739923e-01,  5.1003264049033353e-02,  1.4657980580550090e-01, -1.4134013449795332e-01, -1.2228966712919720e-01,  1.2195885316913389e-03,  2.6378563970286889e-01,  9.7551309592093835e-02
   197,  2.7489e+03,  1.7990974874739923e-01,  5.1003264049033353e-02,  1.4657980580550090e-01, -1.4134013449795332e-01, -1.2228966712919720e-01,  1.2195885316913389e-03,  2.6378300187285014e-01,  9.7552285105189762e-02
   198,  2.8712e+03,  1.8028446949801125e-01,  5.1867150905463288e-02,  1.4707215139854907e-01, -1.4106135681704049e-01, -1.2221743952463127e-01,  1.0298092291546974e-03,  2.6470066879056686e-01,  9.7502612498173644e-02
   199,  2.8712e+03,  1.8028627234270622e-01,  5.1867150905463288e-02,  1.4707215139854907e-01, -1.4106135681704049e-01, -1.2221743952463127e-01,  1.0298092291546974e-03,  2.6470066879056686e-01,  9.7502612498173644e-02
   200,  2.8712e+03,  1.8028446949801125e-01,  5.1867669576972343e-02,  1.4707215139854907e-01, -1.4106135681704049e-01, -1.2221743952463127e-01,  1.0298092291546974e-03,  2.6470066879056686e-01,  9.7502612498173644e-02
   201,  2.8712e+03,  1.8028446949801125e-01,  5.1867150905463288e-02,  1.4707362212006306e-01, -1.4106135681704049e-01, -1.2221743952463127e-01,  1.0298092291546974e-03,  2.6470066879056686e-01,  9.7502612498173644e-02
   202,  2.8712e+03,  1.8028446949801125e-01,  5.1867150905463288e-02,  1.4707215139854907e-01, -1.4105994620347231e-01, -1.2221743952463127e-01,  1.0298092291546974e-03,  2.6470066879056686e-01,  9.7502612498173644e-02
   203,  2.8712e+03,  1.8028446949801125e-01,  5.1867150905463288e-02,  1.4707215139854907e-01, -1.4106135681704049e-01, -1.2221621735023602e-01,  1.0298092291546974e-03,  2.6470066879056686e-01,  9.7502612498173644e-02
   204,  2.8712e+03,  1.8028446949801125e-01,  5.1867150905463288e-02,  1.4707215139854907e-01, -1.4106135681704049e-01, -1.2221743952463127e-01,  1.0299092291546975e-03,  2.6470066879056686e-01,  9.7502612498173644e-02
   205,  2.8712e+03,  1.8028446949801125e-01,  5.1867150905463288e-02,  1.4707215139854907e-01, -1.4106135681704049e-01, -1.2221743952463127e-01,  1.0298092291546974e-03,  2.6470331579725476e-01,  9.7502612498173644e-02
   206,  2.8712e+03,  1.8028446949801125e-01,  5.1867150905463288e-02,  1.4707215139854907e-01, -1.4106135681704049e-01, -1.2221743952463127e-01,  1.0298092291546974e-03,  2.6470066879056686e-01,  9.7503587524298621e-02
   207,  2.9945e+03,  1.8034523577650513e-01,  5.1840453938893645e-02,  1.4699406509381216e-01, -1.4134767287847019e-01, -1.2220724096580789e-01,  1.0493867267416072e-03,  2.6467999302837458e-01,  9.7695978062673022e-02
   208,  2.9945e+03,  1.8034703922886289e-01,  5.1840453938893645e-02,  1.4699406509381216e-01, -1.4134767287847019e-01, -1.2220724096580789e-01,  1.0493867267416072e-03,  2.6467999302837458e-01,  9.7695978062673022e-02
   209,  2.9945e+03,  1.8034523577650513e-01,  5.1840972343433031e-02,  1.4699406509381216e-01, -1.4134767287847019e-01, -1.2220724096580789e-01,  1.0493867267416072e-03,  2.6467999302837458e-01,  9.7695978062673022e-02
   210,  2.9945e+03,  1.8034523577650513e-01,  5.1840453938893645e-02,  1.4699553503446311e-01, -1.4134767287847019e-01, -1.2220724096580789e-01,  1.0493867267416072e-03,  2.6467999302837458e-01,  9.7695978062673022e-02
   211,  2.9945e+03,  1.8034523577650513e-01,  5.1840453938893645e-02,  1.4699406509381216e-01, -1.4134625940174142e-01, -1.2220724096580789e-01,  1.0493867267416072e-03,  2.6467999302837458e-01,  9.7695978062673022e-02
   212,  2.9945e+03,  1.8034523577650513e-01,  5.1840453938893645e-02,  1.4699406509381216e-01, -1.4134767287847019e-01, -1.2220601889339823e-01,  1.0493867267416072e-03,  2.6467999302837458e-01,  9.7695978062673022e-02
   213,  2.9945e+03,  1.8034523577650513e-01,  5.1840453938893645e-02,  1.4699406509381216e-01, -1.4134767287847019e-01, -1.2220724096580789e-01,  1.0494867267416073e-03,  2.6467999302837458e-01,  9.7695978062673022e-02
   214,  2.9945e+03,  1.8034523577650513e-01,  5.1840453938893645e-02,  1.4699406509381216e-01, -1.4134767287847019e-01, -1.2220724096580789e-01,  1.0493867267416072e-03,  2.6468263982830487e-01,  9.7695978062673022e-02
   215,  2.9945e+03,  1.8034523577650513e-01,  5.1840453938893645e-02,  1.4699406509381216e-01, -1.4134767287847019e-01, -1.2220724096580789e-01,  1.0493867267416072e-03,  2.6467999302837458e-01,  9.7696955022453652e-02
   216,  3.1168e+03,  1.8052605355648907e-01,  5.1781683880127834e-02,  1.4711619037175444e-01, -1.4195538182355544e-01, -1.2218557615696510e-01,  1.1116884587250462e-03,  2.6488359529390926e-01,  9.7934641193988661e-02
   217,  3.1168e+03,  1.8052785881702463e-01,  5.1781683880127834e-02,  1.4711619037175444e-01, -1.4195538182355544e-01, -1.2218557615696510e-01,  1.1116884587250462e-03,  2.6488359529390926e-01,  9.7934641193988661e-02
   218,  3.1168e+03,  1.8052605355648907e-01,  5.1782201696966637e-02,  1.4711619037175444e-01, -1.4195538182355544e-01, -1.2218557615696510e-01,  1.1116884587250462e-03,  2.6488359529390926e-01,  9.7934641193988661e-02
   219,  3.1168e+03,  1.8052605355648907e-01,  5.1781683880127834e-02,  1.4711766153365816e-01, -1.4195538182355544e-01, -1.2218557615696510e-01,  1.1116884587250462e-03,  2.6488359529390926e-01,  9.7934641193988661e-02
   220,  3.1168e+03,  1.8052605355648907e-01,  5.1781683880127834e-02,  1.4711619037175444e-01, -1.4195396226973719e-01, -1.2218557615696510e-01,  1.1116884587250462e-03,  2.6488359529390926e-01,  9.7934641193988661e-02
   221,  3.1168e+03,  1.8052605355648907e-01,  5.1781683880127834e-02,  1.4711619037175444e-01, -1.4195538182355544e-01, -1.2218435430120353e-01,  1.1116884587250462e-03,  2.6488359529390926e-01,  9.7934641193988661e-02
   222,  3.1168e+03,  1.8052605355648907e-01,  5.1781683880127834e-02,  1.4711619037175444e-01, -1.4195538182355544e-01, -1.2218557615696510e-01,  1.1117884587250463e-03,  2.6488359529390926e-01,  9.7934641193988661e-02
   223,  3.1168e+03,  1.8052605355648907e-01,  5.1781683880127834e-02,  1.4711619037175444e-01, -1.4195538182355544e-01, -1.2218557615696510e-01,  1.1116884587250462e-03,  2.6488624412986217e-01,  9.7934641193988661e-02
   224,  3.1168e+03,  1.8052605355648907e-01,  5.1781683880127834e-02,  1.4711619037175444e-01, -1.4195538182355544e-01, -1.2218557615696510e-01,  1.1116884587250462e-03,  2.6488359529390926e-01,  9.7935620540400600e-02
   225,  3.2404e+03,  1.8075541000367853e-01,  5.2131272941807270e-02,  1.4734135487045191e-01, -1.4210348916792737e-01, -1.2212857458329855e-01,  1.0182209106146234e-03,  2.6539711106184583e-01,  9.7936385508111318e-02
   226,  3.2404e+03,  1.8075721755777857e-01,  5.2131272941807270e-02,  1.4734135487045191e-01, -1.4210348916792737e-01, -1.2212857458329855e-01,  1.0182209106146234e-03,  2.6539711106184583e-01,  9.7936385508111318e-02
   227,  3.2404e+03,  1.8075541000367853e-01,  5.2131794254536686e-02,  1.4734135487045191e-01, -1.4210348916792737e-01, -1.2212857458329855e-01,  1.0182209106146234e-03,  2.6539711106184583e-01,  9.7936385508111318e-02
   228,  3.2404e+03,  1.8075541000367853e-01,  5.2131272941807270e-02,  1.4734282828400061e-01, -1.4210348916792737e-01, -1.2212857458329855e-01,  1.0182209106146234e-03,  2.6539711106184583e-01,  9.7936385508111318e-02
   229,  3.2404e+03,  1.8075541000367853e-01,  5.2131272941807270e-02,  1.4734135487045191e-01, -1.4210206813303569e-01, -1.2212857458329855e-01,  1.0182209106146234e-03,  2.6539711106184583e-01,  9.7936385508111318e-02
   230,  3.2404e+03,  1.8075541000367853e-01,  5.2131272941807270e-02,  1.4734135487045191e-01, -1.4210348916792737e-01, -1.2212735329755271e-01,  1.0182209106146234e-03,  2.6539711106184583e-01,  9.7936385508111318e-02
   231,  3.2404e+03,  1.8075541000367853e-01,  5.2131272941807270e-02,  1.4734135487045191e-01, -1.4210348916792737e-01, -1.2212857458329855e-01,  1.0183209106146235e-03,  2.6539711106184583e-01,  9.7936385508111318e-02
   232,  3.2404e+03,  1.8075541000367853e-01,  5.2131272941807270e-02,  1.4734135487045191e-01, -1.4210348916792737e-01, -1.2212857458329855e-01,  1.0182209106146234e-03,  2.6539976503295643e-01,  9.7936385508111318e-02
   233,  3.2404e+03,  1.8075541000367853e-01,  5.2131272941807270e-02,  1.4734135487045191e-01, -1.4210348916792737e-01, -1.2212857458329855e-01,  1.0182209106146234e-03,  2.6539711106184583e-01,  9.7937364871966401e-02
   234,  3.3528e+03,  1.8117949040418202e-01,  5.2319800416308571e-02,  1.4765459741974257e-01, -1.4313742026322096e-01, -1.2208755663626601e-01,  6.4498959473541294e-04,  2.6607692071487615e-01,  9.8263353180308863e-02
   235,  3.3528e+03,  1.8118130219908607e-01,  5.2319800416308571e-02,  1.4765459741974257e-01, -1.4313742026322096e-01, -1.2208755663626601e-01,  6.4498959473541294e-04,  2.6607692071487615e-01,  9.8263353180308863e-02
   236,  3.3528e+03,  1.8117949040418202e-01,  5.2320323614312735e-02,  1.4765459741974257e-01, -1.4313742026322096e-01, -1.2208755663626601e-01,  6.4498959473541294e-04,  2.6607692071487615e-01,  9.8263353180308863e-02
   237,  3.3528e+03,  1.8117949040418202e-01,  5.2319800416308571e-02,  1.4765607396571678e-01, -1.4313742026322096e-01, -1.2208755663626601e-01,  6.4498959473541294e-04,  2.6607692071487615e-01,  9.8263353180308863e-02
   238,  3.3528e+03,  1.8117949040418202e-01,  5.2319800416308571e-02,  1.4765459741974257e-01, -1.4313598888901832e-01, -1.2208755663626601e-01,  6.4498959473541294e-04,  2.6607692071487615e-01,  9.8263353180308863e-02
   239,  3.3528e+03,  1.8117949040418202e-01,  5.2319800416308571e-02,  1.4765459741974257e-01, -1.4313742026322096e-01, -1.2208633576069965e-01,  6.4498959473541294e-04,  2.6607692071487615e-01,  9.8263353180308863e-02
   240,  3.3528e+03,  1.8117949040418202e-01,  5.2319800416308571e-02,  1.4765459741974257e-01, -1.4313742026322096e-01, -1.2208755663626601e-01,  6.4508959473541288e-04,  2.6607692071487615e-01,  9.8263353180308863e-02
   241,  3.3528e+03,  1.8117949040418202e-01,  5.2319800416308571e-02,  1.4765459741974257e-01, -1.4313742026322096e-01, -1.2208755663626601e-01,  6.4498959473541294e-04,  2.6607958148408328e-01,  9.8263353180308863e-02
   242,  3.3528e+03,  1.8117949040418202e-01,  5.2319800416308571e-02,  1.4765459741974257e-01, -1.4313742026322096e-01, -1.2208755663626601e-01,  6.4498959473541294e-04,  2.6607692071487615e-01,  9.8264335813840670e-02
   243,  3.4877e+03,  1.8119045867581957e-01,  5.2265156350360061e-02,  1.4790789773037005e-01, -1.4309158958978058e-01, -1.2208755663626601e-01,  6.6814813355433938e-04,  2.6624777134899019e-01,  9.8085334607342825e-02
   244,  3.4877e+03,  1.8119227058040632e-01,  5.2265156350360061e-02,  1.4790789773037005e-01, -1.4309158958978058e-01, -1.2208755663626601e-01,  6.6814813355433938e-04,  2.6624777134899019e-01,  9.8085334607342825e-02
   245,  3.4877e+03,  1.8119045867581957e-01,  5.2265679001923561e-02,  1.4790789773037005e-01, -1.4309158958978058e-01, -1.2208755663626601e-01,  6.6814813355433938e-04,  2.6624777134899019e-01,  9.8085334607342825e-02
   246,  3.4877e+03,  1.8119045867581957e-01,  5.2265156350360061e-02,  1.4790937680934735e-01, -1.4309158958978058e-01, -1.2208755663626601e-01,  6.6814813355433938e-04,  2.6624777134899019e-01,  9.8085334607342825e-02
   247,  3.4877e+03,  1.8119045867581957e-01,  5.2265156350360061e-02,  1.4790789773037005e-01, -1.4309015867388467e-01, -1.2208755663626601e-01,  6.6814813355433938e-04,  2.6624777134899019e-01,  9.8085334607342825e-02
   248,  3.4877e+03,  1.8119045867581957e-01,  5.2265156350360061e-02,  1.4790789773037005e-01, -1.4309158958978058e-01, -1.2208633576069965e-01,  6.6814813355433938e-04,  2.6624777134899019e-01,  9.8085334607342825e-02
   249,  3.4877e+03,  1.8119045867581957e-01,  5.2265156350360061e-02,  1.4790789773037005e-01, -1.4309158958978058e-01, -1.2208755663626601e-01,  6.6824813355433933e-04,  2.6624777134899019e-01,  9.8085334607342825e-02
   250,  3.4877e+03,  1.8119045867581957e-01,  5.2265156350360061e-02,  1.4790789773037005e-01, -1.4309158958978058e-01, -1.2208755663626601e-01,  6.6814813355433938e-04,  2.6625043382670366e-01,  9.8085334607342825e-02
   251,  3.4877e+03,  1.8119045867581957e-01,  5.2265156350360061e-02,  1.4790789773037005e-01, -1.4309158958978058e-01, -1.2208755663626601e-01,  6.6814813355433938e-04,  2.6624777134899019e-01,  9.8086315460688897e-02
   252,  3.6107e+03,  1.8122224406280182e-01,  5.2324135909018528e-02,  1.4791572146857548e-01, -1.4311166235838052e-01, -1.2208281531179582e-01,  6.4324924692421830e-04,  2.6626941268701726e-01,  9.8131271868496864e-02
   253,  3.6107e+03,  1.8122405628524246e-01,  5.2324135909018528e-02,  1.4791572146857548e-01, -1.4311166235838052e-01, -1.2208281531179582e-01,  6.4324924692421830e-04,  2.6626941268701726e-01,  9.8131271868496864e-02
   254,  3.6107e+03,  1.8122224406280182e-01,  5.2324659150377616e-02,  1.4791572146857548e-01, -1.4311166235838052e-01, -1.2208281531179582e-01,  6.4324924692421830e-04,  2.6626941268701726e-01,  9.8131271868496864e-02
   255,  3.6107e+03,  1.8122224406280182e-01,  5.2324135909018528e-02,  1.4791720062579017e-01, -1.4311166235838052e-01, -1.2208281531179582e-01,  6.4324924692421830e-04,  2.6626941268701726e-01,  9.8131271868496864e-02
   256,  3.6107e+03,  1.8122224406280182e-01,  5.2324135909018528e-02,  1.4791572146857548e-01, -1.4311023124175692e-01, -1.2208281531179582e-01,  6.4324924692421830e-04,  2.6626941268701726e-01,  9.8131271868496864e-02
   257,  3.6107e+03,  1.8122224406280182e-01,  5.2324135909018528e-02,  1.4791572146857548e-01, -1.4311166235838052e-01, -1.2208159448364271e-01,  6.4324924692421830e-04,  2.6626941268701726e-01,  9.8131271868496864e-02
   258,  3.6107e+03,  1.8122224406280182e-01,  5.2324135909018528e-02,  1.4791572146857548e-01, -1.4311166235838052e-01, -1.2208281531179582e-01,  6.4334924692421825e-04,  2.6626941268701726e-01,  9.8131271868496864e-02
   259,  3.6107e+03,  1.8122224406280182e-01,  5.2324135909018528e-02,  1.4791572146857548e-01, -1.4311166235838052e-01, -1.2208281531179582e-01,  6.4324924692421830e-04,  2.6627207538114411e-01,  9.8131271868496864e-02
   260,  3.6107e+03,  1.8122224406280182e-01,  5.2324135909018528e-02,  1.4791572146857548e-01, -1.4311166235838052e-01, -1.2208281531179582e-01,  6.4324924692421830e-04,  2.6626941268701726e-01,  9.8132253181215545e-02
   261,  3.7336e+03,  1.8129060100458647e-01,  5.2437047644337785e-02,  1.4794748046069087e-01, -1.4315358710315335e-01, -1.2207590392683822e-01,  6.8677935868506190e-04,  2.6632901003840909e-01,  9.8215019284288704e-02
   262,  3.7336e+03,  1.8129241391059650e-01,  5.2437047644337785e-02,  1.4794748046069087e-01, -1.4315358710315335e-01, -1.2207590392683822e-01,  6.8677935868506190e-04,  2.6632901003840909e-01,  9.8215019284288704e-02
   263,  3.7336e+03,  1.8129060100458647e-01,  5.2437572014814228e-02,  1.4794748046069087e-01, -1.4315358710315335e-01, -1.2207590392683822e-01,  6.8677935868506190e-04,  2.6632901003840909e-01,  9.8215019284288704e-02
   264,  3.7336e+03,  1.8129060100458647e-01,  5.2437047644337785e-02,  1.4794895993549548e-01, -1.4315358710315335e-01, -1.2207590392683822e-01,  6.8677935868506190e-04,  2.6632901003840909e-01,  9.8215019284288704e-02
   265,  3.7336e+03,  1.8129060100458647e-01,  5.2437047644337785e-02,  1.4794748046069087e-01, -1.4315215556728231e-01, -1.2207590392683822e-01,  6.8677935868506190e-04,  2.6632901003840909e-01,  9.8215019284288704e-02
   266,  3.7336e+03,  1.8129060100458647e-01,  5.2437047644337785e-02,  1.4794748046069087e-01, -1.4315358710315335e-01, -1.2207468316779894e-01,  6.8677935868506190e-04,  2.6632901003840909e-01,  9.8215019284288704e-02
   267,  3.7336e+03,  1.8129060100458647e-01,  5.2437047644337785e-02,  1.4794748046069087e-01, -1.4315358710315335e-01, -1.2207590392683822e-01,  6.8687935868506184e-04,  2.6632901003840909e-01,  9.8215019284288704e-02
   268,  3.7336e+03,  1.8129060100458647e-01,  5.2437047644337785e-02,  1.4794748046069087e-01, -1.4315358710315335e-01, -1.2207590392683822e-01,  6.8677935868506190e-04,  2.6633167332850949e-01,  9.8215019284288704e-02
   269,  3.7336e+03,  1.8129060100458647e-01,  5.2437047644337785e-02,  1.4794748046069087e-01, -1.4315358710315335e-01, -1.2207590392683822e-01,  6.8677935868506190e-04,  2.6632901003840909e-01,  9.8216001434481545e-02
   270,  3.8570e+03,  1.8135341447522371e-01,  5.2546225237265716e-02,  1.4797193609852416e-01, -1.4319646843326364e-01, -1.2205970591771781e-01,  6.2158733612925198e-04,  2.6641308483100873e-01,  9.8268057472833722e-02
   271,  3.8570e+03,  1.8135522800936846e-01,  5.2546225237265716e-02,  1.4797193609852416e-01, -1.4319646843326364e-01, -1.2205970591771781e-01,  6.2158733612925198e-04,  2.6641308483100873e-01,  9.8268057472833722e-02
   272,  3.8570e+03,  1.8135341447522371e-01,  5.2546750699518086e-02,  1.4797193609852416e-01, -1.4319646843326364e-01, -1.2205970591771781e-01,  6.2158733612925198e-04,  2.6641308483100873e-01,  9.8268057472833722e-02
   273,  3.8570e+03,  1.8135341447522371e-01,  5.2546225237265716e-02,  1.4797341581788515e-01, -1.4319646843326364e-01, -1.2205970591771781e-01,  6.2158733612925198e-04,  2.6641308483100873e-01,  9.8268057472833722e-02
   274,  3.8570e+03,  1.8135341447522371e-01,  5.2546225237265716e-02,  1.4797193609852416e-01, -1.4319503646857931e-01, -1.2205970591771781e-01,  6.2158733612925198e-04,  2.6641308483100873e-01,  9.8268057472833722e-02
   275,  3.8570e+03,  1.8135341447522371e-01,  5.2546225237265716e-02,  1.4797193609852416e-01, -1.4319646843326364e-01, -1.2205848532065863e-01,  6.2158733612925198e-04,  2.6641308483100873e-01,  9.8268057472833722e-02
   276,  3.8570e+03,  1.8135341447522371e-01,  5.2546225237265716e-02,  1.4797193609852416e-01, -1.4319646843326364e-01, -1.2205970591771781e-01,  6.2168733612925193e-04,  2.6641308483100873e-01,  9.8268057472833722e-02
   277,  3.8570e+03,  1.8135341447522371e-01,  5.2546225237265716e-02,  1.4797193609852416e-01, -1.4319646843326364e-01, -1.2205970591771781e-01,  6.2158733612925198e-04,  2.6641574896185705e-01,  9.8268057472833722e-02
   278,  3.8570e+03,  1.8135341447522371e-01,  5.2546225237265716e-02,  1.4797193609852416e-01, -1.4319646843326364e-01, -1.2205970591771781e-01,  6.2158733612925198e-04,  2.6641308483100873e-01,  9.8269040153408455e-02
   279,  3.9797e+03,  1.8147762019258223e-01,  5.2738652098414024e-02,  1.4803552463421099e-01, -1.4330560447537347e-01, -1.2204129955176747e-01,  4.8660046927032248e-04,  2.6659722915094752e-01,  9.8367586014290936e-02
   280,  3.9798e+03,  1.8147943496878416e-01,  5.2738652098414024e-02,  1.4803552463421099e-01, -1.4330560447537347e-01, -1.2204129955176747e-01,  4.8660046927032248e-04,  2.6659722915094752e-01,  9.8367586014290936e-02
   281,  3.9798e+03,  1.8147762019258223e-01,  5.2739179484935006e-02,  1.4803552463421099e-01, -1.4330560447537347e-01, -1.2204129955176747e-01,  4.8660046927032248e-04,  2.6659722915094752e-01,  9.8367586014290936e-02
   282,  3.9798e+03,  1.8147762019258223e-01,  5.2738652098414024e-02,  1.4803700498945732e-01, -1.4330560447537347e-01, -1.2204129955176747e-01,  4.8660046927032248e-04,  2.6659722915094752e-01,  9.8367586014290936e-02
   283,  3.9798e+03,  1.8147762019258223e-01,  5.2738652098414024e-02,  1.4803552463421099e-01, -1.4330417141932872e-01, -1.2204129955176747e-01,  4.8660046927032248e-04,  2.6659722915094752e-01,  9.8367586014290936e-02
   284,  3.9798e+03,  1.8147762019258223e-01,  5.2738652098414024e-02,  1.4803552463421099e-01, -1.4330560447537347e-01, -1.2204007913877195e-01,  4.8660046927032248e-04,  2.6659722915094752e-01,  9.8367586014290936e-02
   285,  3.9798e+03,  1.8147762019258223e-01,  5.2738652098414024e-02,  1.4803552463421099e-01, -1.4330560447537347e-01, -1.2204129955176747e-01,  4.8670046927032248e-04,  2.6659722915094752e-01,  9.8367586014290936e-02
   286,  3.9798e+03,  1.8147762019258223e-01,  5.2738652098414024e-02,  1.4803552463421099e-01, -1.4330560447537347e-01, -1.2204129955176747e-01,  4.8660046927032248e-04,  2.6659989512323901e-01,  9.8367586014290936e-02
   287,  3.9798e+03,  1.8147762019258223e-01,  5.2738652098414024e-02,  1.4803552463421099e-01, -1.4330560447537347e-01, -1.2204129955176747e-01,  4.8660046927032248e-04,  2.6659722915094752e-01,  9.8368569690151078e-02
   288,  4.1030e+03,  1.8173210842085177e-01,  5.3080266770060620e-02,  1.4823439584703849e-01, -1.4359638543311923e-01, -1.2200046602914719e-01,  3.1654293640651966e-04,  2.6697666119028152e-01,  9.8574986103316650e-02
   289,  4.1030e+03,  1.8173392574193598e-01,  5.3080266770060620e-02,  1.4823439584703849e-01, -1.4359638543311923e-01, -1.2200046602914719e-01,  3.1654293640651966e-04,  2.6697666119028152e-01,  9.8574986103316650e-02
   290,  4.1030e+03,  1.8173210842085177e-01,  5.3080797572728322e-02,  1.4823439584703849e-01, -1.4359638543311923e-01, -1.2200046602914719e-01,  3.1654293640651966e-04,  2.6697666119028152e-01,  9.8574986103316650e-02
   291,  4.1030e+03,  1.8173210842085177e-01,  5.3080266770060620e-02,  1.4823587819099696e-01, -1.4359638543311923e-01, -1.2200046602914719e-01,  3.1654293640651966e-04,  2.6697666119028152e-01,  9.8574986103316650e-02
   292,  4.1030e+03,  1.8173210842085177e-01,  5.3080266770060620e-02,  1.4823439584703849e-01, -1.4359494946926490e-01, -1.2200046602914719e-01,  3.1654293640651966e-04,  2.6697666119028152e-01,  9.8574986103316650e-02
   293,  4.1030e+03,  1.8173210842085177e-01,  5.3080266770060620e-02,  1.4823439584703849e-01, -1.4359638543311923e-01, -1.2199924602448689e-01,  3.1654293640651966e-04,  2.6697666119028152e-01,  9.8574986103316650e-02
   294,  4.1030e+03,  1.8173210842085177e-01,  5.3080266770060620e-02,  1.4823439584703849e-01, -1.4359638543311923e-01, -1.2200046602914719e-01,  3.1664293640651966e-04,  2.6697666119028152e-01,  9.8574986103316650e-02
   295,  4.1030e+03,  1.8173210842085177e-01,  5.3080266770060620e-02,  1.4823439584703849e-01, -1.4359638543311923e-01, -1.2200046602914719e-01,  3.1654293640651966e-04,  2.6697933095689341e-01,  9.8574986103316650e-02
   296,  4.1030e+03,  1.8173210842085177e-01,  5.3080266770060620e-02,  1.4823439584703849e-01, -1.4359638543311923e-01, -1.2200046602914719e-01,  3.1654293640651966e-04,  2.6697666119028152e-01,  9.8575971853177680e-02
   297,  4.2264e+03,  1.8226108355992271e-01,  5.3557735568227204e-02,  1.4855485600344293e-01, -1.4436034306048251e-01, -1.2193981021521101e-01, -1.3860244523291243e-05,  2.6779934786155446e-01,  9.8904801872089762e-02
   298,  4.2264e+03,  1.8226290617075830e-01,  5.3557735568227204e-02,  1.4855485600344293e-01, -1.4436034306048251e-01, -1.2193981021521101e-01, -1.3860244523291243e-05,  2.6779934786155446e-01,  9.8904801872089762e-02
   299,  4.2264e+03,  1.8226108355992271e-01,  5.3558271145582884e-02,  1.4855485600344293e-01, -1.4436034306048251e-01, -1.2193981021521101e-01, -1.3860244523291243e-05,  2.6779934786155446e-01,  9.8904801872089762e-02
   300,  4.2264e+03,  1.8226108355992271e-01,  5.3557735568227204e-02,  1.4855634155200295e-01, -1.4436034306048251e-01, -1.2193981021521101e-01, -1.3860244523291243e-05,  2.6779934786155446e-01,  9.8904801872089762e-02
   301,  4.2264e+03,  1.8226108355992271e-01,  5.3557735568227204e-02,  1.4855485600344293e-01, -1.4435889945705191e-01, -1.2193981021521101e-01, -1.3860244523291243e-05,  2.6779934786155446e-01,  9.8904801872089762e-02
   302,  4.2264e+03,  1.8226108355992271e-01,  5.3557735568227204e-02,  1.4855485600344293e-01, -1.4436034306048251e-01, -1.2193859081710887e-01, -1.3860244523291243e-05,  2.6779934786155446e-01,  9.8904801872089762e-02
   303,  4.2264e+03,  1.8226108355992271e-01,  5.3557735568227204e-02,  1.4855485600344293e-01, -1.4436034306048251e-01, -1.2193981021521101e-01, -1.3760244523291242e-05,  2.6779934786155446e-01,  9.8904801872089762e-02
   304,  4.2264e+03,  1.8226108355992271e-01,  5.3557735568227204e-02,  1.4855485600344293e-01, -1.4436034306048251e-01, -1.2193981021521101e-01, -1.3860244523291243e-05,  2.6780202585503310e-01,  9.8904801872089762e-02
   305,  4.2264e+03,  1.8226108355992271e-01,  5.3557735568227204e-02,  1.4855485600344293e-01, -1.4436034306048251e-01, -1.2193981021521101e-01, -1.3860244523291243e-05,  2.6779934786155446e-01,  9.8905790920108483e-02
   306,  4.3505e+03,  1.8346531575633379e-01,  5.5287823084467454e-02,  1.4929085880205048e-01, -1.4489970314558967e-01, -1.2179203719281451e-01,  2.8982495028075561e-04,  2.6931753533525887e-01,  9.9726553081904881e-02
   307,  4.3505e+03,  1.8346715040949135e-01,  5.5287823084467454e-02,  1.4929085880205048e-01, -1.4489970314558967e-01, -1.2179203719281451e-01,  2.8982495028075561e-04,  2.6931753533525887e-01,  9.9726553081904881e-02
   308,  4.3505e+03,  1.8346531575633379e-01,  5.5288375962698297e-02,  1.4929085880205048e-01, -1.4489970314558967e-01, -1.2179203719281451e-01,  2.8982495028075561e-04,  2.6931753533525887e-01,  9.9726553081904881e-02
   309,  4.3505e+03,  1.8346531575633379e-01,  5.5287823084467454e-02,  1.4929235171063851e-01, -1.4489970314558967e-01, -1.2179203719281451e-01,  2.8982495028075561e-04,  2.6931753533525887e-01,  9.9726553081904881e-02
   310,  4.3505e+03,  1.8346531575633379e-01,  5.5287823084467454e-02,  1.4929085880205048e-01, -1.4489825414855823e-01, -1.2179203719281451e-01,  2.8982495028075561e-04,  2.6931753533525887e-01,  9.9726553081904881e-02
   311,  4.3505e+03,  1.8346531575633379e-01,  5.5287823084467454e-02,  1.4929085880205048e-01, -1.4489970314558967e-01, -1.2179081927244258e-01,  2.8982495028075561e-04,  2.6931753533525887e-01,  9.9726553081904881e-02
   312,  4.3505e+03,  1.8346531575633379e-01,  5.5287823084467454e-02,  1.4929085880205048e-01, -1.4489970314558967e-01, -1.2179203719281451e-01,  2.8992495028075561e-04,  2.6931753533525887e-01,  9.9726553081904881e-02
   313,  4.3505e+03,  1.8346531575633379e-01,  5.5287823084467454e-02,  1.4929085880205048e-01, -1.4489970314558967e-01, -1.2179203719281451e-01,  2.8982495028075561e-04,  2.6932022851061221e-01,  9.9726553081904881e-02
   314,  4.3505e+03,  1.8346531575633379e-01,  5.5287823084467454e-02,  1.4929085880205048e-01, -1.4489970314558967e-01, -1.2179203719281451e-01,  2.8982495028075561e-04,  2.6931753533525887e-01,  9.9727550347435703e-02
   315,  4.4745e+03,  1.8346707791109876e-01,  5.4886179884506670e-02,  1.4905735186515132e-01, -1.4538070877434386e-01, -1.2177145042528205e-01,  1.9773471275310667e-04,  2.6952748054511599e-01,  9.9575077375533727e-02
   316,  4.4745e+03,  1.8346891258187786e-01,  5.4886179884506670e-02,  1.4905735186515132e-01, -1.4538070877434386e-01, -1.2177145042528205e-01,  1.9773471275310667e-04,  2.6952748054511599e-01,  9.9575077375533727e-02
   317,  4.4745e+03,  1.8346707791109876e-01,  5.4886728746305513e-02,  1.4905735186515132e-01, -1.4538070877434386e-01, -1.2177145042528205e-01,  1.9773471275310667e-04,  2.6952748054511599e-01,  9.9575077375533727e-02
   318,  4.4745e+03,  1.8346707791109876e-01,  5.4886179884506670e-02,  1.4905884243866996e-01, -1.4538070877434386e-01, -1.2177145042528205e-01,  1.9773471275310667e-04,  2.6952748054511599e-01,  9.9575077375533727e-02
   319,  4.4745e+03,  1.8346707791109876e-01,  5.4886179884506670e-02,  1.4905735186515132e-01, -1.4537925496725612e-01, -1.2177145042528205e-01,  1.9773471275310667e-04,  2.6952748054511599e-01,  9.9575077375533727e-02
   320,  4.4745e+03,  1.8346707791109876e-01,  5.4886179884506670e-02,  1.4905735186515132e-01, -1.4538070877434386e-01, -1.2177023271077779e-01,  1.9773471275310667e-04,  2.6952748054511599e-01,  9.9575077375533727e-02
   321,  4.4745e+03,  1.8346707791109876e-01,  5.4886179884506670e-02,  1.4905735186515132e-01, -1.4538070877434386e-01, -1.2177145042528205e-01,  1.9783471275310667e-04,  2.6952748054511599e-01,  9.9575077375533727e-02
   322,  4.4745e+03,  1.8346707791109876e-01,  5.4886179884506670e-02,  1.4905735186515132e-01, -1.4538070877434386e-01, -1.2177145042528205e-01,  1.9773471275310667e-04,  2.6953017581992145e-01,  9.9575077375533727e-02
   323,  4.4745e+03,  1.8346707791109876e-01,  5.4886179884506670e-02,  1.4905735186515132e-01, -1.4538070877434386e-01, -1.2177145042528205e-01,  1.9773471275310667e-04,  2.6952748054511599e-01,  9.9576073126307479e-02
   324,  4.5980e+03,  1.8360910164504748e-01,  5.4712604521458701e-02,  1.4887948709224386e-01, -1.4585940788611521e-01, -1.2173074039056352e-01,  5.7764217501604859e-05,  2.6994653082682168e-01,  9.9451795067127688e-02
   325,  4.5980e+03,  1.8361093773606393e-01,  5.4712604521458701e-02,  1.4887948709224386e-01, -1.4585940788611521e-01, -1.2173074039056352e-01,  5.7764217501604859e-05,  2.6994653082682168e-01,  9.9451795067127688e-02
   326,  4.5980e+03,  1.8360910164504748e-01,  5.4713151647503913e-02,  1.4887948709224386e-01, -1.4585940788611521e-01, -1.2173074039056352e-01,  5.7764217501604859e-05,  2.6994653082682168e-01,  9.9451795067127688e-02
   327,  4.5980e+03,  1.8360910164504748e-01,  5.4712604521458701e-02,  1.4888097588711477e-01, -1.4585940788611521e-01, -1.2173074039056352e-01,  5.7764217501604859e-05,  2.6994653082682168e-01,  9.9451795067127688e-02
   328,  4.5980e+03,  1.8360910164504748e-01,  5.4712604521458701e-02,  1.4887948709224386e-01, -1.4585794929203635e-01, -1.2173074039056352e-01,  5.7764217501604859e-05,  2.6994653082682168e-01,  9.9451795067127688e-02
   329,  4.5980e+03,  1.8360910164504748e-01,  5.4712604521458701e-02,  1.4887948709224386e-01, -1.4585940788611521e-01, -1.2172952308315961e-01,  5.7764217501604859e-05,  2.6994653082682168e-01,  9.9451795067127688e-02
   330,  4.5980e+03,  1.8360910164504748e-01,  5.4712604521458701e-02,  1.4887948709224386e-01, -1.4585940788611521e-01, -1.2173074039056352e-01,  5.7864217501604862e-05,  2.6994653082682168e-01,  9.9451795067127688e-02
   331,  4.5980e+03,  1.8360910164504748e-01,  5.4712604521458701e-02,  1.4887948709224386e-01, -1.4585940788611521e-01, -1.2173074039056352e-01,  5.7764217501604859e-05,  2.6994923029212997e-01,  9.9451795067127688e-02
   332,  4.5980e+03,  1.8360910164504748e-01,  5.4712604521458701e-02,  1.4887948709224386e-01, -1.4585940788611521e-01, -1.2173074039056352e-01,  5.7764217501604859e-05,  2.6994653082682168e-01,  9.9452789585078361e-02
   333,  4.7222e+03,  1.8391482728909003e-01,  5.5227986766014724e-02,  1.4900606613349862e-01, -1.4582027065602909e-01, -1.2171483465190543e-01,  1.2911745541369134e-04,  2.7029683891664558e-01,  9.9587579965308079e-02
   334,  4.7222e+03,  1.8391666643736293e-01,  5.5227986766014724e-02,  1.4900606613349862e-01, -1.4582027065602909e-01, -1.2171483465190543e-01,  1.2911745541369134e-04,  2.7029683891664558e-01,  9.9587579965308079e-02
   335,  4.7222e+03,  1.8391482728909003e-01,  5.5228539045882381e-02,  1.4900606613349862e-01, -1.4582027065602909e-01, -1.2171483465190543e-01,  1.2911745541369134e-04,  2.7029683891664558e-01,  9.9587579965308079e-02
   336,  4.7222e+03,  1.8391482728909003e-01,  5.5227986766014724e-02,  1.4900755619415995e-01, -1.4582027065602909e-01, -1.2171483465190543e-01,  1.2911745541369134e-04,  2.7029683891664558e-01,  9.9587579965308079e-02
   337,  4.7222e+03,  1.8391482728909003e-01,  5.5227986766014724e-02,  1.4900606613349862e-01, -1.4581881245332254e-01, -1.2171483465190543e-01,  1.2911745541369134e-04,  2.7029683891664558e-01,  9.9587579965308079e-02
   338,  4.7222e+03,  1.8391482728909003e-01,  5.5227986766014724e-02,  1.4900606613349862e-01, -1.4582027065602909e-01, -1.2171361750355891e-01,  1.2911745541369134e-04,  2.7029683891664558e-01,  9.9587579965308079e-02
   339,  4.7222e+03,  1.8391482728909003e-01,  5.5227986766014724e-02,  1.4900606613349862e-01, -1.4582027065602909e-01, -1.2171483465190543e-01,  1.2921745541369134e-04,  2.7029683891664558e-01,  9.9587579965308079e-02
   340,  4.7222e+03,  1.8391482728909003e-01,  5.5227986766014724e-02,  1.4900606613349862e-01, -1.4582027065602909e-01, -1.2171483465190543e-01,  1.2911745541369134e-04,  2.7029954188503474e-01,  9.9587579965308079e-02
   341,  4.7222e+03,  1.8391482728909003e-01,  5.5227986766014724e-02,  1.4900606613349862e-01, -1.4582027065602909e-01, -1.2171483465190543e-01,  1.2911745541369134e-04,  2.7029683891664558e-01,  9.9588575841107738e-02
   342,  4.8482e+03,  1.8413285901774748e-01,  5.5105960276296648e-02,  1.4896658342570729e-01, -1.4642398049612185e-01, -1.2172163388786689e-01,  1.0958686746588313e-04,  2.7057057672450580e-01,  9.9726597094771816e-02
   343,  4.8482e+03,  1.8413470034633767e-01,  5.5105960276296648e-02,  1.4896658342570729e-01, -1.4642398049612185e-01, -1.2172163388786689e-01,  1.0958686746588313e-04,  2.7057057672450580e-01,  9.9726597094771816e-02
   344,  4.8482e+03,  1.8413285901774748e-01,  5.5106511335899409e-02,  1.4896658342570729e-01, -1.4642398049612185e-01, -1.2172163388786689e-01,  1.0958686746588313e-04,  2.7057057672450580e-01,  9.9726597094771816e-02
   345,  4.8482e+03,  1.8413285901774748e-01,  5.5105960276296648e-02,  1.4896807309154156e-01, -1.4642398049612185e-01, -1.2172163388786689e-01,  1.0958686746588313e-04,  2.7057057672450580e-01,  9.9726597094771816e-02
   346,  4.8482e+03,  1.8413285901774748e-01,  5.5105960276296648e-02,  1.4896658342570729e-01, -1.4642251625631689e-01, -1.2172163388786689e-01,  1.0958686746588313e-04,  2.7057057672450580e-01,  9.9726597094771816e-02
   347,  4.8482e+03,  1.8413285901774748e-01,  5.5105960276296648e-02,  1.4896658342570729e-01, -1.4642398049612185e-01, -1.2172041667152801e-01,  1.0958686746588313e-04,  2.7057057672450580e-01,  9.9726597094771816e-02
   348,  4.8482e+03,  1.8413285901774748e-01,  5.5105960276296648e-02,  1.4896658342570729e-01, -1.4642398049612185e-01, -1.2172163388786689e-01,  1.0968686746588314e-04,  2.7057057672450580e-01,  9.9726597094771816e-02
   349,  4.8482e+03,  1.8413285901774748e-01,  5.5105960276296648e-02,  1.4896658342570729e-01, -1.4642398049612185e-01, -1.2172163388786689e-01,  1.0958686746588313e-04,  2.7057328243027307e-01,  9.9726597094771816e-02
   350,  4.8482e+03,  1.8413285901774748e-01,  5.5105960276296648e-02,  1.4896658342570729e-01, -1.4642398049612185e-01, -1.2172163388786689e-01,  1.0958686746588313e-04,  2.7057057672450580e-01,  9.9727594360742758e-02
   351,  4.9715e+03,  1.8433885160335292e-01,  5.5577247083837739e-02,  1.4897125739182884e-01, -1.4614635728671482e-01, -1.2169907878007742e-01, -4.2571609368939690e-05,  2.7096275489220256e-01,  9.9663089343120417e-02
   352,  4.9715e+03,  1.8434069499186895e-01,  5.5577247083837739e-02,  1.4897125739182884e-01, -1.4614635728671482e-01, -1.2169907878007742e-01, -4.2571609368939690e-05,  2.7096275489220256e-01,  9.9663089343120417e-02
   353,  4.9715e+03,  1.8433885160335292e-01,  5.5577802856308575e-02,  1.4897125739182884e-01, -1.4614635728671482e-01, -1.2169907878007742e-01, -4.2571609368939690e-05,  2.7096275489220256e-01,  9.9663089343120417e-02
   354,  4.9715e+03,  1.8433885160335292e-01,  5.5577247083837739e-02,  1.4897274710440275e-01, -1.4614635728671482e-01, -1.2169907878007742e-01, -4.2571609368939690e-05,  2.7096275489220256e-01,  9.9663089343120417e-02
   355,  4.9715e+03,  1.8433885160335292e-01,  5.5577247083837739e-02,  1.4897125739182884e-01, -1.4614489582314197e-01, -1.2169907878007742e-01, -4.2571609368939690e-05,  2.7096275489220256e-01,  9.9663089343120417e-02
   356,  4.9715e+03,  1.8433885160335292e-01,  5.5577247083837739e-02,  1.4897125739182884e-01, -1.4614635728671482e-01, -1.2169786178928962e-01, -4.2571609368939690e-05,  2.7096275489220256e-01,  9.9663089343120417e-02
   357,  4.9715e+03,  1.8433885160335292e-01,  5.5577247083837739e-02,  1.4897125739182884e-01, -1.4614635728671482e-01, -1.2169907878007742e-01, -4.2471609368939688e-05,  2.7096275489220256e-01,  9.9663089343120417e-02
   358,  4.9715e+03,  1.8433885160335292e-01,  5.5577247083837739e-02,  1.4897125739182884e-01, -1.4614635728671482e-01, -1.2169907878007742e-01, -4.2571609368939690e-05,  2.7096546451975151e-01,  9.9663089343120417e-02
   359,  4.9715e+03,  1.8433885160335292e-01,  5.5577247083837739e-02,  1.4897125739182884e-01, -1.4614635728671482e-01, -1.2169907878007742e-01, -4.2571609368939690e-05,  2.7096275489220256e-01,  9.9664085974013855e-02
   360,  5.0966e+03,  1.8438141216120985e-01,  5.5555816067126479e-02,  1.4893287547406600e-01, -1.4628711095201488e-01, -1.2169789460661927e-01,  1.9032357292812351e-05,  2.7096222181716689e-01,  9.9736191808680250e-02
   361,  5.0966e+03,  1.8438325597533145e-01,  5.5555816067126479e-02,  1.4893287547406600e-01, -1.4628711095201488e-01, -1.2169789460661927e-01,  1.9032357292812351e-05,  2.7096222181716689e-01,  9.9736191808680250e-02
   362,  5.0966e+03,  1.8438141216120985e-01,  5.5556371625287149e-02,  1.4893287547406600e-01, -1.4628711095201488e-01, -1.2169789460661927e-01,  1.9032357292812351e-05,  2.7096222181716689e-01,  9.9736191808680250e-02
   363,  5.0966e+03,  1.8438141216120985e-01,  5.5555816067126479e-02,  1.4893436480282074e-01, -1.4628711095201488e-01, -1.2169789460661927e-01,  1.9032357292812351e-05,  2.7096222181716689e-01,  9.9736191808680250e-02
   364,  5.0966e+03,  1.8438141216120985e-01,  5.5555816067126479e-02,  1.4893287547406600e-01, -1.4628564808090536e-01, -1.2169789460661927e-01,  1.9032357292812351e-05,  2.7096222181716689e-01,  9.9736191808680250e-02
   365,  5.0966e+03,  1.8438141216120985e-01,  5.5555816067126479e-02,  1.4893287547406600e-01, -1.4628711095201488e-01, -1.2169667762767321e-01,  1.9032357292812351e-05,  2.7096222181716689e-01,  9.9736191808680250e-02
   366,  5.0966e+03,  1.8438141216120985e-01,  5.5555816067126479e-02,  1.4893287547406600e-01, -1.4628711095201488e-01, -1.2169789460661927e-01,  1.9132357292812350e-05,  2.7096222181716689e-01,  9.9736191808680250e-02
   367,  5.0966e+03,  1.8438141216120985e-01,  5.5555816067126479e-02,  1.4893287547406600e-01, -1.4628711095201488e-01, -1.2169789460661927e-01,  1.9032357292812351e-05,  2.7096493143938505e-01,  9.9736191808680250e-02
   368,  5.0966e+03,  1.8438141216120985e-01,  5.5555816067126479e-02,  1.4893287547406600e-01, -1.4628711095201488e-01, -1.2169789460661927e-01,  1.9032357292812351e-05,  2.7096222181716689e-01,  9.9737189170598331e-02
   369,  5.2207e+03,  1.8451958660957607e-01,  5.5555380631157204e-02,  1.4893966339102810e-01, -1.4655919002075118e-01, -1.2169647489506653e-01,  1.2712812174829212e-04,  2.7108340678573062e-01,  9.9842242148658722e-02
   370,  5.2207e+03,  1.8452143180544217e-01,  5.5555380631157204e-02,  1.4893966339102810e-01, -1.4655919002075118e-01, -1.2169647489506653e-01,  1.2712812174829212e-04,  2.7108340678573062e-01,  9.9842242148658722e-02
   371,  5.2207e+03,  1.8451958660957607e-01,  5.5555936184963517e-02,  1.4893966339102810e-01, -1.4655919002075118e-01, -1.2169647489506653e-01,  1.2712812174829212e-04,  2.7108340678573062e-01,  9.9842242148658722e-02
   372,  5.2207e+03,  1.8451958660957607e-01,  5.5555380631157204e-02,  1.4894115278766201e-01, -1.4655919002075118e-01, -1.2169647489506653e-01,  1.2712812174829212e-04,  2.7108340678573062e-01,  9.9842242148658722e-02
   373,  5.2207e+03,  1.8451958660957607e-01,  5.5555380631157204e-02,  1.4893966339102810e-01, -1.4655772442885098e-01, -1.2169647489506653e-01,  1.2712812174829212e-04,  2.7108340678573062e-01,  9.9842242148658722e-02
   374,  5.2207e+03,  1.8451958660957607e-01,  5.5555380631157204e-02,  1.4893966339102810e-01, -1.4655919002075118e-01, -1.2169525793031759e-01,  1.2712812174829212e-04,  2.7108340678573062e-01,  9.9842242148658722e-02
   375,  5.2207e+03,  1.8451958660957607e-01,  5.5555380631157204e-02,  1.4893966339102810e-01, -1.4655919002075118e-01, -1.2169647489506653e-01,  1.2722812174829212e-04,  2.7108340678573062e-01,  9.9842242148658722e-02
   376,  5.2207e+03,  1.8451958660957607e-01,  5.5555380631157204e-02,  1.4893966339102810e-01, -1.4655919002075118e-01, -1.2169647489506653e-01,  1.2712812174829212e-04,  2.7108611761979845e-01,  9.9842242148658722e-02
   377,  5.2207e+03,  1.8451958660957607e-01,  5.5555380631157204e-02,  1.4893966339102810e-01, -1.4655919002075118e-01, -1.2169647489506653e-01,  1.2712812174829212e-04,  2.7108340678573062e-01,  9.9843240571080211e-02
   378,  5.3444e+03,  1.8468710677077643e-01,  5.5715948379086881e-02,  1.4891701263898846e-01, -1.4661216670559019e-01, -1.2167203070027341e-01,  1.7597561054334958e-04,  2.7134837039353943e-01,  9.9862996503968182e-02
   379,  5.3444e+03,  1.8468895364184415e-01,  5.5715948379086881e-02,  1.4891701263898846e-01, -1.4661216670559019e-01, -1.2167203070027341e-01,  1.7597561054334958e-04,  2.7134837039353943e-01,  9.9862996503968182e-02
   380,  5.3444e+03,  1.8468710677077643e-01,  5.5716505538570674e-02,  1.4891701263898846e-01, -1.4661216670559019e-01, -1.2167203070027341e-01,  1.7597561054334958e-04,  2.7134837039353943e-01,  9.9862996503968182e-02
   381,  5.3444e+03,  1.8468710677077643e-01,  5.5715948379086881e-02,  1.4891850180911484e-01, -1.4661216670559019e-01, -1.2167203070027341e-01,  1.7597561054334958e-04,  2.7134837039353943e-01,  9.9862996503968182e-02
   382,  5.3444e+03,  1.8468710677077643e-01,  5.5715948379086881e-02,  1.4891701263898846e-01, -1.4661070058392314e-01, -1.2167203070027341e-01,  1.7597561054334958e-04,  2.7134837039353943e-01,  9.9862996503968182e-02
   383,  5.3444e+03,  1.8468710677077643e-01,  5.5715948379086881e-02,  1.4891701263898846e-01, -1.4661216670559019e-01, -1.2167081397996640e-01,  1.7597561054334958e-04,  2.7134837039353943e-01,  9.9862996503968182e-02
   384,  5.3444e+03,  1.8468710677077643e-01,  5.5715948379086881e-02,  1.4891701263898846e-01, -1.4661216670559019e-01, -1.2167203070027341e-01,  1.7607561054334958e-04,  2.7134837039353943e-01,  9.9862996503968182e-02
   385,  5.3444e+03,  1.8468710677077643e-01,  5.5715948379086881e-02,  1.4891701263898846e-01, -1.4661216670559019e-01, -1.2167203070027341e-01,  1.7597561054334958e-04,  2.7135108387724338e-01,  9.9862996503968182e-02
   386,  5.3444e+03,  1.8468710677077643e-01,  5.5715948379086881e-02,  1.4891701263898846e-01, -1.4661216670559019e-01, -1.2167203070027341e-01,  1.7597561054334958e-04,  2.7134837039353943e-01,  9.9863995133933223e-02
