Problem type:
least_squares
nparams:
24
function_evaluation,seconds,x(0),x(1),x(2),x(3),x(4),x(5),x(6),x(7),x(8),x(9),x(10),x(11),x(12),x(13),x(14),x(15),x(16),x(17),x(18),x(19),x(20),x(21),x(22),x(23)
     0,  3.5807e+02,  1.2296415829932607e-01,  0.0000000000000000e+00,  0.0000000000000000e+00, -9.5730054950498744e-02,  1.2443693179686581e-01,  1.3715858575553148e-02,  0.0000000000000000e+00,  0.0000000000000000e+00,  0.0000000000000000e+00,  0.0000000000000000e+00,  0.0000000000000000e+00,  0.0000000000000000e+00,  9.6529304348537848e-02,  0.0000000000000000e+00,  0.0000000000000000e+00,  8.7162934207462878e-02,  1.8208200684168771e-01,  2.0290584246009949e-02,  0.0000000000000000e+00,  0.0000000000000000e+00,  0.0000000000000000e+00,  0.0000000000000000e+00,  0.0000000000000000e+00,  0.0000000000000000e+00
     1,  3.5807e+02,  1.2308712245762539e-01,  0.0000000000000000e+00,  0.0000000000000000e+00, -9.5730054950498744e-02,  1.2443693179686581e-01,  1.3715858575553148e-02,  0.0000000000000000e+00,  0.0000000000000000e+00,  0.0000000000000000e+00,  0.0000000000000000e+00,  0.0000000000000000e+00,  0.0000000000000000e+00,  9.6529304348537848e-02,  0.0000000000000000e+00,  0.0000000000000000e+00,  8.7162934207462878e-02,  1.8208200684168771e-01,  2.0290584246009949e-02,  0.0000000000000000e+00,  0.0000000000000000e+00,  0.0000000000000000e+00,  0.0000000000000000e+00,  0.0000000000000000e+00,  0.0000000000000000e+00
     2,  3.5807e+02,  1.2296415829932607e-01,  1.0000000000000001e-05,  0.0000000000000000e+00, -9.5730054950498744e-02,  1.2443693179686581e-01,  1.3715858575553148e-02,  0.0000000000000000e+00,  0.0000000000000000e+00,  0.0000000000000000e+00,  0.0000000000000000e+00,  0.0000000000000000e+00,  0.0000000000000000e+00,  9.6529304348537848e-02,  0.0000000000000000e+00,  0.0000000000000000e+00,  8.7162934207462878e-02,  1.8208200684168771e-01,  2.0290584246009949e-02,  0.0000000000000000e+00,  0.0000000000000000e+00,  0.0000000000000000e+00,  0.0000000000000000e+00,  0.0000000000000000e+00,  0.0000000000000000e+00
     3,  3.5807e+02,  1.2296415829932607e-01,  0.0000000000000000e+00,  1.0000000000000001e-05, -9.5730054950498744e-02,  1.2443693179686581e-01,  1.3715858575553148e-02,  0.0000000000000000e+00,  0.0000000000000000e+00,  0.0000000000000000e+00,  0.0000000000000000e+00,  0.0000000000000000e+00,  0.0000000000000000e+00,  9.6529304348537848e-02,  0.0000000000000000e+00,  0.0000000000000000e+00,  8.7162934207462878e-02,  1.8208200684168771e-01,  2.0290584246009949e-02,  0.0000000000000000e+00,  0.0000000000000000e+00,  0.0000000000000000e+00,  0.0000000000000000e+00,  0.0000000000000000e+00,  0.0000000000000000e+00
     4,  3.5807e+02,  1.2296415829932607e-01,  0.0000000000000000e+00,  0.0000000000000000e+00, -9.5634324895548239e-02,  1.2443693179686581e-01,  1.3715858575553148e-02,  0.0000000000000000e+00,  0.0000000000000000e+00,  0.0000000000000000e+00,  0.0000000000000000e+00,  0.0000000000000000e+00,  0.0000000000000000e+00,  9.6529304348537848e-02,  0.0000000000000000e+00,  0.0000000000000000e+00,  8.7162934207462878e-02,  1.8208200684168771e-01,  2.0290584246009949e-02,  0.0000000000000000e+00,  0.0000000000000000e+00,  0.0000000000000000e+00,  0.0000000000000000e+00,  0.0000000000000000e+00,  0.0000000000000000e+00
     5,  3.5807e+02,  1.2296415829932607e-01,  0.0000000000000000e+00,  0.0000000000000000e+00, -9.5730054950498744e-02,  1.2456136872866268e-01,  1.3715858575553148e-02,  0.0000000000000000e+00,  0.0000000000000000e+00,  0.0000000000000000e+00,  0.0000000000000000e+00,  0.0000000000000000e+00,  0.0000000000000000e+00,  9.6529304348537848e-02,  0.0000000000000000e+00,  0.0000000000000000e+00,  8.7162934207462878e-02,  1.8208200684168771e-01,  2.0290584246009949e-02,  0.0000000000000000e+00,  0.0000000000000000e+00,  0.0000000000000000e+00,  0.0000000000000000e+00,  0.0000000000000000e+00,  0.0000000000000000e+00
     6,  3.5807e+02,  1.2296415829932607e-01,  0.0000000000000000e+00,  0.0000000000000000e+00, -9.5730054950498744e-02,  1.2443693179686581e-01,  1.3729574434128701e-02,  0.0000000000000000e+00,  0.0000000000000000e+00,  0.0000000000000000e+00,  0.0000000000000000e+00,  0.0000000000000000e+00,  0.0000000000000000e+00,  9.6529304348537848e-02,  0.0000000000000000e+00,  0.0000000000000000e+00,  8.7162934207462878e-02,  1.8208200684168771e-01,  2.0290584246009949e-02,  0.0000000000000000e+00,  0.0000000000000000e+00,  0.0000000000000000e+00,  0.0000000000000000e+00,  0.0000000000000000e+00,  0.0000000000000000e+00
     7,  3.5807e+02,  1.2296415829932607e-01,  0.0000000000000000e+00,  0.0000000000000000e+00, -9.5730054950498744e-02,  1.2443693179686581e-01,  1.3715858575553148e-02,  1.0000000000000001e-05,  0.0000000000000000e+00,  0.0000000000000000e+00,  0.0000000000000000e+00,  0.0000000000000000e+00,  0.0000000000000000e+00,  9.6529304348537848e-02,  0.0000000000000000e+00,  0.0000000000000000e+00,  8.7162934207462878e-02,  1.8208200684168771e-01,  2.0290584246009949e-02,  0.0000000000000000e+00,  0.0000000000000000e+00,  0.0000000000000000e+00,  0.0000000000000000e+00,  0.0000000000000000e+00,  0.0000000000000000e+00
     8,  3.5807e+02,  1.2296415829932607e-01,  0.0000000000000000e+00,  0.0000000000000000e+00, -9.5730054950498744e-02,  1.2443693179686581e-01,  1.3715858575553148e-02,  0.0000000000000000e+00,  1.0000000000000001e-05,  0.0000000000000000e+00,  0.0000000000000000e+00,  0.0000000000000000e+00,  0.0000000000000000e+00,  9.6529304348537848e-02,  0.0000000000000000e+00,  0.0000000000000000e+00,  8.7162934207462878e-02,  1.8208200684168771e-01,  2.0290584246009949e-02,  0.0000000000000000e+00,  0.0000000000000000e+00,  0.0000000000000000e+00,  0.0000000000000000e+00,  0.0000000000000000e+00,  0.0000000000000000e+00
     9,  3.5807e+02,  1.2296415829932607e-01,  0.0000000000000000e+00,  0.0000000000000000e+00, -9.5730054950498744e-02,  1.2443693179686581e-01,  1.3715858575553148e-02,  0.0000000000000000e+00,  0.0000000000000000e+00,  1.0000000000000001e-05,  0.0000000000000000e+00,  0.0000000000000000e+00,  0.0000000000000000e+00,  9.6529304348537848e-02,  0.0000000000000000e+00,  0.0000000000000000e+00,  8.7162934207462878e-02,  1.8208200684168771e-01,  2.0290584246009949e-02,  0.0000000000000000e+00,  0.0000000000000000e+00,  0.0000000000000000e+00,  0.0000000000000000e+00,  0.0000000000000000e+00,  0.0000000000000000e+00
    10,  3.5807e+02,  1.2296415829932607e-01,  0.0000000000000000e+00,  0.0000000000000000e+00, -9.5730054950498744e-02,  1.2443693179686581e-01,  1.3715858575553148e-02,  0.0000000000000000e+00,  0.0000000000000000e+00,  0.0000000000000000e+00,  1.0000000000000001e-05,  0.0000000000000000e+00,  0.0000000000000000e+00,  9.6529304348537848e-02,  0.0000000000000000e+00,  0.0000000000000000e+00,  8.7162934207462878e-02,  1.8208200684168771e-01,  2.0290584246009949e-02,  0.0000000000000000e+00,  0.0000000000000000e+00,  0.0000000000000000e+00,  0.0000000000000000e+00,  0.0000000000000000e+00,  0.0000000000000000e+00
    11,  3.5807e+02,  1.2296415829932607e-01,  0.0000000000000000e+00,  0.0000000000000000e+00, -9.5730054950498744e-02,  1.2443693179686581e-01,  1.3715858575553148e-02,  0.0000000000000000e+00,  0.0000000000000000e+00,  0.0000000000000000e+00,  0.0000000000000000e+00,  1.0000000000000001e-05,  0.0000000000000000e+00,  9.6529304348537848e-02,  0.0000000000000000e+00,  0.0000000000000000e+00,  8.7162934207462878e-02,  1.8208200684168771e-01,  2.0290584246009949e-02,  0.0000000000000000e+00,  0.0000000000000000e+00,  0.0000000000000000e+00,  0.0000000000000000e+00,  0.0000000000000000e+00,  0.0000000000000000e+00
    12,  3.5807e+02,  1.2296415829932607e-01,  0.0000000000000000e+00,  0.0000000000000000e+00, -9.5730054950498744e-02,  1.2443693179686581e-01,  1.3715858575553148e-02,  0.0000000000000000e+00,  0.0000000000000000e+00,  0.0000000000000000e+00,  0.0000000000000000e+00,  0.0000000000000000e+00,  1.0000000000000001e-05,  9.6529304348537848e-02,  0.0000000000000000e+00,  0.0000000000000000e+00,  8.7162934207462878e-02,  1.8208200684168771e-01,  2.0290584246009949e-02,  0.0000000000000000e+00,  0.0000000000000000e+00,  0.0000000000000000e+00,  0.0000000000000000e+00,  0.0000000000000000e+00,  0.0000000000000000e+00
    13,  3.5807e+02,  1.2296415829932607e-01,  0.0000000000000000e+00,  0.0000000000000000e+00, -9.5730054950498744e-02,  1.2443693179686581e-01,  1.3715858575553148e-02,  0.0000000000000000e+00,  0.0000000000000000e+00,  0.0000000000000000e+00,  0.0000000000000000e+00,  0.0000000000000000e+00,  0.0000000000000000e+00,  9.6625833652886392e-02,  0.0000000000000000e+00,  0.0000000000000000e+00,  8.7162934207462878e-02,  1.8208200684168771e-01,  2.0290584246009949e-02,  0.0000000000000000e+00,  0.0000000000000000e+00,  0.0000000000000000e+00,  0.0000000000000000e+00,  0.0000000000000000e+00,  0.0000000000000000e+00
    14,  3.5807e+02,  1.2296415829932607e-01,  0.0000000000000000e+00,  0.0000000000000000e+00, -9.5730054950498744e-02,  1.2443693179686581e-01,  1.3715858575553148e-02,  0.0000000000000000e+00,  0.0000000000000000e+00,  0.0000000000000000e+00,  0.0000000000000000e+00,  0.0000000000000000e+00,  0.0000000000000000e+00,  9.6529304348537848e-02,  1.0000000000000001e-05,  0.0000000000000000e+00,  8.7162934207462878e-02,  1.8208200684168771e-01,  2.0290584246009949e-02,  0.0000000000000000e+00,  0.0000000000000000e+00,  0.0000000000000000e+00,  0.0000000000000000e+00,  0.0000000000000000e+00,  0.0000000000000000e+00
    15,  3.5808e+02,  1.2296415829932607e-01,  0.0000000000000000e+00,  0.0000000000000000e+00, -9.5730054950498744e-02,  1.2443693179686581e-01,  1.3715858575553148e-02,  0.0000000000000000e+00,  0.0000000000000000e+00,  0.0000000000000000e+00,  0.0000000000000000e+00,  0.0000000000000000e+00,  0.0000000000000000e+00,  9.6529304348537848e-02,  0.0000000000000000e+00,  1.0000000000000001e-05,  8.7162934207462878e-02,  1.8208200684168771e-01,  2.0290584246009949e-02,  0.0000000000000000e+00,  0.0000000000000000e+00,  0.0000000000000000e+00,  0.0000000000000000e+00,  0.0000000000000000e+00,  0.0000000000000000e+00
    16,  3.5808e+02,  1.2296415829932607e-01,  0.0000000000000000e+00,  0.0000000000000000e+00, -9.5730054950498744e-02,  1.2443693179686581e-01,  1.3715858575553148e-02,  0.0000000000000000e+00,  0.0000000000000000e+00,  0.0000000000000000e+00,  0.0000000000000000e+00,  0.0000000000000000e+00,  0.0000000000000000e+00,  9.6529304348537848e-02,  0.0000000000000000e+00,  0.0000000000000000e+00,  8.7250097141670341e-02,  1.8208200684168771e-01,  2.0290584246009949e-02,  0.0000000000000000e+00,  0.0000000000000000e+00,  0.0000000000000000e+00,  0.0000000000000000e+00,  0.0000000000000000e+00,  0.0000000000000000e+00
    17,  3.5808e+02,  1.2296415829932607e-01,  0.0000000000000000e+00,  0.0000000000000000e+00, -9.5730054950498744e-02,  1.2443693179686581e-01,  1.3715858575553148e-02,  0.0000000000000000e+00,  0.0000000000000000e+00,  0.0000000000000000e+00,  0.0000000000000000e+00,  0.0000000000000000e+00,  0.0000000000000000e+00,  9.6529304348537848e-02,  0.0000000000000000e+00,  0.0000000000000000e+00,  8.7162934207462878e-02,  1.8226408884852940e-01,  2.0290584246009949e-02,  0.0000000000000000e+00,  0.0000000000000000e+00,  0.0000000000000000e+00,  0.0000000000000000e+00,  0.0000000000000000e+00,  0.0000000000000000e+00
    18,  3.5808e+02,  1.2296415829932607e-01,  0.0000000000000000e+00,  0.0000000000000000e+00, -9.5730054950498744e-02,  1.2443693179686581e-01,  1.3715858575553148e-02,  0.0000000000000000e+00,  0.0000000000000000e+00,  0.0000000000000000e+00,  0.0000000000000000e+00,  0.0000000000000000e+00,  0.0000000000000000e+00,  9.6529304348537848e-02,  0.0000000000000000e+00,  0.0000000000000000e+00,  8.7162934207462878e-02,  1.8208200684168771e-01,  2.0310874830255957e-02,  0.0000000000000000e+00,  0.0000000000000000e+00,  0.0000000000000000e+00,  0.0000000000000000e+00,  0.0000000000000000e+00,  0.0000000000000000e+00
    19,  3.5808e+02,  1.2296415829932607e-01,  0.0000000000000000e+00,  0.0000000000000000e+00, -9.5730054950498744e-02,  1.2443693179686581e-01,  1.3715858575553148e-02,  0.0000000000000000e+00,  0.0000000000000000e+00,  0.0000000000000000e+00,  0.0000000000000000e+00,  0.0000000000000000e+00,  0.0000000000000000e+00,  9.6529304348537848e-02,  0.0000000000000000e+00,  0.0000000000000000e+00,  8.7162934207462878e-02,  1.8208200684168771e-01,  2.0290584246009949e-02,  1.0000000000000001e-05,  0.0000000000000000e+00,  0.0000000000000000e+00,  0.0000000000000000e+00,  0.0000000000000000e+00,  0.0000000000000000e+00
    20,  3.5808e+02,  1.2296415829932607e-01,  0.0000000000000000e+00,  0.0000000000000000e+00, -9.5730054950498744e-02,  1.2443693179686581e-01,  1.3715858575553148e-02,  0.0000000000000000e+00,  0.0000000000000000e+00,  0.0000000000000000e+00,  0.0000000000000000e+00,  0.0000000000000000e+00,  0.0000000000000000e+00,  9.6529304348537848e-02,  0.0000000000000000e+00,  0.0000000000000000e+00,  8.7162934207462878e-02,  1.8208200684168771e-01,  2.0290584246009949e-02,  0.0000000000000000e+00,  1.0000000000000001e-05,  0.0000000000000000e+00,  0.0000000000000000e+00,  0.0000000000000000e+00,  0.0000000000000000e+00
    21,  3.5808e+02,  1.2296415829932607e-01,  0.0000000000000000e+00,  0.0000000000000000e+00, -9.5730054950498744e-02,  1.2443693179686581e-01,  1.3715858575553148e-02,  0.0000000000000000e+00,  0.0000000000000000e+00,  0.0000000000000000e+00,  0.0000000000000000e+00,  0.0000000000000000e+00,  0.0000000000000000e+00,  9.6529304348537848e-02,  0.0000000000000000e+00,  0.0000000000000000e+00,  8.7162934207462878e-02,  1.8208200684168771e-01,  2.0290584246009949e-02,  0.0000000000000000e+00,  0.0000000000000000e+00,  1.0000000000000001e-05,  0.0000000000000000e+00,  0.0000000000000000e+00,  0.0000000000000000e+00
    22,  3.5808e+02,  1.2296415829932607e-01,  0.0000000000000000e+00,  0.0000000000000000e+00, -9.5730054950498744e-02,  1.2443693179686581e-01,  1.3715858575553148e-02,  0.0000000000000000e+00,  0.0000000000000000e+00,  0.0000000000000000e+00,  0.0000000000000000e+00,  0.0000000000000000e+00,  0.0000000000000000e+00,  9.6529304348537848e-02,  0.0000000000000000e+00,  0.0000000000000000e+00,  8.7162934207462878e-02,  1.8208200684168771e-01,  2.0290584246009949e-02,  0.0000000000000000e+00,  0.0000000000000000e+00,  0.0000000000000000e+00,  1.0000000000000001e-05,  0.0000000000000000e+00,  0.0000000000000000e+00
    23,  3.5808e+02,  1.2296415829932607e-01,  0.0000000000000000e+00,  0.0000000000000000e+00, -9.5730054950498744e-02,  1.2443693179686581e-01,  1.3715858575553148e-02,  0.0000000000000000e+00,  0.0000000000000000e+00,  0.0000000000000000e+00,  0.0000000000000000e+00,  0.0000000000000000e+00,  0.0000000000000000e+00,  9.6529304348537848e-02,  0.0000000000000000e+00,  0.0000000000000000e+00,  8.7162934207462878e-02,  1.8208200684168771e-01,  2.0290584246009949e-02,  0.0000000000000000e+00,  0.0000000000000000e+00,  0.0000000000000000e+00,  0.0000000000000000e+00,  1.0000000000000001e-05,  0.0000000000000000e+00
    24,  3.5808e+02,  1.2296415829932607e-01,  0.0000000000000000e+00,  0.0000000000000000e+00, -9.5730054950498744e-02,  1.2443693179686581e-01,  1.3715858575553148e-02,  0.0000000000000000e+00,  0.0000000000000000e+00,  0.0000000000000000e+00,  0.0000000000000000e+00,  0.0000000000000000e+00,  0.0000000000000000e+00,  9.6529304348537848e-02,  0.0000000000000000e+00,  0.0000000000000000e+00,  8.7162934207462878e-02,  1.8208200684168771e-01,  2.0290584246009949e-02,  0.0000000000000000e+00,  0.0000000000000000e+00,  0.0000000000000000e+00,  0.0000000000000000e+00,  0.0000000000000000e+00,  1.0000000000000001e-05
    25,  6.3499e+02,  1.2414808422022722e-01,  1.1485990399106088e-03,  3.5904956171650452e-03, -9.2789428581113470e-02,  1.2518195681650990e-01,  1.9300492337346261e-02,  6.0143073143286742e-04,  1.3404854589880633e-02,  1.8592846628495716e-03,  9.8484721456252623e-03, -2.8265900587817567e-03, -3.8404492764806193e-04,  8.5302259699359867e-02,  9.0234408894159705e-04, -2.8215205261733606e-03,  6.7713222255772434e-02,  1.7077787367246738e-01,  2.4913462818332940e-02,  1.0298159907807128e-03, -1.7541391872193699e-02, -7.3732581712678009e-03,  5.2006671702459380e-04, -6.9083070372959205e-03, -8.4552013168253846e-04
    26,  6.3499e+02,  1.2427223230444745e-01,  1.1485990399106088e-03,  3.5904956171650452e-03, -9.2789428581113470e-02,  1.2518195681650990e-01,  1.9300492337346261e-02,  6.0143073143286742e-04,  1.3404854589880633e-02,  1.8592846628495716e-03,  9.8484721456252623e-03, -2.8265900587817567e-03, -3.8404492764806193e-04,  8.5302259699359867e-02,  9.0234408894159705e-04, -2.8215205261733606e-03,  6.7713222255772434e-02,  1.7077787367246738e-01,  2.4913462818332940e-02,  1.0298159907807128e-03, -1.7541391872193699e-02, -7.3732581712678009e-03,  5.2006671702459380e-04, -6.9083070372959205e-03, -8.4552013168253846e-04
    27,  6.3499e+02,  1.2414808422022722e-01,  1.1585990399106088e-03,  3.5904956171650452e-03, -9.2789428581113470e-02,  1.2518195681650990e-01,  1.9300492337346261e-02,  6.0143073143286742e-04,  1.3404854589880633e-02,  1.8592846628495716e-03,  9.8484721456252623e-03, -2.8265900587817567e-03, -3.8404492764806193e-04,  8.5302259699359867e-02,  9.0234408894159705e-04, -2.8215205261733606e-03,  6.7713222255772434e-02,  1.7077787367246738e-01,  2.4913462818332940e-02,  1.0298159907807128e-03, -1.7541391872193699e-02, -7.3732581712678009e-03,  5.2006671702459380e-04, -6.9083070372959205e-03, -8.4552013168253846e-04
    28,  6.3499e+02,  1.2414808422022722e-01,  1.1485990399106088e-03,  3.6004956171650452e-03, -9.2789428581113470e-02,  1.2518195681650990e-01,  1.9300492337346261e-02,  6.0143073143286742e-04,  1.3404854589880633e-02,  1.8592846628495716e-03,  9.8484721456252623e-03, -2.8265900587817567e-03, -3.8404492764806193e-04,  8.5302259699359867e-02,  9.0234408894159705e-04, -2.8215205261733606e-03,  6.7713222255772434e-02,  1.7077787367246738e-01,  2.4913462818332940e-02,  1.0298159907807128e-03, -1.7541391872193699e-02, -7.3732581712678009e-03,  5.2006671702459380e-04, -6.9083070372959205e-03, -8.4552013168253846e-04
    29,  6.3499e+02,  1.2414808422022722e-01,  1.1485990399106088e-03,  3.5904956171650452e-03, -9.2696639152532359e-02,  1.2518195681650990e-01,  1.9300492337346261e-02,  6.0143073143286742e-04,  1.3404854589880633e-02,  1.8592846628495716e-03,  9.8484721456252623e-03, -2.8265900587817567e-03, -3.8404492764806193e-04,  8.5302259699359867e-02,  9.0234408894159705e-04, -2.8215205261733606e-03,  6.7713222255772434e-02,  1.7077787367246738e-01,  2.4913462818332940e-02,  1.0298159907807128e-03, -1.7541391872193699e-02, -7.3732581712678009e-03,  5.2006671702459380e-04, -6.9083070372959205e-03, -8.4552013168253846e-04
    30,  6.3499e+02,  1.2414808422022722e-01,  1.1485990399106088e-03,  3.5904956171650452e-03, -9.2789428581113470e-02,  1.2530713877332642e-01,  1.9300492337346261e-02,  6.0143073143286742e-04,  1.3404854589880633e-02,  1.8592846628495716e-03,  9.8484721456252623e-03, -2.8265900587817567e-03, -3.8404492764806193e-04,  8.5302259699359867e-02,  9.0234408894159705e-04, -2.8215205261733606e-03,  6.7713222255772434e-02,  1.7077787367246738e-01,  2.4913462818332940e-02,  1.0298159907807128e-03, -1.7541391872193699e-02, -7.3732581712678009e-03,  5.2006671702459380e-04, -6.9083070372959205e-03, -8.4552013168253846e-04
    31,  6.3499e+02,  1.2414808422022722e-01,  1.1485990399106088e-03,  3.5904956171650452e-03, -9.2789428581113470e-02,  1.2518195681650990e-01,  1.9319792829683609e-02,  6.0143073143286742e-04,  1.3404854589880633e-02,  1.8592846628495716e-03,  9.8484721456252623e-03, -2.8265900587817567e-03, -3.8404492764806193e-04,  8.5302259699359867e-02,  9.0234408894159705e-04, -2.8215205261733606e-03,  6.7713222255772434e-02,  1.7077787367246738e-01,  2.4913462818332940e-02,  1.0298159907807128e-03, -1.7541391872193699e-02, -7.3732581712678009e-03,  5.2006671702459380e-04, -6.9083070372959205e-03, -8.4552013168253846e-04
    32,  6.3499e+02,  1.2414808422022722e-01,  1.1485990399106088e-03,  3.5904956171650452e-03, -9.2789428581113470e-02,  1.2518195681650990e-01,  1.9300492337346261e-02,  6.1143073143286744e-04,  1.3404854589880633e-02,  1.8592846628495716e-03,  9.8484721456252623e-03, -2.8265900587817567e-03, -3.8404492764806193e-04,  8.5302259699359867e-02,  9.0234408894159705e-04, -2.8215205261733606e-03,  6.7713222255772434e-02,  1.7077787367246738e-01,  2.4913462818332940e-02,  1.0298159907807128e-03, -1.7541391872193699e-02, -7.3732581712678009e-03,  5.2006671702459380e-04, -6.9083070372959205e-03, -8.4552013168253846e-04
    33,  6.3499e+02,  1.2414808422022722e-01,  1.1485990399106088e-03,  3.5904956171650452e-03, -9.2789428581113470e-02,  1.2518195681650990e-01,  1.9300492337346261e-02,  6.0143073143286742e-04,  1.3418259444470514e-02,  1.8592846628495716e-03,  9.8484721456252623e-03, -2.8265900587817567e-03, -3.8404492764806193e-04,  8.5302259699359867e-02,  9.0234408894159705e-04, -2.8215205261733606e-03,  6.7713222255772434e-02,  1.7077787367246738e-01,  2.4913462818332940e-02,  1.0298159907807128e-03, -1.7541391872193699e-02, -7.3732581712678009e-03,  5.2006671702459380e-04, -6.9083070372959205e-03, -8.4552013168253846e-04
    34,  6.3499e+02,  1.2414808422022722e-01,  1.1485990399106088e-03,  3.5904956171650452e-03, -9.2789428581113470e-02,  1.2518195681650990e-01,  1.9300492337346261e-02,  6.0143073143286742e-04,  1.3404854589880633e-02,  1.8692846628495716e-03,  9.8484721456252623e-03, -2.8265900587817567e-03, -3.8404492764806193e-04,  8.5302259699359867e-02,  9.0234408894159705e-04, -2.8215205261733606e-03,  6.7713222255772434e-02,  1.7077787367246738e-01,  2.4913462818332940e-02,  1.0298159907807128e-03, -1.7541391872193699e-02, -7.3732581712678009e-03,  5.2006671702459380e-04, -6.9083070372959205e-03, -8.4552013168253846e-04
    35,  6.3499e+02,  1.2414808422022722e-01,  1.1485990399106088e-03,  3.5904956171650452e-03, -9.2789428581113470e-02,  1.2518195681650990e-01,  1.9300492337346261e-02,  6.0143073143286742e-04,  1.3404854589880633e-02,  1.8592846628495716e-03,  9.8584721456252619e-03, -2.8265900587817567e-03, -3.8404492764806193e-04,  8.5302259699359867e-02,  9.0234408894159705e-04, -2.8215205261733606e-03,  6.7713222255772434e-02,  1.7077787367246738e-01,  2.4913462818332940e-02,  1.0298159907807128e-03, -1.7541391872193699e-02, -7.3732581712678009e-03,  5.2006671702459380e-04, -6.9083070372959205e-03, -8.4552013168253846e-04
    36,  6.3499e+02,  1.2414808422022722e-01,  1.1485990399106088e-03,  3.5904956171650452e-03, -9.2789428581113470e-02,  1.2518195681650990e-01,  1.9300492337346261e-02,  6.0143073143286742e-04,  1.3404854589880633e-02,  1.8592846628495716e-03,  9.8484721456252623e-03, -2.8165900587817567e-03, -3.8404492764806193e-04,  8.5302259699359867e-02,  9.0234408894159705e-04, -2.8215205261733606e-03,  6.7713222255772434e-02,  1.7077787367246738e-01,  2.4913462818332940e-02,  1.0298159907807128e-03, -1.7541391872193699e-02, -7.3732581712678009e-03,  5.2006671702459380e-04, -6.9083070372959205e-03, -8.4552013168253846e-04
    37,  6.3499e+02,  1.2414808422022722e-01,  1.1485990399106088e-03,  3.5904956171650452e-03, -9.2789428581113470e-02,  1.2518195681650990e-01,  1.9300492337346261e-02,  6.0143073143286742e-04,  1.3404854589880633e-02,  1.8592846628495716e-03,  9.8484721456252623e-03, -2.8265900587817567e-03, -3.7404492764806191e-04,  8.5302259699359867e-02,  9.0234408894159705e-04, -2.8215205261733606e-03,  6.7713222255772434e-02,  1.7077787367246738e-01,  2.4913462818332940e-02,  1.0298159907807128e-03, -1.7541391872193699e-02, -7.3732581712678009e-03,  5.2006671702459380e-04, -6.9083070372959205e-03, -8.4552013168253846e-04
    38,  6.3499e+02,  1.2414808422022722e-01,  1.1485990399106088e-03,  3.5904956171650452e-03, -9.2789428581113470e-02,  1.2518195681650990e-01,  1.9300492337346261e-02,  6.0143073143286742e-04,  1.3404854589880633e-02,  1.8592846628495716e-03,  9.8484721456252623e-03, -2.8265900587817567e-03, -3.8404492764806193e-04,  8.5387561959059222e-02,  9.0234408894159705e-04, -2.8215205261733606e-03,  6.7713222255772434e-02,  1.7077787367246738e-01,  2.4913462818332940e-02,  1.0298159907807128e-03, -1.7541391872193699e-02, -7.3732581712678009e-03,  5.2006671702459380e-04, -6.9083070372959205e-03, -8.4552013168253846e-04
    39,  6.3499e+02,  1.2414808422022722e-01,  1.1485990399106088e-03,  3.5904956171650452e-03, -9.2789428581113470e-02,  1.2518195681650990e-01,  1.9300492337346261e-02,  6.0143073143286742e-04,  1.3404854589880633e-02,  1.8592846628495716e-03,  9.8484721456252623e-03, -2.8265900587817567e-03, -3.8404492764806193e-04,  8.5302259699359867e-02,  9.1234408894159708e-04, -2.8215205261733606e-03,  6.7713222255772434e-02,  1.7077787367246738e-01,  2.4913462818332940e-02,  1.0298159907807128e-03, -1.7541391872193699e-02, -7.3732581712678009e-03,  5.2006671702459380e-04, -6.9083070372959205e-03, -8.4552013168253846e-04
    40,  6.3499e+02,  1.2414808422022722e-01,  1.1485990399106088e-03,  3.5904956171650452e-03, -9.2789428581113470e-02,  1.2518195681650990e-01,  1.9300492337346261e-02,  6.0143073143286742e-04,  1.3404854589880633e-02,  1.8592846628495716e-03,  9.8484721456252623e-03, -2.8265900587817567e-03, -3.8404492764806193e-04,  8.5302259699359867e-02,  9.0234408894159705e-04, -2.8115205261733606e-03,  6.7713222255772434e-02,  1.7077787367246738e-01,  2.4913462818332940e-02,  1.0298159907807128e-03, -1.7541391872193699e-02, -7.3732581712678009e-03,  5.2006671702459380e-04, -6.9083070372959205e-03, -8.4552013168253846e-04
    41,  6.3499e+02,  1.2414808422022722e-01,  1.1485990399106088e-03,  3.5904956171650452e-03, -9.2789428581113470e-02,  1.2518195681650990e-01,  1.9300492337346261e-02,  6.0143073143286742e-04,  1.3404854589880633e-02,  1.8592846628495716e-03,  9.8484721456252623e-03, -2.8265900587817567e-03, -3.8404492764806193e-04,  8.5302259699359867e-02,  9.0234408894159705e-04, -2.8215205261733606e-03,  6.7780935478028201e-02,  1.7077787367246738e-01,  2.4913462818332940e-02,  1.0298159907807128e-03, -1.7541391872193699e-02, -7.3732581712678009e-03,  5.2006671702459380e-04, -6.9083070372959205e-03, -8.4552013168253846e-04
    42,  6.3499e+02,  1.2414808422022722e-01,  1.1485990399106088e-03,  3.5904956171650452e-03, -9.2789428581113470e-02,  1.2518195681650990e-01,  1.9300492337346261e-02,  6.0143073143286742e-04,  1.3404854589880633e-02,  1.8592846628495716e-03,  9.8484721456252623e-03, -2.8265900587817567e-03, -3.8404492764806193e-04,  8.5302259699359867e-02,  9.0234408894159705e-04, -2.8215205261733606e-03,  6.7713222255772434e-02,  1.7094865154613986e-01,  2.4913462818332940e-02,  1.0298159907807128e-03, -1.7541391872193699e-02, -7.3732581712678009e-03,  5.2006671702459380e-04, -6.9083070372959205e-03, -8.4552013168253846e-04
    43,  6.3499e+02,  1.2414808422022722e-01,  1.1485990399106088e-03,  3.5904956171650452e-03, -9.2789428581113470e-02,  1.2518195681650990e-01,  1.9300492337346261e-02,  6.0143073143286742e-04,  1.3404854589880633e-02,  1.8592846628495716e-03,  9.8484721456252623e-03, -2.8265900587817567e-03, -3.8404492764806193e-04,  8.5302259699359867e-02,  9.0234408894159705e-04, -2.8215205261733606e-03,  6.7713222255772434e-02,  1.7077787367246738e-01,  2.4938376281151274e-02,  1.0298159907807128e-03, -1.7541391872193699e-02, -7.3732581712678009e-03,  5.2006671702459380e-04, -6.9083070372959205e-03, -8.4552013168253846e-04
    44,  6.3499e+02,  1.2414808422022722e-01,  1.1485990399106088e-03,  3.5904956171650452e-03, -9.2789428581113470e-02,  1.2518195681650990e-01,  1.9300492337346261e-02,  6.0143073143286742e-04,  1.3404854589880633e-02,  1.8592846628495716e-03,  9.8484721456252623e-03, -2.8265900587817567e-03, -3.8404492764806193e-04,  8.5302259699359867e-02,  9.0234408894159705e-04, -2.8215205261733606e-03,  6.7713222255772434e-02,  1.7077787367246738e-01,  2.4913462818332940e-02,  1.0398159907807128e-03, -1.7541391872193699e-02, -7.3732581712678009e-03,  5.2006671702459380e-04, -6.9083070372959205e-03, -8.4552013168253846e-04
    45,  6.3499e+02,  1.2414808422022722e-01,  1.1485990399106088e-03,  3.5904956171650452e-03, -9.2789428581113470e-02,  1.2518195681650990e-01,  1.9300492337346261e-02,  6.0143073143286742e-04,  1.3404854589880633e-02,  1.8592846628495716e-03,  9.8484721456252623e-03, -2.8265900587817567e-03, -3.8404492764806193e-04,  8.5302259699359867e-02,  9.0234408894159705e-04, -2.8215205261733606e-03,  6.7713222255772434e-02,  1.7077787367246738e-01,  2.4913462818332940e-02,  1.0298159907807128e-03, -1.7523850480321505e-02, -7.3732581712678009e-03,  5.2006671702459380e-04, -6.9083070372959205e-03, -8.4552013168253846e-04
    46,  6.3499e+02,  1.2414808422022722e-01,  1.1485990399106088e-03,  3.5904956171650452e-03, -9.2789428581113470e-02,  1.2518195681650990e-01,  1.9300492337346261e-02,  6.0143073143286742e-04,  1.3404854589880633e-02,  1.8592846628495716e-03,  9.8484721456252623e-03, -2.8265900587817567e-03, -3.8404492764806193e-04,  8.5302259699359867e-02,  9.0234408894159705e-04, -2.8215205261733606e-03,  6.7713222255772434e-02,  1.7077787367246738e-01,  2.4913462818332940e-02,  1.0298159907807128e-03, -1.7541391872193699e-02, -7.3632581712678013e-03,  5.2006671702459380e-04, -6.9083070372959205e-03, -8.4552013168253846e-04
    47,  6.3499e+02,  1.2414808422022722e-01,  1.1485990399106088e-03,  3.5904956171650452e-03, -9.2789428581113470e-02,  1.2518195681650990e-01,  1.9300492337346261e-02,  6.0143073143286742e-04,  1.3404854589880633e-02,  1.8592846628495716e-03,  9.8484721456252623e-03, -2.8265900587817567e-03, -3.8404492764806193e-04,  8.5302259699359867e-02,  9.0234408894159705e-04, -2.8215205261733606e-03,  6.7713222255772434e-02,  1.7077787367246738e-01,  2.4913462818332940e-02,  1.0298159907807128e-03, -1.7541391872193699e-02, -7.3732581712678009e-03,  5.3006671702459382e-04, -6.9083070372959205e-03, -8.4552013168253846e-04
    48,  6.3499e+02,  1.2414808422022722e-01,  1.1485990399106088e-03,  3.5904956171650452e-03, -9.2789428581113470e-02,  1.2518195681650990e-01,  1.9300492337346261e-02,  6.0143073143286742e-04,  1.3404854589880633e-02,  1.8592846628495716e-03,  9.8484721456252623e-03, -2.8265900587817567e-03, -3.8404492764806193e-04,  8.5302259699359867e-02,  9.0234408894159705e-04, -2.8215205261733606e-03,  6.7713222255772434e-02,  1.7077787367246738e-01,  2.4913462818332940e-02,  1.0298159907807128e-03, -1.7541391872193699e-02, -7.3732581712678009e-03,  5.2006671702459380e-04, -6.8983070372959209e-03, -8.4552013168253846e-04
    49,  6.3499e+02,  1.2414808422022722e-01,  1.1485990399106088e-03,  3.5904956171650452e-03, -9.2789428581113470e-02,  1.2518195681650990e-01,  1.9300492337346261e-02,  6.0143073143286742e-04,  1.3404854589880633e-02,  1.8592846628495716e-03,  9.8484721456252623e-03, -2.8265900587817567e-03, -3.8404492764806193e-04,  8.5302259699359867e-02,  9.0234408894159705e-04, -2.8215205261733606e-03,  6.7713222255772434e-02,  1.7077787367246738e-01,  2.4913462818332940e-02,  1.0298159907807128e-03, -1.7541391872193699e-02, -7.3732581712678009e-03,  5.2006671702459380e-04, -6.9083070372959205e-03, -8.3552013168253843e-04
    50,  1.1589e+03,  1.2415004773403336e-01,  1.1005378561710743e-03,  3.6041300966452926e-03, -9.2895820193898582e-02,  1.2512356670256042e-01,  1.9308740267988934e-02,  6.0453395008148645e-04,  1.3404974967929943e-02,  1.8514687309121153e-03,  9.8440965313191329e-03, -2.8354407847146451e-03, -4.0687850684031468e-04,  8.5299359775311473e-02,  9.1020381295734776e-04, -2.8048100127871707e-03,  6.7711548621747664e-02,  1.7077460270576733e-01,  2.4897283780316196e-02,  1.0730689163056123e-03, -1.7542200061734625e-02, -7.3921589223234444e-03,  5.0328707779946180e-04, -6.9145023389564110e-03, -8.6763725909016912e-04
    51,  1.1589e+03,  1.2427419778176739e-01,  1.1005378561710743e-03,  3.6041300966452926e-03, -9.2895820193898582e-02,  1.2512356670256042e-01,  1.9308740267988934e-02,  6.0453395008148645e-04,  1.3404974967929943e-02,  1.8514687309121153e-03,  9.8440965313191329e-03, -2.8354407847146451e-03, -4.0687850684031468e-04,  8.5299359775311473e-02,  9.1020381295734776e-04, -2.8048100127871707e-03,  6.7711548621747664e-02,  1.7077460270576733e-01,  2.4897283780316196e-02,  1.0730689163056123e-03, -1.7542200061734625e-02, -7.3921589223234444e-03,  5.0328707779946180e-04, -6.9145023389564110e-03, -8.6763725909016912e-04
    52,  1.1589e+03,  1.2415004773403336e-01,  1.1105378561710743e-03,  3.6041300966452926e-03, -9.2895820193898582e-02,  1.2512356670256042e-01,  1.9308740267988934e-02,  6.0453395008148645e-04,  1.3404974967929943e-02,  1.8514687309121153e-03,  9.8440965313191329e-03, -2.8354407847146451e-03, -4.0687850684031468e-04,  8.5299359775311473e-02,  9.1020381295734776e-04, -2.8048100127871707e-03,  6.7711548621747664e-02,  1.7077460270576733e-01,  2.4897283780316196e-02,  1.0730689163056123e-03, -1.7542200061734625e-02, -7.3921589223234444e-03,  5.0328707779946180e-04, -6.9145023389564110e-03, -8.6763725909016912e-04
    53,  1.1589e+03,  1.2415004773403336e-01,  1.1005378561710743e-03,  3.6141300966452926e-03, -9.2895820193898582e-02,  1.2512356670256042e-01,  1.9308740267988934e-02,  6.0453395008148645e-04,  1.3404974967929943e-02,  1.8514687309121153e-03,  9.8440965313191329e-03, -2.8354407847146451e-03, -4.0687850684031468e-04,  8.5299359775311473e-02,  9.1020381295734776e-04, -2.8048100127871707e-03,  6.7711548621747664e-02,  1.7077460270576733e-01,  2.4897283780316196e-02,  1.0730689163056123e-03, -1.7542200061734625e-02, -7.3921589223234444e-03,  5.0328707779946180e-04, -6.9145023389564110e-03, -8.6763725909016912e-04
    54,  1.1589e+03,  1.2415004773403336e-01,  1.1005378561710743e-03,  3.6041300966452926e-03, -9.2802924373704687e-02,  1.2512356670256042e-01,  1.9308740267988934e-02,  6.0453395008148645e-04,  1.3404974967929943e-02,  1.8514687309121153e-03,  9.8440965313191329e-03, -2.8354407847146451e-03, -4.0687850684031468e-04,  8.5299359775311473e-02,  9.1020381295734776e-04, -2.8048100127871707e-03,  6.7711548621747664e-02,  1.7077460270576733e-01,  2.4897283780316196e-02,  1.0730689163056123e-03, -1.7542200061734625e-02, -7.3921589223234444e-03,  5.0328707779946180e-04, -6.9145023389564110e-03, -8.6763725909016912e-04
    55,  1.1589e+03,  1.2415004773403336e-01,  1.1005378561710743e-03,  3.6041300966452926e-03, -9.2895820193898582e-02,  1.2524869026926297e-01,  1.9308740267988934e-02,  6.0453395008148645e-04,  1.3404974967929943e-02,  1.8514687309121153e-03,  9.8440965313191329e-03, -2.8354407847146451e-03, -4.0687850684031468e-04,  8.5299359775311473e-02,  9.1020381295734776e-04, -2.8048100127871707e-03,  6.7711548621747664e-02,  1.7077460270576733e-01,  2.4897283780316196e-02,  1.0730689163056123e-03, -1.7542200061734625e-02, -7.3921589223234444e-03,  5.0328707779946180e-04, -6.9145023389564110e-03, -8.6763725909016912e-04
    56,  1.1589e+03,  1.2415004773403336e-01,  1.1005378561710743e-03,  3.6041300966452926e-03, -9.2895820193898582e-02,  1.2512356670256042e-01,  1.9328049008256923e-02,  6.0453395008148645e-04,  1.3404974967929943e-02,  1.8514687309121153e-03,  9.8440965313191329e-03, -2.8354407847146451e-03, -4.0687850684031468e-04,  8.5299359775311473e-02,  9.1020381295734776e-04, -2.8048100127871707e-03,  6.7711548621747664e-02,  1.7077460270576733e-01,  2.4897283780316196e-02,  1.0730689163056123e-03, -1.7542200061734625e-02, -7.3921589223234444e-03,  5.0328707779946180e-04, -6.9145023389564110e-03, -8.6763725909016912e-04
    57,  1.1589e+03,  1.2415004773403336e-01,  1.1005378561710743e-03,  3.6041300966452926e-03, -9.2895820193898582e-02,  1.2512356670256042e-01,  1.9308740267988934e-02,  6.1453395008148647e-04,  1.3404974967929943e-02,  1.8514687309121153e-03,  9.8440965313191329e-03, -2.8354407847146451e-03, -4.0687850684031468e-04,  8.5299359775311473e-02,  9.1020381295734776e-04, -2.8048100127871707e-03,  6.7711548621747664e-02,  1.7077460270576733e-01,  2.4897283780316196e-02,  1.0730689163056123e-03, -1.7542200061734625e-02, -7.3921589223234444e-03,  5.0328707779946180e-04, -6.9145023389564110e-03, -8.6763725909016912e-04
    58,  1.1589e+03,  1.2415004773403336e-01,  1.1005378561710743e-03,  3.6041300966452926e-03, -9.2895820193898582e-02,  1.2512356670256042e-01,  1.9308740267988934e-02,  6.0453395008148645e-04,  1.3418379942897872e-02,  1.8514687309121153e-03,  9.8440965313191329e-03, -2.8354407847146451e-03, -4.0687850684031468e-04,  8.5299359775311473e-02,  9.1020381295734776e-04, -2.8048100127871707e-03,  6.7711548621747664e-02,  1.7077460270576733e-01,  2.4897283780316196e-02,  1.0730689163056123e-03, -1.7542200061734625e-02, -7.3921589223234444e-03,  5.0328707779946180e-04, -6.9145023389564110e-03, -8.6763725909016912e-04
    59,  1.1589e+03,  1.2415004773403336e-01,  1.1005378561710743e-03,  3.6041300966452926e-03, -9.2895820193898582e-02,  1.2512356670256042e-01,  1.9308740267988934e-02,  6.0453395008148645e-04,  1.3404974967929943e-02,  1.8614687309121154e-03,  9.8440965313191329e-03, -2.8354407847146451e-03, -4.0687850684031468e-04,  8.5299359775311473e-02,  9.1020381295734776e-04, -2.8048100127871707e-03,  6.7711548621747664e-02,  1.7077460270576733e-01,  2.4897283780316196e-02,  1.0730689163056123e-03, -1.7542200061734625e-02, -7.3921589223234444e-03,  5.0328707779946180e-04, -6.9145023389564110e-03, -8.6763725909016912e-04
    60,  1.1589e+03,  1.2415004773403336e-01,  1.1005378561710743e-03,  3.6041300966452926e-03, -9.2895820193898582e-02,  1.2512356670256042e-01,  1.9308740267988934e-02,  6.0453395008148645e-04,  1.3404974967929943e-02,  1.8514687309121153e-03,  9.8540965313191325e-03, -2.8354407847146451e-03, -4.0687850684031468e-04,  8.5299359775311473e-02,  9.1020381295734776e-04, -2.8048100127871707e-03,  6.7711548621747664e-02,  1.7077460270576733e-01,  2.4897283780316196e-02,  1.0730689163056123e-03, -1.7542200061734625e-02, -7.3921589223234444e-03,  5.0328707779946180e-04, -6.9145023389564110e-03, -8.6763725909016912e-04
    61,  1.1589e+03,  1.2415004773403336e-01,  1.1005378561710743e-03,  3.6041300966452926e-03, -9.2895820193898582e-02,  1.2512356670256042e-01,  1.9308740267988934e-02,  6.0453395008148645e-04,  1.3404974967929943e-02,  1.8514687309121153e-03,  9.8440965313191329e-03, -2.8254407847146451e-03, -4.0687850684031468e-04,  8.5299359775311473e-02,  9.1020381295734776e-04, -2.8048100127871707e-03,  6.7711548621747664e-02,  1.7077460270576733e-01,  2.4897283780316196e-02,  1.0730689163056123e-03, -1.7542200061734625e-02, -7.3921589223234444e-03,  5.0328707779946180e-04, -6.9145023389564110e-03, -8.6763725909016912e-04
    62,  1.1589e+03,  1.2415004773403336e-01,  1.1005378561710743e-03,  3.6041300966452926e-03, -9.2895820193898582e-02,  1.2512356670256042e-01,  1.9308740267988934e-02,  6.0453395008148645e-04,  1.3404974967929943e-02,  1.8514687309121153e-03,  9.8440965313191329e-03, -2.8354407847146451e-03, -3.9687850684031465e-04,  8.5299359775311473e-02,  9.1020381295734776e-04, -2.8048100127871707e-03,  6.7711548621747664e-02,  1.7077460270576733e-01,  2.4897283780316196e-02,  1.0730689163056123e-03, -1.7542200061734625e-02, -7.3921589223234444e-03,  5.0328707779946180e-04, -6.9145023389564110e-03, -8.6763725909016912e-04
    63,  1.1589e+03,  1.2415004773403336e-01,  1.1005378561710743e-03,  3.6041300966452926e-03, -9.2895820193898582e-02,  1.2512356670256042e-01,  1.9308740267988934e-02,  6.0453395008148645e-04,  1.3404974967929943e-02,  1.8514687309121153e-03,  9.8440965313191329e-03, -2.8354407847146451e-03, -4.0687850684031468e-04,  8.5384659135086791e-02,  9.1020381295734776e-04, -2.8048100127871707e-03,  6.7711548621747664e-02,  1.7077460270576733e-01,  2.4897283780316196e-02,  1.0730689163056123e-03, -1.7542200061734625e-02, -7.3921589223234444e-03,  5.0328707779946180e-04, -6.9145023389564110e-03, -8.6763725909016912e-04
    64,  1.1589e+03,  1.2415004773403336e-01,  1.1005378561710743e-03,  3.6041300966452926e-03, -9.2895820193898582e-02,  1.2512356670256042e-01,  1.9308740267988934e-02,  6.0453395008148645e-04,  1.3404974967929943e-02,  1.8514687309121153e-03,  9.8440965313191329e-03, -2.8354407847146451e-03, -4.0687850684031468e-04,  8.5299359775311473e-02,  9.2020381295734779e-04, -2.8048100127871707e-03,  6.7711548621747664e-02,  1.7077460270576733e-01,  2.4897283780316196e-02,  1.0730689163056123e-03, -1.7542200061734625e-02, -7.3921589223234444e-03,  5.0328707779946180e-04, -6.9145023389564110e-03, -8.6763725909016912e-04
    65,  1.1589e+03,  1.2415004773403336e-01,  1.1005378561710743e-03,  3.6041300966452926e-03, -9.2895820193898582e-02,  1.2512356670256042e-01,  1.9308740267988934e-02,  6.0453395008148645e-04,  1.3404974967929943e-02,  1.8514687309121153e-03,  9.8440965313191329e-03, -2.8354407847146451e-03, -4.0687850684031468e-04,  8.5299359775311473e-02,  9.1020381295734776e-04, -2.7948100127871706e-03,  6.7711548621747664e-02,  1.7077460270576733e-01,  2.4897283780316196e-02,  1.0730689163056123e-03, -1.7542200061734625e-02, -7.3921589223234444e-03,  5.0328707779946180e-04, -6.9145023389564110e-03, -8.6763725909016912e-04
    66,  1.1589e+03,  1.2415004773403336e-01,  1.1005378561710743e-03,  3.6041300966452926e-03, -9.2895820193898582e-02,  1.2512356670256042e-01,  1.9308740267988934e-02,  6.0453395008148645e-04,  1.3404974967929943e-02,  1.8514687309121153e-03,  9.8440965313191329e-03, -2.8354407847146451e-03, -4.0687850684031468e-04,  8.5299359775311473e-02,  9.1020381295734776e-04, -2.8048100127871707e-03,  6.7779260170369407e-02,  1.7077460270576733e-01,  2.4897283780316196e-02,  1.0730689163056123e-03, -1.7542200061734625e-02, -7.3921589223234444e-03,  5.0328707779946180e-04, -6.9145023389564110e-03, -8.6763725909016912e-04
    67,  1.1589e+03,  1.2415004773403336e-01,  1.1005378561710743e-03,  3.6041300966452926e-03, -9.2895820193898582e-02,  1.2512356670256042e-01,  1.9308740267988934e-02,  6.0453395008148645e-04,  1.3404974967929943e-02,  1.8514687309121153e-03,  9.8440965313191329e-03, -2.8354407847146451e-03, -4.0687850684031468e-04,  8.5299359775311473e-02,  9.1020381295734776e-04, -2.8048100127871707e-03,  6.7711548621747664e-02,  1.7094537730847309e-01,  2.4897283780316196e-02,  1.0730689163056123e-03, -1.7542200061734625e-02, -7.3921589223234444e-03,  5.0328707779946180e-04, -6.9145023389564110e-03, -8.6763725909016912e-04
    68,  1.1589e+03,  1.2415004773403336e-01,  1.1005378561710743e-03,  3.6041300966452926e-03, -9.2895820193898582e-02,  1.2512356670256042e-01,  1.9308740267988934e-02,  6.0453395008148645e-04,  1.3404974967929943e-02,  1.8514687309121153e-03,  9.8440965313191329e-03, -2.8354407847146451e-03, -4.0687850684031468e-04,  8.5299359775311473e-02,  9.1020381295734776e-04, -2.8048100127871707e-03,  6.7711548621747664e-02,  1.7077460270576733e-01,  2.4922181064096511e-02,  1.0730689163056123e-03, -1.7542200061734625e-02, -7.3921589223234444e-03,  5.0328707779946180e-04, -6.9145023389564110e-03, -8.6763725909016912e-04
    69,  1.1589e+03,  1.2415004773403336e-01,  1.1005378561710743e-03,  3.6041300966452926e-03, -9.2895820193898582e-02,  1.2512356670256042e-01,  1.9308740267988934e-02,  6.0453395008148645e-04,  1.3404974967929943e-02,  1.8514687309121153e-03,  9.8440965313191329e-03, -2.8354407847146451e-03, -4.0687850684031468e-04,  8.5299359775311473e-02,  9.1020381295734776e-04, -2.8048100127871707e-03,  6.7711548621747664e-02,  1.7077460270576733e-01,  2.4897283780316196e-02,  1.0830689163056123e-03, -1.7542200061734625e-02, -7.3921589223234444e-03,  5.0328707779946180e-04, -6.9145023389564110e-03, -8.6763725909016912e-04
    70,  1.1589e+03,  1.2415004773403336e-01,  1.1005378561710743e-03,  3.6041300966452926e-03, -9.2895820193898582e-02,  1.2512356670256042e-01,  1.9308740267988934e-02,  6.0453395008148645e-04,  1.3404974967929943e-02,  1.8514687309121153e-03,  9.8440965313191329e-03, -2.8354407847146451e-03, -4.0687850684031468e-04,  8.5299359775311473e-02,  9.1020381295734776e-04, -2.8048100127871707e-03,  6.7711548621747664e-02,  1.7077460270576733e-01,  2.4897283780316196e-02,  1.0730689163056123e-03, -1.7524657861672892e-02, -7.3921589223234444e-03,  5.0328707779946180e-04, -6.9145023389564110e-03, -8.6763725909016912e-04
    71,  1.1589e+03,  1.2415004773403336e-01,  1.1005378561710743e-03,  3.6041300966452926e-03, -9.2895820193898582e-02,  1.2512356670256042e-01,  1.9308740267988934e-02,  6.0453395008148645e-04,  1.3404974967929943e-02,  1.8514687309121153e-03,  9.8440965313191329e-03, -2.8354407847146451e-03, -4.0687850684031468e-04,  8.5299359775311473e-02,  9.1020381295734776e-04, -2.8048100127871707e-03,  6.7711548621747664e-02,  1.7077460270576733e-01,  2.4897283780316196e-02,  1.0730689163056123e-03, -1.7542200061734625e-02, -7.3821589223234448e-03,  5.0328707779946180e-04, -6.9145023389564110e-03, -8.6763725909016912e-04
    72,  1.1589e+03,  1.2415004773403336e-01,  1.1005378561710743e-03,  3.6041300966452926e-03, -9.2895820193898582e-02,  1.2512356670256042e-01,  1.9308740267988934e-02,  6.0453395008148645e-04,  1.3404974967929943e-02,  1.8514687309121153e-03,  9.8440965313191329e-03, -2.8354407847146451e-03, -4.0687850684031468e-04,  8.5299359775311473e-02,  9.1020381295734776e-04, -2.8048100127871707e-03,  6.7711548621747664e-02,  1.7077460270576733e-01,  2.4897283780316196e-02,  1.0730689163056123e-03, -1.7542200061734625e-02, -7.3921589223234444e-03,  5.1328707779946183e-04, -6.9145023389564110e-03, -8.6763725909016912e-04
    73,  1.1589e+03,  1.2415004773403336e-01,  1.1005378561710743e-03,  3.6041300966452926e-03, -9.2895820193898582e-02,  1.2512356670256042e-01,  1.9308740267988934e-02,  6.0453395008148645e-04,  1.3404974967929943e-02,  1.8514687309121153e-03,  9.8440965313191329e-03, -2.8354407847146451e-03, -4.0687850684031468e-04,  8.5299359775311473e-02,  9.1020381295734776e-04, -2.8048100127871707e-03,  6.7711548621747664e-02,  1.7077460270576733e-01,  2.4897283780316196e-02,  1.0730689163056123e-03, -1.7542200061734625e-02, -7.3921589223234444e-03,  5.0328707779946180e-04, -6.9045023389564114e-03, -8.6763725909016912e-04
    74,  1.1589e+03,  1.2415004773403336e-01,  1.1005378561710743e-03,  3.6041300966452926e-03, -9.2895820193898582e-02,  1.2512356670256042e-01,  1.9308740267988934e-02,  6.0453395008148645e-04,  1.3404974967929943e-02,  1.8514687309121153e-03,  9.8440965313191329e-03, -2.8354407847146451e-03, -4.0687850684031468e-04,  8.5299359775311473e-02,  9.1020381295734776e-04, -2.8048100127871707e-03,  6.7711548621747664e-02,  1.7077460270576733e-01,  2.4897283780316196e-02,  1.0730689163056123e-03, -1.7542200061734625e-02, -7.3921589223234444e-03,  5.0328707779946180e-04, -6.9145023389564110e-03, -8.5763725909016909e-04
    75,  1.4248e+03,  1.2415030276728820e-01,  1.0953255062307577e-03,  3.6056805490256821e-03, -9.2893088039267199e-02,  1.2512687158321029e-01,  1.9306486317971890e-02,  6.0921403301640836e-04,  1.3406675225487000e-02,  1.8468234262977487e-03,  9.8400911494016322e-03, -2.8342042315736382e-03, -4.1488142677477148e-04,  8.5295752224993068e-02,  9.1768260942039670e-04, -2.8025932543496957e-03,  6.7722317747181127e-02,  1.7079513591153947e-01,  2.4889063228895367e-02,  1.0917042538038906e-03, -1.7534361657633415e-02, -7.3921277172121517e-03,  5.0478742243829857e-04, -6.9062869015642774e-03, -8.7143690069367346e-04
    76,  1.4248e+03,  1.2427445307005548e-01,  1.0953255062307577e-03,  3.6056805490256821e-03, -9.2893088039267199e-02,  1.2512687158321029e-01,  1.9306486317971890e-02,  6.0921403301640836e-04,  1.3406675225487000e-02,  1.8468234262977487e-03,  9.8400911494016322e-03, -2.8342042315736382e-03, -4.1488142677477148e-04,  8.5295752224993068e-02,  9.1768260942039670e-04, -2.8025932543496957e-03,  6.7722317747181127e-02,  1.7079513591153947e-01,  2.4889063228895367e-02,  1.0917042538038906e-03, -1.7534361657633415e-02, -7.3921277172121517e-03,  5.0478742243829857e-04, -6.9062869015642774e-03, -8.7143690069367346e-04
    77,  1.4248e+03,  1.2415030276728820e-01,  1.1053255062307577e-03,  3.6056805490256821e-03, -9.2893088039267199e-02,  1.2512687158321029e-01,  1.9306486317971890e-02,  6.0921403301640836e-04,  1.3406675225487000e-02,  1.8468234262977487e-03,  9.8400911494016322e-03, -2.8342042315736382e-03, -4.1488142677477148e-04,  8.5295752224993068e-02,  9.1768260942039670e-04, -2.8025932543496957e-03,  6.7722317747181127e-02,  1.7079513591153947e-01,  2.4889063228895367e-02,  1.0917042538038906e-03, -1.7534361657633415e-02, -7.3921277172121517e-03,  5.0478742243829857e-04, -6.9062869015642774e-03, -8.7143690069367346e-04
    78,  1.4248e+03,  1.2415030276728820e-01,  1.0953255062307577e-03,  3.6156805490256821e-03, -9.2893088039267199e-02,  1.2512687158321029e-01,  1.9306486317971890e-02,  6.0921403301640836e-04,  1.3406675225487000e-02,  1.8468234262977487e-03,  9.8400911494016322e-03, -2.8342042315736382e-03, -4.1488142677477148e-04,  8.5295752224993068e-02,  9.1768260942039670e-04, -2.8025932543496957e-03,  6.7722317747181127e-02,  1.7079513591153947e-01,  2.4889063228895367e-02,  1.0917042538038906e-03, -1.7534361657633415e-02, -7.3921277172121517e-03,  5.0478742243829857e-04, -6.9062869015642774e-03, -8.7143690069367346e-04
    79,  1.4248e+03,  1.2415030276728820e-01,  1.0953255062307577e-03,  3.6056805490256821e-03, -9.2800194951227932e-02,  1.2512687158321029e-01,  1.9306486317971890e-02,  6.0921403301640836e-04,  1.3406675225487000e-02,  1.8468234262977487e-03,  9.8400911494016322e-03, -2.8342042315736382e-03, -4.1488142677477148e-04,  8.5295752224993068e-02,  9.1768260942039670e-04, -2.8025932543496957e-03,  6.7722317747181127e-02,  1.7079513591153947e-01,  2.4889063228895367e-02,  1.0917042538038906e-03, -1.7534361657633415e-02, -7.3921277172121517e-03,  5.0478742243829857e-04, -6.9062869015642774e-03, -8.7143690069367346e-04
    80,  1.4248e+03,  1.2415030276728820e-01,  1.0953255062307577e-03,  3.6056805490256821e-03, -9.2893088039267199e-02,  1.2525199845479348e-01,  1.9306486317971890e-02,  6.0921403301640836e-04,  1.3406675225487000e-02,  1.8468234262977487e-03,  9.8400911494016322e-03, -2.8342042315736382e-03, -4.1488142677477148e-04,  8.5295752224993068e-02,  9.1768260942039670e-04, -2.8025932543496957e-03,  6.7722317747181127e-02,  1.7079513591153947e-01,  2.4889063228895367e-02,  1.0917042538038906e-03, -1.7534361657633415e-02, -7.3921277172121517e-03,  5.0478742243829857e-04, -6.9062869015642774e-03, -8.7143690069367346e-04
    81,  1.4248e+03,  1.2415030276728820e-01,  1.0953255062307577e-03,  3.6056805490256821e-03, -9.2893088039267199e-02,  1.2512687158321029e-01,  1.9325792804289862e-02,  6.0921403301640836e-04,  1.3406675225487000e-02,  1.8468234262977487e-03,  9.8400911494016322e-03, -2.8342042315736382e-03, -4.1488142677477148e-04,  8.5295752224993068e-02,  9.1768260942039670e-04, -2.8025932543496957e-03,  6.7722317747181127e-02,  1.7079513591153947e-01,  2.4889063228895367e-02,  1.0917042538038906e-03, -1.7534361657633415e-02, -7.3921277172121517e-03,  5.0478742243829857e-04, -6.9062869015642774e-03, -8.7143690069367346e-04
    82,  1.4248e+03,  1.2415030276728820e-01,  1.0953255062307577e-03,  3.6056805490256821e-03, -9.2893088039267199e-02,  1.2512687158321029e-01,  1.9306486317971890e-02,  6.1921403301640838e-04,  1.3406675225487000e-02,  1.8468234262977487e-03,  9.8400911494016322e-03, -2.8342042315736382e-03, -4.1488142677477148e-04,  8.5295752224993068e-02,  9.1768260942039670e-04, -2.8025932543496957e-03,  6.7722317747181127e-02,  1.7079513591153947e-01,  2.4889063228895367e-02,  1.0917042538038906e-03, -1.7534361657633415e-02, -7.3921277172121517e-03,  5.0478742243829857e-04, -6.9062869015642774e-03, -8.7143690069367346e-04
    83,  1.4248e+03,  1.2415030276728820e-01,  1.0953255062307577e-03,  3.6056805490256821e-03, -9.2893088039267199e-02,  1.2512687158321029e-01,  1.9306486317971890e-02,  6.0921403301640836e-04,  1.3420081900712488e-02,  1.8468234262977487e-03,  9.8400911494016322e-03, -2.8342042315736382e-03, -4.1488142677477148e-04,  8.5295752224993068e-02,  9.1768260942039670e-04, -2.8025932543496957e-03,  6.7722317747181127e-02,  1.7079513591153947e-01,  2.4889063228895367e-02,  1.0917042538038906e-03, -1.7534361657633415e-02, -7.3921277172121517e-03,  5.0478742243829857e-04, -6.9062869015642774e-03, -8.7143690069367346e-04
    84,  1.4248e+03,  1.2415030276728820e-01,  1.0953255062307577e-03,  3.6056805490256821e-03, -9.2893088039267199e-02,  1.2512687158321029e-01,  1.9306486317971890e-02,  6.0921403301640836e-04,  1.3406675225487000e-02,  1.8568234262977487e-03,  9.8400911494016322e-03, -2.8342042315736382e-03, -4.1488142677477148e-04,  8.5295752224993068e-02,  9.1768260942039670e-04, -2.8025932543496957e-03,  6.7722317747181127e-02,  1.7079513591153947e-01,  2.4889063228895367e-02,  1.0917042538038906e-03, -1.7534361657633415e-02, -7.3921277172121517e-03,  5.0478742243829857e-04, -6.9062869015642774e-03, -8.7143690069367346e-04
    85,  1.4248e+03,  1.2415030276728820e-01,  1.0953255062307577e-03,  3.6056805490256821e-03, -9.2893088039267199e-02,  1.2512687158321029e-01,  1.9306486317971890e-02,  6.0921403301640836e-04,  1.3406675225487000e-02,  1.8468234262977487e-03,  9.8500911494016317e-03, -2.8342042315736382e-03, -4.1488142677477148e-04,  8.5295752224993068e-02,  9.1768260942039670e-04, -2.8025932543496957e-03,  6.7722317747181127e-02,  1.7079513591153947e-01,  2.4889063228895367e-02,  1.0917042538038906e-03, -1.7534361657633415e-02, -7.3921277172121517e-03,  5.0478742243829857e-04, -6.9062869015642774e-03, -8.7143690069367346e-04
    86,  1.4248e+03,  1.2415030276728820e-01,  1.0953255062307577e-03,  3.6056805490256821e-03, -9.2893088039267199e-02,  1.2512687158321029e-01,  1.9306486317971890e-02,  6.0921403301640836e-04,  1.3406675225487000e-02,  1.8468234262977487e-03,  9.8400911494016322e-03, -2.8242042315736382e-03, -4.1488142677477148e-04,  8.5295752224993068e-02,  9.1768260942039670e-04, -2.8025932543496957e-03,  6.7722317747181127e-02,  1.7079513591153947e-01,  2.4889063228895367e-02,  1.0917042538038906e-03, -1.7534361657633415e-02, -7.3921277172121517e-03,  5.0478742243829857e-04, -6.9062869015642774e-03, -8.7143690069367346e-04
    87,  1.4248e+03,  1.2415030276728820e-01,  1.0953255062307577e-03,  3.6056805490256821e-03, -9.2893088039267199e-02,  1.2512687158321029e-01,  1.9306486317971890e-02,  6.0921403301640836e-04,  1.3406675225487000e-02,  1.8468234262977487e-03,  9.8400911494016322e-03, -2.8342042315736382e-03, -4.0488142677477145e-04,  8.5295752224993068e-02,  9.1768260942039670e-04, -2.8025932543496957e-03,  6.7722317747181127e-02,  1.7079513591153947e-01,  2.4889063228895367e-02,  1.0917042538038906e-03, -1.7534361657633415e-02, -7.3921277172121517e-03,  5.0478742243829857e-04, -6.9062869015642774e-03, -8.7143690069367346e-04
    88,  1.4248e+03,  1.2415030276728820e-01,  1.0953255062307577e-03,  3.6056805490256821e-03, -9.2893088039267199e-02,  1.2512687158321029e-01,  1.9306486317971890e-02,  6.0921403301640836e-04,  1.3406675225487000e-02,  1.8468234262977487e-03,  9.8400911494016322e-03, -2.8342042315736382e-03, -4.1488142677477148e-04,  8.5381047977218058e-02,  9.1768260942039670e-04, -2.8025932543496957e-03,  6.7722317747181127e-02,  1.7079513591153947e-01,  2.4889063228895367e-02,  1.0917042538038906e-03, -1.7534361657633415e-02, -7.3921277172121517e-03,  5.0478742243829857e-04, -6.9062869015642774e-03, -8.7143690069367346e-04
    89,  1.4248e+03,  1.2415030276728820e-01,  1.0953255062307577e-03,  3.6056805490256821e-03, -9.2893088039267199e-02,  1.2512687158321029e-01,  1.9306486317971890e-02,  6.0921403301640836e-04,  1.3406675225487000e-02,  1.8468234262977487e-03,  9.8400911494016322e-03, -2.8342042315736382e-03, -4.1488142677477148e-04,  8.5295752224993068e-02,  9.2768260942039673e-04, -2.8025932543496957e-03,  6.7722317747181127e-02,  1.7079513591153947e-01,  2.4889063228895367e-02,  1.0917042538038906e-03, -1.7534361657633415e-02, -7.3921277172121517e-03,  5.0478742243829857e-04, -6.9062869015642774e-03, -8.7143690069367346e-04
    90,  1.4248e+03,  1.2415030276728820e-01,  1.0953255062307577e-03,  3.6056805490256821e-03, -9.2893088039267199e-02,  1.2512687158321029e-01,  1.9306486317971890e-02,  6.0921403301640836e-04,  1.3406675225487000e-02,  1.8468234262977487e-03,  9.8400911494016322e-03, -2.8342042315736382e-03, -4.1488142677477148e-04,  8.5295752224993068e-02,  9.1768260942039670e-04, -2.7925932543496957e-03,  6.7722317747181127e-02,  1.7079513591153947e-01,  2.4889063228895367e-02,  1.0917042538038906e-03, -1.7534361657633415e-02, -7.3921277172121517e-03,  5.0478742243829857e-04, -6.9062869015642774e-03, -8.7143690069367346e-04
    91,  1.4248e+03,  1.2415030276728820e-01,  1.0953255062307577e-03,  3.6056805490256821e-03, -9.2893088039267199e-02,  1.2512687158321029e-01,  1.9306486317971890e-02,  6.0921403301640836e-04,  1.3406675225487000e-02,  1.8468234262977487e-03,  9.8400911494016322e-03, -2.8342042315736382e-03, -4.1488142677477148e-04,  8.5295752224993068e-02,  9.1768260942039670e-04, -2.8025932543496957e-03,  6.7790040064928309e-02,  1.7079513591153947e-01,  2.4889063228895367e-02,  1.0917042538038906e-03, -1.7534361657633415e-02, -7.3921277172121517e-03,  5.0478742243829857e-04, -6.9062869015642774e-03, -8.7143690069367346e-04
    92,  1.4248e+03,  1.2415030276728820e-01,  1.0953255062307577e-03,  3.6056805490256821e-03, -9.2893088039267199e-02,  1.2512687158321029e-01,  1.9306486317971890e-02,  6.0921403301640836e-04,  1.3406675225487000e-02,  1.8468234262977487e-03,  9.8400911494016322e-03, -2.8342042315736382e-03, -4.1488142677477148e-04,  8.5295752224993068e-02,  9.1768260942039670e-04, -2.8025932543496957e-03,  6.7722317747181127e-02,  1.7096593104745100e-01,  2.4889063228895367e-02,  1.0917042538038906e-03, -1.7534361657633415e-02, -7.3921277172121517e-03,  5.0478742243829857e-04, -6.9062869015642774e-03, -8.7143690069367346e-04
    93,  1.4248e+03,  1.2415030276728820e-01,  1.0953255062307577e-03,  3.6056805490256821e-03, -9.2893088039267199e-02,  1.2512687158321029e-01,  1.9306486317971890e-02,  6.0921403301640836e-04,  1.3406675225487000e-02,  1.8468234262977487e-03,  9.8400911494016322e-03, -2.8342042315736382e-03, -4.1488142677477148e-04,  8.5295752224993068e-02,  9.1768260942039670e-04, -2.8025932543496957e-03,  6.7722317747181127e-02,  1.7079513591153947e-01,  2.4913952292124262e-02,  1.0917042538038906e-03, -1.7534361657633415e-02, -7.3921277172121517e-03,  5.0478742243829857e-04, -6.9062869015642774e-03, -8.7143690069367346e-04
    94,  1.4248e+03,  1.2415030276728820e-01,  1.0953255062307577e-03,  3.6056805490256821e-03, -9.2893088039267199e-02,  1.2512687158321029e-01,  1.9306486317971890e-02,  6.0921403301640836e-04,  1.3406675225487000e-02,  1.8468234262977487e-03,  9.8400911494016322e-03, -2.8342042315736382e-03, -4.1488142677477148e-04,  8.5295752224993068e-02,  9.1768260942039670e-04, -2.8025932543496957e-03,  6.7722317747181127e-02,  1.7079513591153947e-01,  2.4889063228895367e-02,  1.1017042538038907e-03, -1.7534361657633415e-02, -7.3921277172121517e-03,  5.0478742243829857e-04, -6.9062869015642774e-03, -8.7143690069367346e-04
    95,  1.4248e+03,  1.2415030276728820e-01,  1.0953255062307577e-03,  3.6056805490256821e-03, -9.2893088039267199e-02,  1.2512687158321029e-01,  1.9306486317971890e-02,  6.0921403301640836e-04,  1.3406675225487000e-02,  1.8468234262977487e-03,  9.8400911494016322e-03, -2.8342042315736382e-03, -4.1488142677477148e-04,  8.5295752224993068e-02,  9.1768260942039670e-04, -2.8025932543496957e-03,  6.7722317747181127e-02,  1.7079513591153947e-01,  2.4889063228895367e-02,  1.0917042538038906e-03, -1.7516827295975781e-02, -7.3921277172121517e-03,  5.0478742243829857e-04, -6.9062869015642774e-03, -8.7143690069367346e-04
    96,  1.4248e+03,  1.2415030276728820e-01,  1.0953255062307577e-03,  3.6056805490256821e-03, -9.2893088039267199e-02,  1.2512687158321029e-01,  1.9306486317971890e-02,  6.0921403301640836e-04,  1.3406675225487000e-02,  1.8468234262977487e-03,  9.8400911494016322e-03, -2.8342042315736382e-03, -4.1488142677477148e-04,  8.5295752224993068e-02,  9.1768260942039670e-04, -2.8025932543496957e-03,  6.7722317747181127e-02,  1.7079513591153947e-01,  2.4889063228895367e-02,  1.0917042538038906e-03, -1.7534361657633415e-02, -7.3821277172121521e-03,  5.0478742243829857e-04, -6.9062869015642774e-03, -8.7143690069367346e-04
    97,  1.4248e+03,  1.2415030276728820e-01,  1.0953255062307577e-03,  3.6056805490256821e-03, -9.2893088039267199e-02,  1.2512687158321029e-01,  1.9306486317971890e-02,  6.0921403301640836e-04,  1.3406675225487000e-02,  1.8468234262977487e-03,  9.8400911494016322e-03, -2.8342042315736382e-03, -4.1488142677477148e-04,  8.5295752224993068e-02,  9.1768260942039670e-04, -2.8025932543496957e-03,  6.7722317747181127e-02,  1.7079513591153947e-01,  2.4889063228895367e-02,  1.0917042538038906e-03, -1.7534361657633415e-02, -7.3921277172121517e-03,  5.1478742243829859e-04, -6.9062869015642774e-03, -8.7143690069367346e-04
    98,  1.4248e+03,  1.2415030276728820e-01,  1.0953255062307577e-03,  3.6056805490256821e-03, -9.2893088039267199e-02,  1.2512687158321029e-01,  1.9306486317971890e-02,  6.0921403301640836e-04,  1.3406675225487000e-02,  1.8468234262977487e-03,  9.8400911494016322e-03, -2.8342042315736382e-03, -4.1488142677477148e-04,  8.5295752224993068e-02,  9.1768260942039670e-04, -2.8025932543496957e-03,  6.7722317747181127e-02,  1.7079513591153947e-01,  2.4889063228895367e-02,  1.0917042538038906e-03, -1.7534361657633415e-02, -7.3921277172121517e-03,  5.0478742243829857e-04, -6.8962869015642778e-03, -8.7143690069367346e-04
    99,  1.4248e+03,  1.2415030276728820e-01,  1.0953255062307577e-03,  3.6056805490256821e-03, -9.2893088039267199e-02,  1.2512687158321029e-01,  1.9306486317971890e-02,  6.0921403301640836e-04,  1.3406675225487000e-02,  1.8468234262977487e-03,  9.8400911494016322e-03, -2.8342042315736382e-03, -4.1488142677477148e-04,  8.5295752224993068e-02,  9.1768260942039670e-04, -2.8025932543496957e-03,  6.7722317747181127e-02,  1.7079513591153947e-01,  2.4889063228895367e-02,  1.0917042538038906e-03, -1.7534361657633415e-02, -7.3921277172121517e-03,  5.0478742243829857e-04, -6.9062869015642774e-03, -8.6143690069367344e-04
   100,  2.2065e+03,  1.2415030163896319e-01,  1.0953251361558922e-03,  3.6056814912685717e-03, -9.2893089686766434e-02,  1.2512687055747174e-01,  1.9306478635418466e-02,  6.0921456848222317e-04,  1.3406675211337963e-02,  1.8468232297954858e-03,  9.8400911038678644e-03, -2.8342041781978283e-03, -4.1488183915368125e-04,  8.5295750336377194e-02,  9.1768281123360683e-04, -2.8025935164149468e-03,  6.7722315166449804e-02,  1.7079513576927133e-01,  2.4889056714722475e-02,  1.0917049714393593e-03, -1.7534361366344061e-02, -7.3921419639758276e-03,  5.0478722421157176e-04, -6.9062861935835921e-03, -8.7143658924879522e-04
   101,  2.2065e+03,  1.2427445194060216e-01,  1.0953251361558922e-03,  3.6056814912685717e-03, -9.2893089686766434e-02,  1.2512687055747174e-01,  1.9306478635418466e-02,  6.0921456848222317e-04,  1.3406675211337963e-02,  1.8468232297954858e-03,  9.8400911038678644e-03, -2.8342041781978283e-03, -4.1488183915368125e-04,  8.5295750336377194e-02,  9.1768281123360683e-04, -2.8025935164149468e-03,  6.7722315166449804e-02,  1.7079513576927133e-01,  2.4889056714722475e-02,  1.0917049714393593e-03, -1.7534361366344061e-02, -7.3921419639758276e-03,  5.0478722421157176e-04, -6.9062861935835921e-03, -8.7143658924879522e-04
   102,  2.2065e+03,  1.2415030163896319e-01,  1.1053251361558922e-03,  3.6056814912685717e-03, -9.2893089686766434e-02,  1.2512687055747174e-01,  1.9306478635418466e-02,  6.0921456848222317e-04,  1.3406675211337963e-02,  1.8468232297954858e-03,  9.8400911038678644e-03, -2.8342041781978283e-03, -4.1488183915368125e-04,  8.5295750336377194e-02,  9.1768281123360683e-04, -2.8025935164149468e-03,  6.7722315166449804e-02,  1.7079513576927133e-01,  2.4889056714722475e-02,  1.0917049714393593e-03, -1.7534361366344061e-02, -7.3921419639758276e-03,  5.0478722421157176e-04, -6.9062861935835921e-03, -8.7143658924879522e-04
   103,  2.2065e+03,  1.2415030163896319e-01,  1.0953251361558922e-03,  3.6156814912685718e-03, -9.2893089686766434e-02,  1.2512687055747174e-01,  1.9306478635418466e-02,  6.0921456848222317e-04,  1.3406675211337963e-02,  1.8468232297954858e-03,  9.8400911038678644e-03, -2.8342041781978283e-03, -4.1488183915368125e-04,  8.5295750336377194e-02,  9.1768281123360683e-04, -2.8025935164149468e-03,  6.7722315166449804e-02,  1.7079513576927133e-01,  2.4889056714722475e-02,  1.0917049714393593e-03, -1.7534361366344061e-02, -7.3921419639758276e-03,  5.0478722421157176e-04, -6.9062861935835921e-03, -8.7143658924879522e-04
   104,  2.2065e+03,  1.2415030163896319e-01,  1.0953251361558922e-03,  3.6056814912685717e-03, -9.2800196597079665e-02,  1.2512687055747174e-01,  1.9306478635418466e-02,  6.0921456848222317e-04,  1.3406675211337963e-02,  1.8468232297954858e-03,  9.8400911038678644e-03, -2.8342041781978283e-03, -4.1488183915368125e-04,  8.5295750336377194e-02,  9.1768281123360683e-04, -2.8025935164149468e-03,  6.7722315166449804e-02,  1.7079513576927133e-01,  2.4889056714722475e-02,  1.0917049714393593e-03, -1.7534361366344061e-02, -7.3921419639758276e-03,  5.0478722421157176e-04, -6.9062861935835921e-03, -8.7143658924879522e-04
   105,  2.2065e+03,  1.2415030163896319e-01,  1.0953251361558922e-03,  3.6056814912685717e-03, -9.2893089686766434e-02,  1.2525199742802920e-01,  1.9306478635418466e-02,  6.0921456848222317e-04,  1.3406675211337963e-02,  1.8468232297954858e-03,  9.8400911038678644e-03, -2.8342041781978283e-03, -4.1488183915368125e-04,  8.5295750336377194e-02,  9.1768281123360683e-04, -2.8025935164149468e-03,  6.7722315166449804e-02,  1.7079513576927133e-01,  2.4889056714722475e-02,  1.0917049714393593e-03, -1.7534361366344061e-02, -7.3921419639758276e-03,  5.0478722421157176e-04, -6.9062861935835921e-03, -8.7143658924879522e-04
   106,  2.2065e+03,  1.2415030163896319e-01,  1.0953251361558922e-03,  3.6056814912685717e-03, -9.2893089686766434e-02,  1.2512687055747174e-01,  1.9325785114053886e-02,  6.0921456848222317e-04,  1.3406675211337963e-02,  1.8468232297954858e-03,  9.8400911038678644e-03, -2.8342041781978283e-03, -4.1488183915368125e-04,  8.5295750336377194e-02,  9.1768281123360683e-04, -2.8025935164149468e-03,  6.7722315166449804e-02,  1.7079513576927133e-01,  2.4889056714722475e-02,  1.0917049714393593e-03, -1.7534361366344061e-02, -7.3921419639758276e-03,  5.0478722421157176e-04, -6.9062861935835921e-03, -8.7143658924879522e-04
   107,  2.2065e+03,  1.2415030163896319e-01,  1.0953251361558922e-03,  3.6056814912685717e-03, -9.2893089686766434e-02,  1.2512687055747174e-01,  1.9306478635418466e-02,  6.1921456848222319e-04,  1.3406675211337963e-02,  1.8468232297954858e-03,  9.8400911038678644e-03, -2.8342041781978283e-03, -4.1488183915368125e-04,  8.5295750336377194e-02,  9.1768281123360683e-04, -2.8025935164149468e-03,  6.7722315166449804e-02,  1.7079513576927133e-01,  2.4889056714722475e-02,  1.0917049714393593e-03, -1.7534361366344061e-02, -7.3921419639758276e-03,  5.0478722421157176e-04, -6.9062861935835921e-03, -8.7143658924879522e-04
   108,  2.2065e+03,  1.2415030163896319e-01,  1.0953251361558922e-03,  3.6056814912685717e-03, -9.2893089686766434e-02,  1.2512687055747174e-01,  1.9306478635418466e-02,  6.0921456848222317e-04,  1.3420081886549301e-02,  1.8468232297954858e-03,  9.8400911038678644e-03, -2.8342041781978283e-03, -4.1488183915368125e-04,  8.5295750336377194e-02,  9.1768281123360683e-04, -2.8025935164149468e-03,  6.7722315166449804e-02,  1.7079513576927133e-01,  2.4889056714722475e-02,  1.0917049714393593e-03, -1.7534361366344061e-02, -7.3921419639758276e-03,  5.0478722421157176e-04, -6.9062861935835921e-03, -8.7143658924879522e-04
   109,  2.2065e+03,  1.2415030163896319e-01,  1.0953251361558922e-03,  3.6056814912685717e-03, -9.2893089686766434e-02,  1.2512687055747174e-01,  1.9306478635418466e-02,  6.0921456848222317e-04,  1.3406675211337963e-02,  1.8568232297954859e-03,  9.8400911038678644e-03, -2.8342041781978283e-03, -4.1488183915368125e-04,  8.5295750336377194e-02,  9.1768281123360683e-04, -2.8025935164149468e-03,  6.7722315166449804e-02,  1.7079513576927133e-01,  2.4889056714722475e-02,  1.0917049714393593e-03, -1.7534361366344061e-02, -7.3921419639758276e-03,  5.0478722421157176e-04, -6.9062861935835921e-03, -8.7143658924879522e-04
   110,  2.2065e+03,  1.2415030163896319e-01,  1.0953251361558922e-03,  3.6056814912685717e-03, -9.2893089686766434e-02,  1.2512687055747174e-01,  1.9306478635418466e-02,  6.0921456848222317e-04,  1.3406675211337963e-02,  1.8468232297954858e-03,  9.8500911038678640e-03, -2.8342041781978283e-03, -4.1488183915368125e-04,  8.5295750336377194e-02,  9.1768281123360683e-04, -2.8025935164149468e-03,  6.7722315166449804e-02,  1.7079513576927133e-01,  2.4889056714722475e-02,  1.0917049714393593e-03, -1.7534361366344061e-02, -7.3921419639758276e-03,  5.0478722421157176e-04, -6.9062861935835921e-03, -8.7143658924879522e-04
   111,  2.2065e+03,  1.2415030163896319e-01,  1.0953251361558922e-03,  3.6056814912685717e-03, -9.2893089686766434e-02,  1.2512687055747174e-01,  1.9306478635418466e-02,  6.0921456848222317e-04,  1.3406675211337963e-02,  1.8468232297954858e-03,  9.8400911038678644e-03, -2.8242041781978283e-03, -4.1488183915368125e-04,  8.5295750336377194e-02,  9.1768281123360683e-04, -2.8025935164149468e-03,  6.7722315166449804e-02,  1.7079513576927133e-01,  2.4889056714722475e-02,  1.0917049714393593e-03, -1.7534361366344061e-02, -7.3921419639758276e-03,  5.0478722421157176e-04, -6.9062861935835921e-03, -8.7143658924879522e-04
   112,  2.2065e+03,  1.2415030163896319e-01,  1.0953251361558922e-03,  3.6056814912685717e-03, -9.2893089686766434e-02,  1.2512687055747174e-01,  1.9306478635418466e-02,  6.0921456848222317e-04,  1.3406675211337963e-02,  1.8468232297954858e-03,  9.8400911038678644e-03, -2.8342041781978283e-03, -4.0488183915368122e-04,  8.5295750336377194e-02,  9.1768281123360683e-04, -2.8025935164149468e-03,  6.7722315166449804e-02,  1.7079513576927133e-01,  2.4889056714722475e-02,  1.0917049714393593e-03, -1.7534361366344061e-02, -7.3921419639758276e-03,  5.0478722421157176e-04, -6.9062861935835921e-03, -8.7143658924879522e-04
   113,  2.2065e+03,  1.2415030163896319e-01,  1.0953251361558922e-03,  3.6056814912685717e-03, -9.2893089686766434e-02,  1.2512687055747174e-01,  1.9306478635418466e-02,  6.0921456848222317e-04,  1.3406675211337963e-02,  1.8468232297954858e-03,  9.8400911038678644e-03, -2.8342041781978283e-03, -4.1488183915368125e-04,  8.5381046086713569e-02,  9.1768281123360683e-04, -2.8025935164149468e-03,  6.7722315166449804e-02,  1.7079513576927133e-01,  2.4889056714722475e-02,  1.0917049714393593e-03, -1.7534361366344061e-02, -7.3921419639758276e-03,  5.0478722421157176e-04, -6.9062861935835921e-03, -8.7143658924879522e-04
   114,  2.2065e+03,  1.2415030163896319e-01,  1.0953251361558922e-03,  3.6056814912685717e-03, -9.2893089686766434e-02,  1.2512687055747174e-01,  1.9306478635418466e-02,  6.0921456848222317e-04,  1.3406675211337963e-02,  1.8468232297954858e-03,  9.8400911038678644e-03, -2.8342041781978283e-03, -4.1488183915368125e-04,  8.5295750336377194e-02,  9.2768281123360686e-04, -2.8025935164149468e-03,  6.7722315166449804e-02,  1.7079513576927133e-01,  2.4889056714722475e-02,  1.0917049714393593e-03, -1.7534361366344061e-02, -7.3921419639758276e-03,  5.0478722421157176e-04, -6.9062861935835921e-03, -8.7143658924879522e-04
   115,  2.2065e+03,  1.2415030163896319e-01,  1.0953251361558922e-03,  3.6056814912685717e-03, -9.2893089686766434e-02,  1.2512687055747174e-01,  1.9306478635418466e-02,  6.0921456848222317e-04,  1.3406675211337963e-02,  1.8468232297954858e-03,  9.8400911038678644e-03, -2.8342041781978283e-03, -4.1488183915368125e-04,  8.5295750336377194e-02,  9.1768281123360683e-04, -2.7925935164149467e-03,  6.7722315166449804e-02,  1.7079513576927133e-01,  2.4889056714722475e-02,  1.0917049714393593e-03, -1.7534361366344061e-02, -7.3921419639758276e-03,  5.0478722421157176e-04, -6.9062861935835921e-03, -8.7143658924879522e-04
   116,  2.2065e+03,  1.2415030163896319e-01,  1.0953251361558922e-03,  3.6056814912685717e-03, -9.2893089686766434e-02,  1.2512687055747174e-01,  1.9306478635418466e-02,  6.0921456848222317e-04,  1.3406675211337963e-02,  1.8468232297954858e-03,  9.8400911038678644e-03, -2.8342041781978283e-03, -4.1488183915368125e-04,  8.5295750336377194e-02,  9.1768281123360683e-04, -2.8025935164149468e-03,  6.7790037481616258e-02,  1.7079513576927133e-01,  2.4889056714722475e-02,  1.0917049714393593e-03, -1.7534361366344061e-02, -7.3921419639758276e-03,  5.0478722421157176e-04, -6.9062861935835921e-03, -8.7143658924879522e-04
   117,  2.2065e+03,  1.2415030163896319e-01,  1.0953251361558922e-03,  3.6056814912685717e-03, -9.2893089686766434e-02,  1.2512687055747174e-01,  1.9306478635418466e-02,  6.0921456848222317e-04,  1.3406675211337963e-02,  1.8468232297954858e-03,  9.8400911038678644e-03, -2.8342041781978283e-03, -4.1488183915368125e-04,  8.5295750336377194e-02,  9.1768281123360683e-04, -2.8025935164149468e-03,  6.7722315166449804e-02,  1.7096593090504059e-01,  2.4889056714722475e-02,  1.0917049714393593e-03, -1.7534361366344061e-02, -7.3921419639758276e-03,  5.0478722421157176e-04, -6.9062861935835921e-03, -8.7143658924879522e-04
   118,  2.2065e+03,  1.2415030163896319e-01,  1.0953251361558922e-03,  3.6056814912685717e-03, -9.2893089686766434e-02,  1.2512687055747174e-01,  1.9306478635418466e-02,  6.0921456848222317e-04,  1.3406675211337963e-02,  1.8468232297954858e-03,  9.8400911038678644e-03, -2.8342041781978283e-03, -4.1488183915368125e-04,  8.5295750336377194e-02,  9.1768281123360683e-04, -2.8025935164149468e-03,  6.7722315166449804e-02,  1.7079513576927133e-01,  2.4913945771437199e-02,  1.0917049714393593e-03, -1.7534361366344061e-02, -7.3921419639758276e-03,  5.0478722421157176e-04, -6.9062861935835921e-03, -8.7143658924879522e-04
   119,  2.2065e+03,  1.2415030163896319e-01,  1.0953251361558922e-03,  3.6056814912685717e-03, -9.2893089686766434e-02,  1.2512687055747174e-01,  1.9306478635418466e-02,  6.0921456848222317e-04,  1.3406675211337963e-02,  1.8468232297954858e-03,  9.8400911038678644e-03, -2.8342041781978283e-03, -4.1488183915368125e-04,  8.5295750336377194e-02,  9.1768281123360683e-04, -2.8025935164149468e-03,  6.7722315166449804e-02,  1.7079513576927133e-01,  2.4889056714722475e-02,  1.1017049714393593e-03, -1.7534361366344061e-02, -7.3921419639758276e-03,  5.0478722421157176e-04, -6.9062861935835921e-03, -8.7143658924879522e-04
   120,  2.2065e+03,  1.2415030163896319e-01,  1.0953251361558922e-03,  3.6056814912685717e-03, -9.2893089686766434e-02,  1.2512687055747174e-01,  1.9306478635418466e-02,  6.0921456848222317e-04,  1.3406675211337963e-02,  1.8468232297954858e-03,  9.8400911038678644e-03, -2.8342041781978283e-03, -4.1488183915368125e-04,  8.5295750336377194e-02,  9.1768281123360683e-04, -2.8025935164149468e-03,  6.7722315166449804e-02,  1.7079513576927133e-01,  2.4889056714722475e-02,  1.0917049714393593e-03, -1.7516827004977718e-02, -7.3921419639758276e-03,  5.0478722421157176e-04, -6.9062861935835921e-03, -8.7143658924879522e-04
   121,  2.2065e+03,  1.2415030163896319e-01,  1.0953251361558922e-03,  3.6056814912685717e-03, -9.2893089686766434e-02,  1.2512687055747174e-01,  1.9306478635418466e-02,  6.0921456848222317e-04,  1.3406675211337963e-02,  1.8468232297954858e-03,  9.8400911038678644e-03, -2.8342041781978283e-03, -4.1488183915368125e-04,  8.5295750336377194e-02,  9.1768281123360683e-04, -2.8025935164149468e-03,  6.7722315166449804e-02,  1.7079513576927133e-01,  2.4889056714722475e-02,  1.0917049714393593e-03, -1.7534361366344061e-02, -7.3821419639758280e-03,  5.0478722421157176e-04, -6.9062861935835921e-03, -8.7143658924879522e-04
   122,  2.2065e+03,  1.2415030163896319e-01,  1.0953251361558922e-03,  3.6056814912685717e-03, -9.2893089686766434e-02,  1.2512687055747174e-01,  1.9306478635418466e-02,  6.0921456848222317e-04,  1.3406675211337963e-02,  1.8468232297954858e-03,  9.8400911038678644e-03, -2.8342041781978283e-03, -4.1488183915368125e-04,  8.5295750336377194e-02,  9.1768281123360683e-04, -2.8025935164149468e-03,  6.7722315166449804e-02,  1.7079513576927133e-01,  2.4889056714722475e-02,  1.0917049714393593e-03, -1.7534361366344061e-02, -7.3921419639758276e-03,  5.1478722421157178e-04, -6.9062861935835921e-03, -8.7143658924879522e-04
   123,  2.2065e+03,  1.2415030163896319e-01,  1.0953251361558922e-03,  3.6056814912685717e-03, -9.2893089686766434e-02,  1.2512687055747174e-01,  1.9306478635418466e-02,  6.0921456848222317e-04,  1.3406675211337963e-02,  1.8468232297954858e-03,  9.8400911038678644e-03, -2.8342041781978283e-03, -4.1488183915368125e-04,  8.5295750336377194e-02,  9.1768281123360683e-04, -2.8025935164149468e-03,  6.7722315166449804e-02,  1.7079513576927133e-01,  2.4889056714722475e-02,  1.0917049714393593e-03, -1.7534361366344061e-02, -7.3921419639758276e-03,  5.0478722421157176e-04, -6.8962861935835925e-03, -8.7143658924879522e-04
   124,  2.2065e+03,  1.2415030163896319e-01,  1.0953251361558922e-03,  3.6056814912685717e-03, -9.2893089686766434e-02,  1.2512687055747174e-01,  1.9306478635418466e-02,  6.0921456848222317e-04,  1.3406675211337963e-02,  1.8468232297954858e-03,  9.8400911038678644e-03, -2.8342041781978283e-03, -4.1488183915368125e-04,  8.5295750336377194e-02,  9.1768281123360683e-04, -2.8025935164149468e-03,  6.7722315166449804e-02,  1.7079513576927133e-01,  2.4889056714722475e-02,  1.0917049714393593e-03, -1.7534361366344061e-02, -7.3921419639758276e-03,  5.0478722421157176e-04, -6.9062861935835921e-03, -8.6143658924879519e-04
