Problem type:
least_squares
nparams:
8
function_evaluation,seconds,x(0),x(1),x(2),x(3),x(4),x(5),x(6),x(7)
     0,  3.5200e+02,  1.7981978773720611e-01, -8.7317624295586732e-02,  1.3803904747342879e-01,  2.9031890841335770e-02,  1.5268742859250550e-01,  4.5172102831767418e-02,  1.3109680060010340e-01,  3.2701916078913547e-02
     1,  3.5200e+02,  1.7999960752494332e-01, -8.7317624295586732e-02,  1.3803904747342879e-01,  2.9031890841335770e-02,  1.5268742859250550e-01,  4.5172102831767418e-02,  1.3109680060010340e-01,  3.2701916078913547e-02
     2,  3.5200e+02,  1.7981978773720611e-01, -8.7230306671291141e-02,  1.3803904747342879e-01,  2.9031890841335770e-02,  1.5268742859250550e-01,  4.5172102831767418e-02,  1.3109680060010340e-01,  3.2701916078913547e-02
     3,  3.5200e+02,  1.7981978773720611e-01, -8.7317624295586732e-02,  1.3817708652090221e-01,  2.9031890841335770e-02,  1.5268742859250550e-01,  4.5172102831767418e-02,  1.3109680060010340e-01,  3.2701916078913547e-02
     4,  3.5200e+02,  1.7981978773720611e-01, -8.7317624295586732e-02,  1.3803904747342879e-01,  2.9060922732177107e-02,  1.5268742859250550e-01,  4.5172102831767418e-02,  1.3109680060010340e-01,  3.2701916078913547e-02
     5,  3.5200e+02,  1.7981978773720611e-01, -8.7317624295586732e-02,  1.3803904747342879e-01,  2.9031890841335770e-02,  1.5284011602109801e-01,  4.5172102831767418e-02,  1.3109680060010340e-01,  3.2701916078913547e-02
     6,  3.5200e+02,  1.7981978773720611e-01, -8.7317624295586732e-02,  1.3803904747342879e-01,  2.9031890841335770e-02,  1.5268742859250550e-01,  4.5217274934599185e-02,  1.3109680060010340e-01,  3.2701916078913547e-02
     7,  3.5200e+02,  1.7981978773720611e-01, -8.7317624295586732e-02,  1.3803904747342879e-01,  2.9031890841335770e-02,  1.5268742859250550e-01,  4.5172102831767418e-02,  1.3122789740070351e-01,  3.2701916078913547e-02
     8,  3.5200e+02,  1.7981978773720611e-01, -8.7317624295586732e-02,  1.3803904747342879e-01,  2.9031890841335770e-02,  1.5268742859250550e-01,  4.5172102831767418e-02,  1.3109680060010340e-01,  3.2734617994992457e-02
     9,  6.1769e+02,  1.2297082774099392e-01, -9.5744178477483441e-02,  1.2443209777191820e-01,  1.3696918237540160e-02,  9.6526568017943376e-02,  8.7213611683316566e-02,  1.8206984543368271e-01,  2.0207273913801699e-02
    10,  6.1769e+02,  1.2309379856873492e-01, -9.5744178477483441e-02,  1.2443209777191820e-01,  1.3696918237540160e-02,  9.6526568017943376e-02,  8.7213611683316566e-02,  1.8206984543368271e-01,  2.0207273913801699e-02
    11,  6.1769e+02,  1.2297082774099392e-01, -9.5648434299005963e-02,  1.2443209777191820e-01,  1.3696918237540160e-02,  9.6526568017943376e-02,  8.7213611683316566e-02,  1.8206984543368271e-01,  2.0207273913801699e-02
    12,  6.1769e+02,  1.2297082774099392e-01, -9.5744178477483441e-02,  1.2455652986969012e-01,  1.3696918237540160e-02,  9.6526568017943376e-02,  8.7213611683316566e-02,  1.8206984543368271e-01,  2.0207273913801699e-02
    13,  6.1769e+02,  1.2297082774099392e-01, -9.5744178477483441e-02,  1.2443209777191820e-01,  1.3710615155777700e-02,  9.6526568017943376e-02,  8.7213611683316566e-02,  1.8206984543368271e-01,  2.0207273913801699e-02
    14,  6.1769e+02,  1.2297082774099392e-01, -9.5744178477483441e-02,  1.2443209777191820e-01,  1.3696918237540160e-02,  9.6623094585961314e-02,  8.7213611683316566e-02,  1.8206984543368271e-01,  2.0207273913801699e-02
    15,  6.1769e+02,  1.2297082774099392e-01, -9.5744178477483441e-02,  1.2443209777191820e-01,  1.3696918237540160e-02,  9.6526568017943376e-02,  8.7300825294999884e-02,  1.8206984543368271e-01,  2.0207273913801699e-02
    16,  6.1769e+02,  1.2297082774099392e-01, -9.5744178477483441e-02,  1.2443209777191820e-01,  1.3696918237540160e-02,  9.6526568017943376e-02,  8.7213611683316566e-02,  1.8225191527911638e-01,  2.0207273913801699e-02
    17,  6.1769e+02,  1.2297082774099392e-01, -9.5744178477483441e-02,  1.2443209777191820e-01,  1.3696918237540160e-02,  9.6526568017943376e-02,  8.7213611683316566e-02,  1.8206984543368271e-01,  2.0227481187715501e-02
    18,  1.3223e+03,  1.2296636648951961e-01, -9.5729330833893997e-02,  1.2443710868071786e-01,  1.3712011270514675e-02,  9.6528887577008407e-02,  8.7214705134512460e-02,  1.8207630042143536e-01,  2.0248000922957379e-02
    19,  1.3223e+03,  1.2308933285600913e-01, -9.5729330833893997e-02,  1.2443710868071786e-01,  1.3712011270514675e-02,  9.6528887577008407e-02,  8.7214705134512460e-02,  1.8207630042143536e-01,  2.0248000922957379e-02
    20,  1.3223e+03,  1.2296636648951961e-01, -9.5633601503060106e-02,  1.2443710868071786e-01,  1.3712011270514675e-02,  9.6528887577008407e-02,  8.7214705134512460e-02,  1.8207630042143536e-01,  2.0248000922957379e-02
    21,  1.3223e+03,  1.2296636648951961e-01, -9.5729330833893997e-02,  1.2456154578939858e-01,  1.3712011270514675e-02,  9.6528887577008407e-02,  8.7214705134512460e-02,  1.8207630042143536e-01,  2.0248000922957379e-02
    22,  1.3223e+03,  1.2296636648951961e-01, -9.5729330833893997e-02,  1.2443710868071786e-01,  1.3725723281785189e-02,  9.6528887577008407e-02,  8.7214705134512460e-02,  1.8207630042143536e-01,  2.0248000922957379e-02
    23,  1.3223e+03,  1.2296636648951961e-01, -9.5729330833893997e-02,  1.2443710868071786e-01,  1.3712011270514675e-02,  9.6625416464585417e-02,  8.7214705134512460e-02,  1.8207630042143536e-01,  2.0248000922957379e-02
    24,  1.3223e+03,  1.2296636648951961e-01, -9.5729330833893997e-02,  1.2443710868071786e-01,  1.3712011270514675e-02,  9.6528887577008407e-02,  8.7301919839646969e-02,  1.8207630042143536e-01,  2.0248000922957379e-02
    25,  1.3223e+03,  1.2296636648951961e-01, -9.5729330833893997e-02,  1.2443710868071786e-01,  1.3712011270514675e-02,  9.6528887577008407e-02,  8.7214705134512460e-02,  1.8225837672185680e-01,  2.0248000922957379e-02
    26,  1.3223e+03,  1.2296636648951961e-01, -9.5729330833893997e-02,  1.2443710868071786e-01,  1.3712011270514675e-02,  9.6528887577008407e-02,  8.7214705134512460e-02,  1.8207630042143536e-01,  2.0268248923880336e-02
    27,  1.5895e+03,  1.2296853376001549e-01, -9.5730025216774720e-02,  1.2443676295918786e-01,  1.3712293854009201e-02,  9.6528650436227117e-02,  8.7204205253479078e-02,  1.8207759274915269e-01,  2.0252490890946162e-02
    28,  1.5895e+03,  1.2309150229377550e-01, -9.5730025216774720e-02,  1.2443676295918786e-01,  1.3712293854009201e-02,  9.6528650436227117e-02,  8.7204205253479078e-02,  1.8207759274915269e-01,  2.0252490890946162e-02
    29,  1.5895e+03,  1.2296853376001549e-01, -9.5634295191557944e-02,  1.2443676295918786e-01,  1.3712293854009201e-02,  9.6528650436227117e-02,  8.7204205253479078e-02,  1.8207759274915269e-01,  2.0252490890946162e-02
    30,  1.5895e+03,  1.2296853376001549e-01, -9.5730025216774720e-02,  1.2456119972214705e-01,  1.3712293854009201e-02,  9.6528650436227117e-02,  8.7204205253479078e-02,  1.8207759274915269e-01,  2.0252490890946162e-02
    31,  1.5895e+03,  1.2296853376001549e-01, -9.5730025216774720e-02,  1.2443676295918786e-01,  1.3726006147863210e-02,  9.6528650436227117e-02,  8.7204205253479078e-02,  1.8207759274915269e-01,  2.0252490890946162e-02
    32,  1.5895e+03,  1.2296853376001549e-01, -9.5730025216774720e-02,  1.2443676295918786e-01,  1.3712293854009201e-02,  9.6625179086663349e-02,  8.7204205253479078e-02,  1.8207759274915269e-01,  2.0252490890946162e-02
    33,  1.5895e+03,  1.2296853376001549e-01, -9.5730025216774720e-02,  1.2443676295918786e-01,  1.3712293854009201e-02,  9.6528650436227117e-02,  8.7291409458732552e-02,  1.8207759274915269e-01,  2.0252490890946162e-02
    34,  1.5895e+03,  1.2296853376001549e-01, -9.5730025216774720e-02,  1.2443676295918786e-01,  1.3712293854009201e-02,  9.6528650436227117e-02,  8.7204205253479078e-02,  1.8225967034190185e-01,  2.0252490890946162e-02
    35,  1.5895e+03,  1.2296853376001549e-01, -9.5730025216774720e-02,  1.2443676295918786e-01,  1.3712293854009201e-02,  9.6528650436227117e-02,  8.7204205253479078e-02,  1.8207759274915269e-01,  2.0272743381837110e-02
    36,  1.8562e+03,  1.2296897804794338e-01, -9.5730176656748170e-02,  1.2443668429532045e-01,  1.3712355476263286e-02,  9.6528587841944763e-02,  8.7202004398025071e-02,  1.8207786926586558e-01,  2.0254345631162417e-02
    37,  1.8562e+03,  1.2309194702599133e-01, -9.5730176656748170e-02,  1.2443668429532045e-01,  1.3712355476263286e-02,  9.6528587841944763e-02,  8.7202004398025071e-02,  1.8207786926586558e-01,  2.0254345631162417e-02
    38,  1.8562e+03,  1.2296897804794338e-01, -9.5634446480091423e-02,  1.2443668429532045e-01,  1.3712355476263286e-02,  9.6528587841944763e-02,  8.7202004398025071e-02,  1.8207786926586558e-01,  2.0254345631162417e-02
    39,  1.8562e+03,  1.2296897804794338e-01, -9.5730176656748170e-02,  1.2456112097961577e-01,  1.3712355476263286e-02,  9.6528587841944763e-02,  8.7202004398025071e-02,  1.8207786926586558e-01,  2.0254345631162417e-02
    40,  1.8562e+03,  1.2296897804794338e-01, -9.5730176656748170e-02,  1.2443668429532045e-01,  1.3726067831739550e-02,  9.6528587841944763e-02,  8.7202004398025071e-02,  1.8207786926586558e-01,  2.0254345631162417e-02
    41,  1.8562e+03,  1.2296897804794338e-01, -9.5730176656748170e-02,  1.2443668429532045e-01,  1.3712355476263286e-02,  9.6625116429786703e-02,  8.7202004398025071e-02,  1.8207786926586558e-01,  2.0254345631162417e-02
    42,  1.8562e+03,  1.2296897804794338e-01, -9.5730176656748170e-02,  1.2443668429532045e-01,  1.3712355476263286e-02,  9.6528587841944763e-02,  8.7289206402423089e-02,  1.8207786926586558e-01,  2.0254345631162417e-02
    43,  1.8562e+03,  1.2296897804794338e-01, -9.5730176656748170e-02,  1.2443668429532045e-01,  1.3712355476263286e-02,  9.6528587841944763e-02,  8.7202004398025071e-02,  1.8225994713513144e-01,  2.0254345631162417e-02
    44,  1.8562e+03,  1.2296897804794338e-01, -9.5730176656748170e-02,  1.2443668429532045e-01,  1.3712355476263286e-02,  9.6528587841944763e-02,  8.7202004398025071e-02,  1.8207786926586558e-01,  2.0274599976793581e-02
    45,  2.1238e+03,  1.2296942004421992e-01, -9.5730330922342996e-02,  1.2443660314165401e-01,  1.3712418457530436e-02,  9.6528523243610234e-02,  8.7199797657512540e-02,  1.8207814798691979e-01,  2.0256193127703759e-02
    46,  2.1238e+03,  1.2309238946426414e-01, -9.5730330922342996e-02,  1.2443660314165401e-01,  1.3712418457530436e-02,  9.6528523243610234e-02,  8.7199797657512540e-02,  1.8207814798691979e-01,  2.0256193127703759e-02
    47,  2.1238e+03,  1.2296942004421992e-01, -9.5634600591420649e-02,  1.2443660314165401e-01,  1.3712418457530436e-02,  9.6528523243610234e-02,  8.7199797657512540e-02,  1.8207814798691979e-01,  2.0256193127703759e-02
    48,  2.1238e+03,  1.2296942004421992e-01, -9.5730330922342996e-02,  1.2456103974479567e-01,  1.3712418457530436e-02,  9.6528523243610234e-02,  8.7199797657512540e-02,  1.8207814798691979e-01,  2.0256193127703759e-02
    49,  2.1238e+03,  1.2296942004421992e-01, -9.5730330922342996e-02,  1.2443660314165401e-01,  1.3726130875987966e-02,  9.6528523243610234e-02,  8.7199797657512540e-02,  1.8207814798691979e-01,  2.0256193127703759e-02
    50,  2.1238e+03,  1.2296942004421992e-01, -9.5730330922342996e-02,  1.2443660314165401e-01,  1.3712418457530436e-02,  9.6625051766853848e-02,  8.7199797657512540e-02,  1.8207814798691979e-01,  2.0256193127703759e-02
    51,  2.1238e+03,  1.2296942004421992e-01, -9.5730330922342996e-02,  1.2443660314165401e-01,  1.3712418457530436e-02,  9.6528523243610234e-02,  8.7286997455170046e-02,  1.8207814798691979e-01,  2.0256193127703759e-02
    52,  2.1238e+03,  1.2296942004421992e-01, -9.5730330922342996e-02,  1.2443660314165401e-01,  1.3712418457530436e-02,  9.6528523243610234e-02,  8.7199797657512540e-02,  1.8226022613490672e-01,  2.0256193127703759e-02
    53,  2.1238e+03,  1.2296942004421992e-01, -9.5730330922342996e-02,  1.2443660314165401e-01,  1.3712418457530436e-02,  9.6528523243610234e-02,  8.7199797657512540e-02,  1.8207814798691979e-01,  2.0276449320831464e-02
    54,  2.3896e+03,  1.2296985994594518e-01, -9.5730487670758188e-02,  1.2443651976475646e-01,  1.3712482819428480e-02,  9.6528456705190044e-02,  8.7197585462218091e-02,  1.8207842896856682e-01,  2.0258033821281721e-02
    55,  2.3896e+03,  1.2309282980589113e-01, -9.5730487670758188e-02,  1.2443651976475646e-01,  1.3712482819428480e-02,  9.6528456705190044e-02,  8.7197585462218091e-02,  1.8207842896856682e-01,  2.0258033821281721e-02
    56,  2.3896e+03,  1.2296985994594518e-01, -9.5634757183087435e-02,  1.2443651976475646e-01,  1.3712482819428480e-02,  9.6528456705190044e-02,  8.7197585462218091e-02,  1.8207842896856682e-01,  2.0258033821281721e-02
    57,  2.3896e+03,  1.2296985994594518e-01, -9.5730487670758188e-02,  1.2456095628452121e-01,  1.3712482819428480e-02,  9.6528456705190044e-02,  8.7197585462218091e-02,  1.8207842896856682e-01,  2.0258033821281721e-02
    58,  2.3896e+03,  1.2296985994594518e-01, -9.5730487670758188e-02,  1.2443651976475646e-01,  1.3726195302247909e-02,  9.6528456705190044e-02,  8.7197585462218091e-02,  1.8207842896856682e-01,  2.0258033821281721e-02
    59,  2.3896e+03,  1.2296985994594518e-01, -9.5730487670758188e-02,  1.2443651976475646e-01,  1.3712482819428480e-02,  9.6624985161895230e-02,  8.7197585462218091e-02,  1.8207842896856682e-01,  2.0258033821281721e-02
    60,  2.3896e+03,  1.2296985994594518e-01, -9.5730487670758188e-02,  1.2443651976475646e-01,  1.3712482819428480e-02,  9.6528456705190044e-02,  8.7284783047680309e-02,  1.8207842896856682e-01,  2.0258033821281721e-02
    61,  2.3896e+03,  1.2296985994594518e-01, -9.5730487670758188e-02,  1.2443651976475646e-01,  1.3712482819428480e-02,  9.6528456705190044e-02,  8.7197585462218091e-02,  1.8226050739753538e-01,  2.0258033821281721e-02
    62,  2.3896e+03,  1.2296985994594518e-01, -9.5730487670758188e-02,  1.2443651976475646e-01,  1.3712482819428480e-02,  9.6528456705190044e-02,  8.7197585462218091e-02,  1.8207842896856682e-01,  2.0278291855103003e-02
    63,  2.6578e+03,  1.2296946975354936e-01, -9.5730487899853708e-02,  1.2443643406263037e-01,  1.3712548815530474e-02,  9.6528387968115845e-02,  8.7195359700123917e-02,  1.8207871334947656e-01,  2.0259875275051274e-02
    64,  2.6578e+03,  1.2309243922330292e-01, -9.5730487899853708e-02,  1.2443643406263037e-01,  1.3712548815530474e-02,  9.6528387968115845e-02,  8.7195359700123917e-02,  1.8207871334947656e-01,  2.0259875275051274e-02
    65,  2.6578e+03,  1.2296946975354936e-01, -9.5634757411953861e-02,  1.2443643406263037e-01,  1.3712548815530474e-02,  9.6528387968115845e-02,  8.7195359700123917e-02,  1.8207871334947656e-01,  2.0259875275051274e-02
    66,  2.6578e+03,  1.2296946975354936e-01, -9.5730487899853708e-02,  1.2456087049669300e-01,  1.3712548815530474e-02,  9.6528387968115845e-02,  8.7195359700123917e-02,  1.8207871334947656e-01,  2.0259875275051274e-02
    67,  2.6578e+03,  1.2296946975354936e-01, -9.5730487899853708e-02,  1.2443643406263037e-01,  1.3726261364346005e-02,  9.6528387968115845e-02,  8.7195359700123917e-02,  1.8207871334947656e-01,  2.0259875275051274e-02
    68,  2.6578e+03,  1.2296946975354936e-01, -9.5730487899853708e-02,  1.2443643406263037e-01,  1.3712548815530474e-02,  9.6624916356083959e-02,  8.7195359700123917e-02,  1.8207871334947656e-01,  2.0259875275051274e-02
    69,  2.6578e+03,  1.2296946975354936e-01, -9.5730487899853708e-02,  1.2443643406263037e-01,  1.3712548815530474e-02,  9.6528387968115845e-02,  8.7282555059824046e-02,  1.8207871334947656e-01,  2.0259875275051274e-02
    70,  2.6578e+03,  1.2296946975354936e-01, -9.5730487899853708e-02,  1.2443643406263037e-01,  1.3712548815530474e-02,  9.6528387968115845e-02,  8.7195359700123917e-02,  1.8226079206282603e-01,  2.0259875275051274e-02
    71,  2.6578e+03,  1.2296946975354936e-01, -9.5730487899853708e-02,  1.2443643406263037e-01,  1.3712548815530474e-02,  9.6528387968115845e-02,  8.7195359700123917e-02,  1.8207871334947656e-01,  2.0280135150326326e-02
    72,  2.9244e+03,  1.2296908982129298e-01, -9.5730492781214954e-02,  1.2443634610491380e-01,  1.3712616325466729e-02,  9.6528316980139681e-02,  8.7193127667069312e-02,  1.8207900037236471e-01,  2.0261710610765565e-02
    73,  2.9244e+03,  1.2309205891111427e-01, -9.5730492781214954e-02,  1.2443634610491380e-01,  1.3712616325466729e-02,  9.6528316980139681e-02,  8.7193127667069312e-02,  1.8207900037236471e-01,  2.0261710610765565e-02
    74,  2.9244e+03,  1.2296908982129298e-01, -9.5634762288433733e-02,  1.2443634610491380e-01,  1.3712616325466729e-02,  9.6528316980139681e-02,  8.7193127667069312e-02,  1.8207900037236471e-01,  2.0261710610765565e-02
    75,  2.9244e+03,  1.2296908982129298e-01, -9.5730492781214954e-02,  1.2456078245101872e-01,  1.3712616325466729e-02,  9.6528316980139681e-02,  8.7193127667069312e-02,  1.8207900037236471e-01,  2.0261710610765565e-02
    76,  2.9244e+03,  1.2296908982129298e-01, -9.5730492781214954e-02,  1.2443634610491380e-01,  1.3726328941792196e-02,  9.6528316980139681e-02,  8.7193127667069312e-02,  1.8207900037236471e-01,  2.0261710610765565e-02
    77,  2.9244e+03,  1.2296908982129298e-01, -9.5730492781214954e-02,  1.2443634610491380e-01,  1.3712616325466729e-02,  9.6624845297119816e-02,  8.7193127667069312e-02,  1.8207900037236471e-01,  2.0261710610765565e-02
    78,  2.9244e+03,  1.2296908982129298e-01, -9.5730492781214954e-02,  1.2443634610491380e-01,  1.3712616325466729e-02,  9.6528316980139681e-02,  8.7280320794736382e-02,  1.8207900037236471e-01,  2.0261710610765565e-02
    79,  2.9244e+03,  1.2296908982129298e-01, -9.5730492781214954e-02,  1.2443634610491380e-01,  1.3712616325466729e-02,  9.6528316980139681e-02,  8.7193127667069312e-02,  1.8226107937273708e-01,  2.0261710610765565e-02
    80,  2.9244e+03,  1.2296908982129298e-01, -9.5730492781214954e-02,  1.2443634610491380e-01,  1.3712616325466729e-02,  9.6528316980139681e-02,  8.7193127667069312e-02,  1.8207900037236471e-01,  2.0281972321376331e-02
    81,  3.1914e+03,  1.2296871606571123e-01, -9.5730501250793368e-02,  1.2443625615408223e-01,  1.3712685448157428e-02,  9.6528243716249948e-02,  8.7190890283574907e-02,  1.8207929004364473e-01,  2.0263540015219041e-02
    82,  3.1914e+03,  1.2309168478177694e-01, -9.5730501250793368e-02,  1.2443625615408223e-01,  1.3712685448157428e-02,  9.6528243716249948e-02,  8.7190890283574907e-02,  1.8207929004364473e-01,  2.0263540015219041e-02
    83,  3.1914e+03,  1.2296871606571123e-01, -9.5634770749542575e-02,  1.2443625615408223e-01,  1.3712685448157428e-02,  9.6528243716249948e-02,  8.7190890283574907e-02,  1.8207929004364473e-01,  2.0263540015219041e-02
    84,  3.1914e+03,  1.2296871606571123e-01, -9.5730501250793368e-02,  1.2456069241023630e-01,  1.3712685448157428e-02,  9.6528243716249948e-02,  8.7190890283574907e-02,  1.8207929004364473e-01,  2.0263540015219041e-02
    85,  3.1914e+03,  1.2296871606571123e-01, -9.5730501250793368e-02,  1.2443625615408223e-01,  1.3726398133605586e-02,  9.6528243716249948e-02,  8.7190890283574907e-02,  1.8207929004364473e-01,  2.0263540015219041e-02
    86,  3.1914e+03,  1.2296871606571123e-01, -9.5730501250793368e-02,  1.2443625615408223e-01,  1.3712685448157428e-02,  9.6624771959966202e-02,  8.7190890283574907e-02,  1.8207929004364473e-01,  2.0263540015219041e-02
    87,  3.1914e+03,  1.2296871606571123e-01, -9.5730501250793368e-02,  1.2443625615408223e-01,  1.3712685448157428e-02,  9.6528243716249948e-02,  8.7278081173858477e-02,  1.8207929004364473e-01,  2.0263540015219041e-02
    88,  3.1914e+03,  1.2296871606571123e-01, -9.5730501250793368e-02,  1.2443625615408223e-01,  1.3712685448157428e-02,  9.6528243716249948e-02,  8.7190890283574907e-02,  1.8226136933368839e-01,  2.0263540015219041e-02
    89,  3.1914e+03,  1.2296871606571123e-01, -9.5730501250793368e-02,  1.2443625615408223e-01,  1.3712685448157428e-02,  9.6528243716249948e-02,  8.7190890283574907e-02,  1.8207929004364473e-01,  2.0283803555234261e-02
    90,  3.4591e+03,  1.2296834614261702e-01, -9.5730512834828890e-02,  1.2443616425282389e-01,  1.3712756284726136e-02,  9.6528373843699028e-02,  8.7188644320570913e-02,  1.8207950474304116e-01,  2.0265366678002692e-02
    91,  3.4591e+03,  1.2309131448875964e-01, -9.5730512834828890e-02,  1.2443616425282389e-01,  1.3712756284726136e-02,  9.6528373843699028e-02,  8.7188644320570913e-02,  1.8207950474304116e-01,  2.0265366678002692e-02
    92,  3.4591e+03,  1.2296834614261702e-01, -9.5634782321994058e-02,  1.2443616425282389e-01,  1.3712756284726136e-02,  9.6528373843699028e-02,  8.7188644320570913e-02,  1.8207950474304116e-01,  2.0265366678002692e-02
    93,  3.4591e+03,  1.2296834614261702e-01, -9.5730512834828890e-02,  1.2456060041707671e-01,  1.3712756284726136e-02,  9.6528373843699028e-02,  8.7188644320570913e-02,  1.8207950474304116e-01,  2.0265366678002692e-02
    94,  3.4591e+03,  1.2296834614261702e-01, -9.5730512834828890e-02,  1.2443616425282389e-01,  1.3726469041010863e-02,  9.6528373843699028e-02,  8.7188644320570913e-02,  1.8207950474304116e-01,  2.0265366678002692e-02
    95,  3.4591e+03,  1.2296834614261702e-01, -9.5730512834828890e-02,  1.2443616425282389e-01,  1.3712756284726136e-02,  9.6624902217542732e-02,  8.7188644320570913e-02,  1.8207950474304116e-01,  2.0265366678002692e-02
    96,  3.4591e+03,  1.2296834614261702e-01, -9.5730512834828890e-02,  1.2443616425282389e-01,  1.3712756284726136e-02,  9.6528373843699028e-02,  8.7275832964891484e-02,  1.8207950474304116e-01,  2.0265366678002692e-02
    97,  3.4591e+03,  1.2296834614261702e-01, -9.5730512834828890e-02,  1.2443616425282389e-01,  1.3712756284726136e-02,  9.6528373843699028e-02,  8.7188644320570913e-02,  1.8226158424778421e-01,  2.0265366678002692e-02
    98,  3.4591e+03,  1.2296834614261702e-01, -9.5730512834828890e-02,  1.2443616425282389e-01,  1.3712756284726136e-02,  9.6528373843699028e-02,  8.7188644320570913e-02,  1.8207950474304116e-01,  2.0285632044680695e-02
    99,  3.7267e+03,  1.2296797972699282e-01, -9.5730527051541073e-02,  1.2443607074323404e-01,  1.3712828843705872e-02,  9.6528503212367556e-02,  8.7186393830295916e-02,  1.8207972335120456e-01,  2.0267187889972157e-02
   100,  3.7267e+03,  1.2309094770671981e-01, -9.5730527051541073e-02,  1.2443607074323404e-01,  1.3712828843705872e-02,  9.6528503212367556e-02,  8.7186393830295916e-02,  1.8207972335120456e-01,  2.0267187889972157e-02
   101,  3.7267e+03,  1.2296797972699282e-01, -9.5634796524489529e-02,  1.2443607074323404e-01,  1.3712828843705872e-02,  9.6528503212367556e-02,  8.7186393830295916e-02,  1.8207972335120456e-01,  2.0267187889972157e-02
   102,  3.7267e+03,  1.2296797972699282e-01, -9.5730527051541073e-02,  1.2456050681397728e-01,  1.3712828843705872e-02,  9.6528503212367556e-02,  8.7186393830295916e-02,  1.8207972335120456e-01,  2.0267187889972157e-02
   103,  3.7267e+03,  1.2296797972699282e-01, -9.5730527051541073e-02,  1.2443607074323404e-01,  1.3726541672549579e-02,  9.6528503212367556e-02,  8.7186393830295916e-02,  1.8207972335120456e-01,  2.0267187889972157e-02
   104,  3.7267e+03,  1.2296797972699282e-01, -9.5730527051541073e-02,  1.2443607074323404e-01,  1.3712828843705872e-02,  9.6625031715579929e-02,  8.7186393830295916e-02,  1.8207972335120456e-01,  2.0267187889972157e-02
   105,  3.7267e+03,  1.2296797972699282e-01, -9.5730527051541073e-02,  1.2443607074323404e-01,  1.3712828843705872e-02,  9.6528503212367556e-02,  8.7273580224126207e-02,  1.8207972335120456e-01,  2.0267187889972157e-02
   106,  3.7267e+03,  1.2296797972699282e-01, -9.5730527051541073e-02,  1.2443607074323404e-01,  1.3712828843705872e-02,  9.6528503212367556e-02,  8.7186393830295916e-02,  1.8226180307455578e-01,  2.0267187889972157e-02
   107,  3.7267e+03,  1.2296797972699282e-01, -9.5730527051541073e-02,  1.2443607074323404e-01,  1.3712828843705872e-02,  9.6528503212367556e-02,  8.7186393830295916e-02,  1.8207972335120456e-01,  2.0287455077862129e-02
   108,  3.9938e+03,  1.2296761619936633e-01, -9.5730543561062600e-02,  1.2443597578335204e-01,  1.3712903155964143e-02,  9.6528631860865785e-02,  8.7184139159581189e-02,  1.8207994553106896e-01,  2.0269003956523823e-02
   109,  3.9938e+03,  1.2309058381556570e-01, -9.5730543561062600e-02,  1.2443597578335204e-01,  1.3712903155964143e-02,  9.6528631860865785e-02,  8.7184139159581189e-02,  1.8207994553106896e-01,  2.0269003956523823e-02
   110,  3.9938e+03,  1.2296761619936633e-01, -9.5634813017501541e-02,  1.2443597578335204e-01,  1.3712903155964143e-02,  9.6528631860865785e-02,  8.7184139159581189e-02,  1.8207994553106896e-01,  2.0269003956523823e-02
   111,  3.9938e+03,  1.2296761619936633e-01, -9.5730543561062600e-02,  1.2456041175913539e-01,  1.3712903155964143e-02,  9.6528631860865785e-02,  8.7184139159581189e-02,  1.8207994553106896e-01,  2.0269003956523823e-02
   112,  3.9938e+03,  1.2296761619936633e-01, -9.5730543561062600e-02,  1.2443597578335204e-01,  1.3726616059120107e-02,  9.6528631860865785e-02,  8.7184139159581189e-02,  1.8207994553106896e-01,  2.0269003956523823e-02
   113,  3.9938e+03,  1.2296761619936633e-01, -9.5730543561062600e-02,  1.2443597578335204e-01,  1.3712903155964143e-02,  9.6625160492726653e-02,  8.7184139159581189e-02,  1.8207994553106896e-01,  2.0269003956523823e-02
   114,  3.9938e+03,  1.2296761619936633e-01, -9.5730543561062600e-02,  1.2443597578335204e-01,  1.3712903155964143e-02,  9.6528631860865785e-02,  8.7271323298740766e-02,  1.8207994553106896e-01,  2.0269003956523823e-02
   115,  3.9938e+03,  1.2296761619936633e-01, -9.5730543561062600e-02,  1.2443597578335204e-01,  1.3712903155964143e-02,  9.6528631860865785e-02,  8.7184139159581189e-02,  1.8226202547660003e-01,  2.0269003956523823e-02
   116,  3.9938e+03,  1.2296761619936633e-01, -9.5730543561062600e-02,  1.2443597578335204e-01,  1.3712903155964143e-02,  9.6528631860865785e-02,  8.7184139159581189e-02,  1.8207994553106896e-01,  2.0289272960480345e-02
   117,  4.2602e+03,  1.2296725512609170e-01, -9.5730562086999121e-02,  1.2443587951738683e-01,  1.3712978794691015e-02,  9.6528759817816764e-02,  8.7181880559565106e-02,  1.8208017112005109e-01,  2.0270815109138796e-02
   118,  4.2602e+03,  1.2309022238121779e-01, -9.5730562086999121e-02,  1.2443587951738683e-01,  1.3712978794691015e-02,  9.6528759817816764e-02,  8.7181880559565106e-02,  1.8208017112005109e-01,  2.0270815109138796e-02
   119,  4.2602e+03,  1.2296725512609170e-01, -9.5634831524912117e-02,  1.2443587951738683e-01,  1.3712978794691015e-02,  9.6528759817816764e-02,  8.7181880559565106e-02,  1.8208017112005109e-01,  2.0270815109138796e-02
   120,  4.2602e+03,  1.2296725512609170e-01, -9.5730562086999121e-02,  1.2456031539690421e-01,  1.3712978794691015e-02,  9.6528759817816764e-02,  8.7181880559565106e-02,  1.8208017112005109e-01,  2.0270815109138796e-02
   121,  4.2602e+03,  1.2296725512609170e-01, -9.5730562086999121e-02,  1.2443587951738683e-01,  1.3726691773485705e-02,  9.6528759817816764e-02,  8.7181880559565106e-02,  1.8208017112005109e-01,  2.0270815109138796e-02
   122,  4.2602e+03,  1.2296725512609170e-01, -9.5730562086999121e-02,  1.2443587951738683e-01,  1.3712978794691015e-02,  9.6625288577634583e-02,  8.7181880559565106e-02,  1.8208017112005109e-01,  2.0270815109138796e-02
   123,  4.2602e+03,  1.2296725512609170e-01, -9.5730562086999121e-02,  1.2443587951738683e-01,  1.3712978794691015e-02,  9.6528759817816764e-02,  8.7269062440124667e-02,  1.8208017112005109e-01,  2.0270815109138796e-02
   124,  4.2602e+03,  1.2296725512609170e-01, -9.5730562086999121e-02,  1.2443587951738683e-01,  1.3712978794691015e-02,  9.6528759817816764e-02,  8.7181880559565106e-02,  1.8226225129117116e-01,  2.0270815109138796e-02
   125,  4.2602e+03,  1.2296725512609170e-01, -9.5730562086999121e-02,  1.2443587951738683e-01,  1.3712978794691015e-02,  9.6528759817816764e-02,  8.7181880559565106e-02,  1.8208017112005109e-01,  2.0291085924247936e-02
   126,  4.5290e+03,  1.2296689674971442e-01, -9.5730586629459963e-02,  1.2443606917438844e-01,  1.3713056195871935e-02,  9.6528886893746044e-02,  8.7179621759235770e-02,  1.8208039967551443e-01,  2.0272618704206970e-02
   127,  4.5290e+03,  1.2308986364646414e-01, -9.5730586629459963e-02,  1.2443606917438844e-01,  1.3713056195871935e-02,  9.6528886893746044e-02,  8.7179621759235770e-02,  1.8208039967551443e-01,  2.0272618704206970e-02
   128,  4.5290e+03,  1.2296689674971442e-01, -9.5634856042830507e-02,  1.2443606917438844e-01,  1.3713056195871935e-02,  9.6528886893746044e-02,  8.7179621759235770e-02,  1.8208039967551443e-01,  2.0272618704206970e-02
   129,  4.5290e+03,  1.2296689674971442e-01, -9.5730586629459963e-02,  1.2456050524356284e-01,  1.3713056195871935e-02,  9.6528886893746044e-02,  8.7179621759235770e-02,  1.8208039967551443e-01,  2.0272618704206970e-02
   130,  4.5290e+03,  1.2296689674971442e-01, -9.5730586629459963e-02,  1.2443606917438844e-01,  1.3726769252067806e-02,  9.6528886893746044e-02,  8.7179621759235770e-02,  1.8208039967551443e-01,  2.0272618704206970e-02
   131,  4.5290e+03,  1.2296689674971442e-01, -9.5730586629459963e-02,  1.2443606917438844e-01,  1.3713056195871935e-02,  9.6625415780639795e-02,  8.7179621759235770e-02,  1.8208039967551443e-01,  2.0272618704206970e-02
   132,  4.5290e+03,  1.2296689674971442e-01, -9.5730586629459963e-02,  1.2443606917438844e-01,  1.3713056195871935e-02,  9.6528886893746044e-02,  8.7266801380995004e-02,  1.8208039967551443e-01,  2.0272618704206970e-02
   133,  4.5290e+03,  1.2296689674971442e-01, -9.5730586629459963e-02,  1.2443606917438844e-01,  1.3713056195871935e-02,  9.6528886893746044e-02,  8.7179621759235770e-02,  1.8226248007518994e-01,  2.0272618704206970e-02
   134,  4.5290e+03,  1.2296689674971442e-01, -9.5730586629459963e-02,  1.2443606917438844e-01,  1.3713056195871935e-02,  9.6528886893746044e-02,  8.7179621759235770e-02,  1.8208039967551443e-01,  2.0292891322911177e-02
   135,  4.7977e+03,  1.2296654096397271e-01, -9.5730406977225874e-02,  1.2443624952394779e-01,  1.3713135291671209e-02,  9.6529013099265065e-02,  8.7177362941228007e-02,  1.8208063112301665e-01,  2.0274414566554381e-02
   136,  4.7977e+03,  1.2308950750493668e-01, -9.5730406977225874e-02,  1.2443624952394779e-01,  1.3713135291671209e-02,  9.6529013099265065e-02,  8.7177362941228007e-02,  1.8208063112301665e-01,  2.0274414566554381e-02
   137,  4.7977e+03,  1.2296654096397271e-01, -9.5634676570248642e-02,  1.2443624952394779e-01,  1.3713135291671209e-02,  9.6529013099265065e-02,  8.7177362941228007e-02,  1.8208063112301665e-01,  2.0274414566554381e-02
   138,  4.7977e+03,  1.2296654096397271e-01, -9.5730406977225874e-02,  1.2456068577347174e-01,  1.3713135291671209e-02,  9.6529013099265065e-02,  8.7177362941228007e-02,  1.8208063112301665e-01,  2.0274414566554381e-02
   139,  4.7977e+03,  1.2296654096397271e-01, -9.5730406977225874e-02,  1.2443624952394779e-01,  1.3726848426962880e-02,  9.6529013099265065e-02,  8.7177362941228007e-02,  1.8208063112301665e-01,  2.0274414566554381e-02
   140,  4.7977e+03,  1.2296654096397271e-01, -9.5730406977225874e-02,  1.2443624952394779e-01,  1.3713135291671209e-02,  9.6625542112364335e-02,  8.7177362941228007e-02,  1.8208063112301665e-01,  2.0274414566554381e-02
   141,  4.7977e+03,  1.2296654096397271e-01, -9.5730406977225874e-02,  1.2443624952394779e-01,  1.3713135291671209e-02,  9.6529013099265065e-02,  8.7264540304169233e-02,  1.8208063112301665e-01,  2.0274414566554381e-02
   142,  4.7977e+03,  1.2296654096397271e-01, -9.5730406977225874e-02,  1.2443624952394779e-01,  1.3713135291671209e-02,  9.6529013099265065e-02,  8.7177362941228007e-02,  1.8226271175413966e-01,  2.0274414566554381e-02
   143,  4.7977e+03,  1.2296654096397271e-01, -9.5730406977225874e-02,  1.2443624952394779e-01,  1.3713135291671209e-02,  9.6529013099265065e-02,  8.7177362941228007e-02,  1.8208063112301665e-01,  2.0294688981120936e-02
   144,  5.0660e+03,  1.2296618660349187e-01, -9.5730294600762406e-02,  1.2443642408857401e-01,  1.3713216727036438e-02,  9.6529138802238790e-02,  8.7175097481212022e-02,  1.8208086610092469e-01,  2.0276207856097180e-02
   145,  5.0660e+03,  1.2308915279009537e-01, -9.5730294600762406e-02,  1.2443642408857401e-01,  1.3713216727036438e-02,  9.6529138802238790e-02,  8.7175097481212022e-02,  1.8208086610092469e-01,  2.0276207856097180e-02
   146,  5.0660e+03,  1.2296618660349187e-01, -9.5634564306161643e-02,  1.2443642408857401e-01,  1.3713216727036438e-02,  9.6529138802238790e-02,  8.7175097481212022e-02,  1.8208086610092469e-01,  2.0276207856097180e-02
   147,  5.0660e+03,  1.2296618660349187e-01, -9.5730294600762406e-02,  1.2456086051266259e-01,  1.3713216727036438e-02,  9.6529138802238790e-02,  8.7175097481212022e-02,  1.8208086610092469e-01,  2.0276207856097180e-02
   148,  5.0660e+03,  1.2296618660349187e-01, -9.5730294600762406e-02,  1.2443642408857401e-01,  1.3726929943763474e-02,  9.6529138802238790e-02,  8.7175097481212022e-02,  1.8208086610092469e-01,  2.0276207856097180e-02
   149,  5.0660e+03,  1.2296618660349187e-01, -9.5730294600762406e-02,  1.2443642408857401e-01,  1.3713216727036438e-02,  9.6625667941041035e-02,  8.7175097481212022e-02,  1.8208086610092469e-01,  2.0276207856097180e-02
   150,  5.0660e+03,  1.2296618660349187e-01, -9.5730294600762406e-02,  1.2443642408857401e-01,  1.3713216727036438e-02,  9.6529138802238790e-02,  8.7262272578693234e-02,  1.8208086610092469e-01,  2.0276207856097180e-02
   151,  5.0660e+03,  1.2296618660349187e-01, -9.5730294600762406e-02,  1.2443642408857401e-01,  1.3713216727036438e-02,  9.6529138802238790e-02,  8.7175097481212022e-02,  1.8226294696702561e-01,  2.0276207856097180e-02
   152,  5.0660e+03,  1.2296618660349187e-01, -9.5730294600762406e-02,  1.2443642408857401e-01,  1.3713216727036438e-02,  9.6529138802238790e-02,  8.7175097481212022e-02,  1.8208086610092469e-01,  2.0296484063953277e-02
   153,  5.3330e+03,  1.2296583386672223e-01, -9.5730185086273692e-02,  1.2443659412761610e-01,  1.3713299930329695e-02,  9.6529263873141341e-02,  8.7172828247363027e-02,  1.8208110430972893e-01,  2.0277996837798701e-02
   154,  5.3330e+03,  1.2308879970058896e-01, -9.5730185086273692e-02,  1.2443659412761610e-01,  1.3713299930329695e-02,  9.6529263873141341e-02,  8.7172828247363027e-02,  1.8208110430972893e-01,  2.0277996837798701e-02
   155,  5.3330e+03,  1.2296583386672223e-01, -9.5634454901187424e-02,  1.2443659412761610e-01,  1.3713299930329695e-02,  9.6529263873141341e-02,  8.7172828247363027e-02,  1.8208110430972893e-01,  2.0277996837798701e-02
   156,  5.3330e+03,  1.2296583386672223e-01, -9.5730185086273692e-02,  1.2456103072174371e-01,  1.3713299930329695e-02,  9.6529263873141341e-02,  8.7172828247363027e-02,  1.8208110430972893e-01,  2.0277996837798701e-02
   157,  5.3330e+03,  1.2296583386672223e-01, -9.5730185086273692e-02,  1.2443659412761610e-01,  1.3727013230260024e-02,  9.6529263873141341e-02,  8.7172828247363027e-02,  1.8208110430972893e-01,  2.0277996837798701e-02
   158,  5.3330e+03,  1.2296583386672223e-01, -9.5730185086273692e-02,  1.2443659412761610e-01,  1.3713299930329695e-02,  9.6625793137014485e-02,  8.7172828247363027e-02,  1.8208110430972893e-01,  2.0277996837798701e-02
   159,  5.3330e+03,  1.2296583386672223e-01, -9.5730185086273692e-02,  1.2443659412761610e-01,  1.3713299930329695e-02,  9.6529263873141341e-02,  8.7260001075610397e-02,  1.8208110430972893e-01,  2.0277996837798701e-02
   160,  5.3330e+03,  1.2296583386672223e-01, -9.5730185086273692e-02,  1.2443659412761610e-01,  1.3713299930329695e-02,  9.6529263873141341e-02,  8.7172828247363027e-02,  1.8226318541403866e-01,  2.0277996837798701e-02
   161,  5.3330e+03,  1.2296583386672223e-01, -9.5730185086273692e-02,  1.2443659412761610e-01,  1.3713299930329695e-02,  9.6529263873141341e-02,  8.7172828247363027e-02,  1.8208110430972893e-01,  2.0298274834636500e-02
   162,  5.5997e+03,  1.2296548262084719e-01, -9.5730078971068791e-02,  1.2443676034102269e-01,  1.3713384934296292e-02,  9.6529388326557761e-02,  8.7170555448298798e-02,  1.8208134572410453e-01,  2.0279781675286625e-02
   163,  5.5997e+03,  1.2308844810346804e-01, -9.5730078971068791e-02,  1.2443676034102269e-01,  1.3713384934296292e-02,  9.6529388326557761e-02,  8.7170555448298798e-02,  1.8208134572410453e-01,  2.0279781675286625e-02
   164,  5.5997e+03,  1.2296548262084719e-01, -9.5634348892097723e-02,  1.2443676034102269e-01,  1.3713384934296292e-02,  9.6529388326557761e-02,  8.7170555448298798e-02,  1.8208134572410453e-01,  2.0279781675286625e-02
   165,  5.5997e+03,  1.2296548262084719e-01, -9.5730078971068791e-02,  1.2456119710136371e-01,  1.3713384934296292e-02,  9.6529388326557761e-02,  8.7170555448298798e-02,  1.8208134572410453e-01,  2.0279781675286625e-02
   166,  5.5997e+03,  1.2296548262084719e-01, -9.5730078971068791e-02,  1.2443676034102269e-01,  1.3727098319230588e-02,  9.6529388326557761e-02,  8.7170555448298798e-02,  1.8208134572410453e-01,  2.0279781675286625e-02
   167,  5.5997e+03,  1.2296548262084719e-01, -9.5730078971068791e-02,  1.2443676034102269e-01,  1.3713384934296292e-02,  9.6625917714884324e-02,  8.7170555448298798e-02,  1.8208134572410453e-01,  2.0279781675286625e-02
   168,  5.5997e+03,  1.2296548262084719e-01, -9.5730078971068791e-02,  1.2443676034102269e-01,  1.3713384934296292e-02,  9.6529388326557761e-02,  8.7257726003747094e-02,  1.8208134572410453e-01,  2.0279781675286625e-02
   169,  5.5997e+03,  1.2296548262084719e-01, -9.5730078971068791e-02,  1.2443676034102269e-01,  1.3713384934296292e-02,  9.6529388326557761e-02,  8.7170555448298798e-02,  1.8226342706982865e-01,  2.0279781675286625e-02
   170,  5.5997e+03,  1.2296548262084719e-01, -9.5730078971068791e-02,  1.2443676034102269e-01,  1.3713384934296292e-02,  9.6529388326557761e-02,  8.7170555448298798e-02,  1.8208134572410453e-01,  2.0300061456961910e-02
   171,  5.8679e+03,  1.2296513250923208e-01, -9.5729975952376409e-02,  1.2443688246996841e-01,  1.3713471817069453e-02,  9.6529512258775430e-02,  8.7168277754075374e-02,  1.8208159050209102e-01,  2.0281563723307371e-02
   172,  5.8679e+03,  1.2308809764174131e-01, -9.5729975952376409e-02,  1.2443688246996841e-01,  1.3713471817069453e-02,  9.6529512258775430e-02,  8.7168277754075374e-02,  1.8208159050209102e-01,  2.0281563723307371e-02
   173,  5.8679e+03,  1.2296513250923208e-01, -9.5634245976424032e-02,  1.2443688246996841e-01,  1.3713471817069453e-02,  9.6529512258775430e-02,  8.7168277754075374e-02,  1.8208159050209102e-01,  2.0281563723307371e-02
   174,  5.8679e+03,  1.2296513250923208e-01, -9.5729975952376409e-02,  1.2456131935243837e-01,  1.3713471817069453e-02,  9.6529512258775430e-02,  8.7168277754075374e-02,  1.8208159050209102e-01,  2.0281563723307371e-02
   175,  5.8679e+03,  1.2296513250923208e-01, -9.5729975952376409e-02,  1.2443688246996841e-01,  1.3727185288886523e-02,  9.6529512258775430e-02,  8.7168277754075374e-02,  1.8208159050209102e-01,  2.0281563723307371e-02
   176,  5.8679e+03,  1.2296513250923208e-01, -9.5729975952376409e-02,  1.2443688246996841e-01,  1.3713471817069453e-02,  9.6626041771034205e-02,  8.7168277754075374e-02,  1.8208159050209102e-01,  2.0281563723307371e-02
   177,  5.8679e+03,  1.2296513250923208e-01, -9.5729975952376409e-02,  1.2443688246996841e-01,  1.3713471817069453e-02,  9.6529512258775430e-02,  8.7255446031829456e-02,  1.8208159050209102e-01,  2.0281563723307371e-02
   178,  5.8679e+03,  1.2296513250923208e-01, -9.5729975952376409e-02,  1.2443688246996841e-01,  1.3713471817069453e-02,  9.6529512258775430e-02,  8.7168277754075374e-02,  1.8226367209259312e-01,  2.0281563723307371e-02
   179,  5.8679e+03,  1.2296513250923208e-01, -9.5729975952376409e-02,  1.2443688246996841e-01,  1.3713471817069453e-02,  9.6529512258775430e-02,  8.7168277754075374e-02,  1.8208159050209102e-01,  2.0301845287030679e-02
   180,  6.1358e+03,  1.2296492804453067e-01, -9.5729920605458763e-02,  1.2443695283479425e-01,  1.3713523828797090e-02,  9.6529584592408763e-02,  8.7166940369205706e-02,  1.8208173589907500e-01,  2.0284157373326086e-02
   181,  6.1358e+03,  1.2308789297257521e-01, -9.5729920605458763e-02,  1.2443695283479425e-01,  1.3713523828797090e-02,  9.6529584592408763e-02,  8.7166940369205706e-02,  1.8208173589907500e-01,  2.0284157373326086e-02
   182,  6.1358e+03,  1.2296492804453067e-01, -9.5634190684853307e-02,  1.2443695283479425e-01,  1.3713523828797090e-02,  9.6529584592408763e-02,  8.7166940369205706e-02,  1.8208173589907500e-01,  2.0284157373326086e-02
   183,  6.1358e+03,  1.2296492804453067e-01, -9.5729920605458763e-02,  1.2456138978762904e-01,  1.3713523828797090e-02,  9.6529584592408763e-02,  8.7166940369205706e-02,  1.8208173589907500e-01,  2.0284157373326086e-02
   184,  6.1358e+03,  1.2296492804453067e-01, -9.5729920605458763e-02,  1.2443695283479425e-01,  1.3727237352625887e-02,  9.6529584592408763e-02,  8.7166940369205706e-02,  1.8208173589907500e-01,  2.0284157373326086e-02
   185,  6.1358e+03,  1.2296492804453067e-01, -9.5729920605458763e-02,  1.2443695283479425e-01,  1.3713523828797090e-02,  9.6626114177001177e-02,  8.7166940369205706e-02,  1.8208173589907500e-01,  2.0284157373326086e-02
   186,  6.1358e+03,  1.2296492804453067e-01, -9.5729920605458763e-02,  1.2443695283479425e-01,  1.3713523828797090e-02,  9.6529584592408763e-02,  8.7254107309574905e-02,  1.8208173589907500e-01,  2.0284157373326086e-02
   187,  6.1358e+03,  1.2296492804453067e-01, -9.5729920605458763e-02,  1.2443695283479425e-01,  1.3713523828797090e-02,  9.6529584592408763e-02,  8.7166940369205706e-02,  1.8226381763497407e-01,  2.0284157373326086e-02
   188,  6.1358e+03,  1.2296492804453067e-01, -9.5729920605458763e-02,  1.2443695283479425e-01,  1.3713523828797090e-02,  9.6529584592408763e-02,  8.7166940369205706e-02,  1.8208173589907500e-01,  2.0304441530699411e-02
   189,  6.4026e+03,  1.2296472392448486e-01, -9.5729869525731037e-02,  1.2443702166779710e-01,  1.3713577468538421e-02,  9.6529656708381706e-02,  8.7165597213016588e-02,  1.8208188361180397e-01,  2.0286748037144985e-02
   190,  6.4026e+03,  1.2308768864840934e-01, -9.5729869525731037e-02,  1.2443702166779710e-01,  1.3713577468538421e-02,  9.6529656708381706e-02,  8.7165597213016588e-02,  1.8208188361180397e-01,  2.0286748037144985e-02
   191,  6.4026e+03,  1.2296472392448486e-01, -9.5634139656205305e-02,  1.2443702166779710e-01,  1.3713577468538421e-02,  9.6529656708381706e-02,  8.7165597213016588e-02,  1.8208188361180397e-01,  2.0286748037144985e-02
   192,  6.4026e+03,  1.2296472392448486e-01, -9.5729869525731037e-02,  1.2456145868946490e-01,  1.3713577468538421e-02,  9.6529656708381706e-02,  8.7165597213016588e-02,  1.8208188361180397e-01,  2.0286748037144985e-02
   193,  6.4026e+03,  1.2296472392448486e-01, -9.5729869525731037e-02,  1.2443702166779710e-01,  1.3727291046006959e-02,  9.6529656708381706e-02,  8.7165597213016588e-02,  1.8208188361180397e-01,  2.0286748037144985e-02
   194,  6.4026e+03,  1.2296472392448486e-01, -9.5729869525731037e-02,  1.2443702166779710e-01,  1.3713577468538421e-02,  9.6626186365090086e-02,  8.7165597213016588e-02,  1.8208188361180397e-01,  2.0286748037144985e-02
   195,  6.4026e+03,  1.2296472392448486e-01, -9.5729869525731037e-02,  1.2443702166779710e-01,  1.3713577468538421e-02,  9.6529656708381706e-02,  8.7252762810229603e-02,  1.8208188361180397e-01,  2.0286748037144985e-02
   196,  6.4026e+03,  1.2296472392448486e-01, -9.5729869525731037e-02,  1.2443702166779710e-01,  1.3713577468538421e-02,  9.6529656708381706e-02,  8.7165597213016588e-02,  1.8226396549541576e-01,  2.0286748037144985e-02
   197,  6.4026e+03,  1.2296472392448486e-01, -9.5729869525731037e-02,  1.2443702166779710e-01,  1.3713577468538421e-02,  9.6529656708381706e-02,  8.7165597213016588e-02,  1.8208188361180397e-01,  2.0307034785182129e-02
   198,  6.6685e+03,  1.2296456558764031e-01, -9.5729831815289212e-02,  1.2443707402858566e-01,  1.3715421235160896e-02,  9.6529618060912079e-02,  8.7164549547269793e-02,  1.8208200012856152e-01,  2.0288761276755114e-02
   199,  6.6685e+03,  1.2308753015322794e-01, -9.5729831815289212e-02,  1.2443707402858566e-01,  1.3715421235160896e-02,  9.6529618060912079e-02,  8.7164549547269793e-02,  1.8208200012856152e-01,  2.0288761276755114e-02
   200,  6.6685e+03,  1.2296456558764031e-01, -9.5634101983473926e-02,  1.2443707402858566e-01,  1.3715421235160896e-02,  9.6529618060912079e-02,  8.7164549547269793e-02,  1.8208200012856152e-01,  2.0288761276755114e-02
   201,  6.6685e+03,  1.2296456558764031e-01, -9.5729831815289212e-02,  1.2456151110261424e-01,  1.3715421235160896e-02,  9.6529618060912079e-02,  8.7164549547269793e-02,  1.8208200012856152e-01,  2.0288761276755114e-02
   202,  6.6685e+03,  1.2296456558764031e-01, -9.5729831815289212e-02,  1.2443707402858566e-01,  1.3729136656396057e-02,  9.6529618060912079e-02,  8.7164549547269793e-02,  1.8208200012856152e-01,  2.0288761276755114e-02
   203,  6.6685e+03,  1.2296456558764031e-01, -9.5729831815289212e-02,  1.2443707402858566e-01,  1.3715421235160896e-02,  9.6626147678972985e-02,  8.7164549547269793e-02,  1.8208200012856152e-01,  2.0288761276755114e-02
   204,  6.6685e+03,  1.2296456558764031e-01, -9.5729831815289212e-02,  1.2443707402858566e-01,  1.3715421235160896e-02,  9.6529618060912079e-02,  8.7251714096817062e-02,  1.8208200012856152e-01,  2.0288761276755114e-02
   205,  6.6685e+03,  1.2296456558764031e-01, -9.5729831815289212e-02,  1.2443707402858566e-01,  1.3715421235160896e-02,  9.6529618060912079e-02,  8.7164549547269793e-02,  1.8226408212869008e-01,  2.0288761276755114e-02
   206,  6.6685e+03,  1.2296456558764031e-01, -9.5729831815289212e-02,  1.2443707402858566e-01,  1.3715421235160896e-02,  9.6529618060912079e-02,  8.7164549547269793e-02,  1.8208200012856152e-01,  2.0309050038031868e-02
   207,  6.9361e+03,  1.2296452987917014e-01, -9.5729823742342873e-02,  1.2443708551507256e-01,  1.3715835019327766e-02,  9.6529609365197125e-02,  8.7164312590785914e-02,  1.8208202651389330e-01,  2.0289315846473029e-02
   208,  6.9361e+03,  1.2308749440904931e-01, -9.5729823742342873e-02,  1.2443708551507256e-01,  1.3715835019327766e-02,  9.6529609365197125e-02,  8.7164312590785914e-02,  1.8208202651389330e-01,  2.0289315846473029e-02
   209,  6.9361e+03,  1.2296452987917014e-01, -9.5634093918600532e-02,  1.2443708551507256e-01,  1.3715835019327766e-02,  9.6529609365197125e-02,  8.7164312590785914e-02,  1.8208202651389330e-01,  2.0289315846473029e-02
   210,  6.9361e+03,  1.2296452987917014e-01, -9.5729823742342873e-02,  1.2456152260058763e-01,  1.3715835019327766e-02,  9.6529609365197125e-02,  8.7164312590785914e-02,  1.8208202651389330e-01,  2.0289315846473029e-02
   211,  6.9361e+03,  1.2296452987917014e-01, -9.5729823742342873e-02,  1.2443708551507256e-01,  1.3729550854347093e-02,  9.6529609365197125e-02,  8.7164312590785914e-02,  1.8208202651389330e-01,  2.0289315846473029e-02
   212,  6.9361e+03,  1.2296452987917014e-01, -9.5729823742342873e-02,  1.2443708551507256e-01,  1.3715835019327766e-02,  9.6626138974562320e-02,  8.7164312590785914e-02,  1.8208202651389330e-01,  2.0289315846473029e-02
   213,  6.9361e+03,  1.2296452987917014e-01, -9.5729823742342873e-02,  1.2443708551507256e-01,  1.3715835019327766e-02,  9.6529609365197125e-02,  8.7251476903376701e-02,  1.8208202651389330e-01,  2.0289315846473029e-02
   214,  6.9361e+03,  1.2296452987917014e-01, -9.5729823742342873e-02,  1.2443708551507256e-01,  1.3715835019327766e-02,  9.6529609365197125e-02,  8.7164312590785914e-02,  1.8226410854040720e-01,  2.0289315846473029e-02
   215,  6.9361e+03,  1.2296452987917014e-01, -9.5729823742342873e-02,  1.2443708551507256e-01,  1.3715835019327766e-02,  9.6529609365197125e-02,  8.7164312590785914e-02,  1.8208202651389330e-01,  2.0309605162319503e-02
   216,  7.2034e+03,  1.2296425101400386e-01, -9.5729997268072450e-02,  1.2443697012696753e-01,  1.3715851628797862e-02,  9.6529380421260205e-02,  8.7163278804715000e-02,  1.8208201150985762e-01,  2.0290267585844304e-02
   217,  7.2034e+03,  1.2308721526501787e-01, -9.5729997268072450e-02,  1.2443697012696753e-01,  1.3715851628797862e-02,  9.6529380421260205e-02,  8.7163278804715000e-02,  1.8208201150985762e-01,  2.0290267585844304e-02
   218,  7.2034e+03,  1.2296425101400386e-01, -9.5634267270804374e-02,  1.2443697012696753e-01,  1.3715851628797862e-02,  9.6529380421260205e-02,  8.7163278804715000e-02,  1.8208201150985762e-01,  2.0290267585844304e-02
   219,  7.2034e+03,  1.2296425101400386e-01, -9.5729997268072450e-02,  1.2456140709709450e-01,  1.3715851628797862e-02,  9.6529380421260205e-02,  8.7163278804715000e-02,  1.8208201150985762e-01,  2.0290267585844304e-02
   220,  7.2034e+03,  1.2296425101400386e-01, -9.5729997268072450e-02,  1.2443697012696753e-01,  1.3729567480426660e-02,  9.6529380421260205e-02,  8.7163278804715000e-02,  1.8208201150985762e-01,  2.0290267585844304e-02
   221,  7.2034e+03,  1.2296425101400386e-01, -9.5729997268072450e-02,  1.2443697012696753e-01,  1.3715851628797862e-02,  9.6625909801681467e-02,  8.7163278804715000e-02,  1.8208201150985762e-01,  2.0290267585844304e-02
   222,  7.2034e+03,  1.2296425101400386e-01, -9.5729997268072450e-02,  1.2443697012696753e-01,  1.3715851628797862e-02,  9.6529380421260205e-02,  8.7250442083519716e-02,  1.8208201150985762e-01,  2.0290267585844304e-02
   223,  7.2034e+03,  1.2296425101400386e-01, -9.5729997268072450e-02,  1.2443697012696753e-01,  1.3715851628797862e-02,  9.6529380421260205e-02,  8.7163278804715000e-02,  1.8226409352136747e-01,  2.0290267585844304e-02
   224,  7.2034e+03,  1.2296425101400386e-01, -9.5729997268072450e-02,  1.2443697012696753e-01,  1.3715851628797862e-02,  9.6529380421260205e-02,  8.7163278804715000e-02,  1.8208201150985762e-01,  2.0310557853430149e-02
   225,  7.4698e+03,  1.2296418140665724e-01, -9.5730040574034961e-02,  1.2443694135109815e-01,  1.3715856803370268e-02,  9.6529323307060322e-02,  8.7163020123295437e-02,  1.8208200799215832e-01,  2.0290505332398772e-02
   226,  7.4698e+03,  1.2308714558806390e-01, -9.5730040574034961e-02,  1.2443694135109815e-01,  1.3715856803370268e-02,  9.6529323307060322e-02,  8.7163020123295437e-02,  1.8208200799215832e-01,  2.0290505332398772e-02
   227,  7.4698e+03,  1.2296418140665724e-01, -9.5634310533460928e-02,  1.2443694135109815e-01,  1.3715856803370268e-02,  9.6529323307060322e-02,  8.7163020123295437e-02,  1.8208200799215832e-01,  2.0290505332398772e-02
   228,  7.4698e+03,  1.2296418140665724e-01, -9.5730040574034961e-02,  1.2456137829244925e-01,  1.3715856803370268e-02,  9.6529323307060322e-02,  8.7163020123295437e-02,  1.8208200799215832e-01,  2.0290505332398772e-02
   229,  7.4698e+03,  1.2296418140665724e-01, -9.5730040574034961e-02,  1.2443694135109815e-01,  1.3729572660173639e-02,  9.6529323307060322e-02,  8.7163020123295437e-02,  1.8208200799215832e-01,  2.0290505332398772e-02
   230,  7.4698e+03,  1.2296418140665724e-01, -9.5730040574034961e-02,  1.2443694135109815e-01,  1.3715856803370268e-02,  9.6625852630367381e-02,  8.7163020123295437e-02,  1.8208200799215832e-01,  2.0290505332398772e-02
   231,  7.4698e+03,  1.2296418140665724e-01, -9.5730040574034961e-02,  1.2443694135109815e-01,  1.3715856803370268e-02,  9.6529323307060322e-02,  8.7250183143418730e-02,  1.8208200799215832e-01,  2.0290505332398772e-02
   232,  7.4698e+03,  1.2296418140665724e-01, -9.5730040574034961e-02,  1.2443694135109815e-01,  1.3715856803370268e-02,  9.6529323307060322e-02,  8.7163020123295437e-02,  1.8226409000015048e-01,  2.0290505332398772e-02
   233,  7.4698e+03,  1.2296418140665724e-01, -9.5730040574034961e-02,  1.2443694135109815e-01,  1.3715856803370268e-02,  9.6529323307060322e-02,  8.7163020123295437e-02,  1.8208200799215832e-01,  2.0310795837731172e-02
   234,  7.7385e+03,  1.2296416400799182e-01, -9.5730051398771443e-02,  1.2443693415724677e-01,  1.3715858135313532e-02,  9.6529309032197544e-02,  8.7162955434898270e-02,  1.8208200712511804e-01,  2.0290564750884484e-02
   235,  7.7385e+03,  1.2308712817199981e-01, -9.5730051398771443e-02,  1.2443693415724677e-01,  1.3715858135313532e-02,  9.6529309032197544e-02,  8.7162955434898270e-02,  1.8208200712511804e-01,  2.0290564750884484e-02
   236,  7.7385e+03,  1.2296416400799182e-01, -9.5634321347372667e-02,  1.2443693415724677e-01,  1.3715858135313532e-02,  9.6529309032197544e-02,  8.7162955434898270e-02,  1.8208200712511804e-01,  2.0290564750884484e-02
   237,  7.7385e+03,  1.2296416400799182e-01, -9.5730051398771443e-02,  1.2456137109140401e-01,  1.3715858135313532e-02,  9.6529309032197544e-02,  8.7162955434898270e-02,  1.8208200712511804e-01,  2.0290564750884484e-02
   238,  7.7385e+03,  1.2296416400799182e-01, -9.5730051398771443e-02,  1.2443693415724677e-01,  1.3729573993448846e-02,  9.6529309032197544e-02,  8.7162955434898270e-02,  1.8208200712511804e-01,  2.0290564750884484e-02
   239,  7.7385e+03,  1.2296416400799182e-01, -9.5730051398771443e-02,  1.2443693415724677e-01,  1.3715858135313532e-02,  9.6625838341229744e-02,  8.7162955434898270e-02,  1.8208200712511804e-01,  2.0290564750884484e-02
   240,  7.7385e+03,  1.2296416400799182e-01, -9.5730051398771443e-02,  1.2443693415724677e-01,  1.3715858135313532e-02,  9.6529309032197544e-02,  8.7250118390333170e-02,  1.8208200712511804e-01,  2.0290564750884484e-02
   241,  7.7385e+03,  1.2296416400799182e-01, -9.5730051398771443e-02,  1.2443693415724677e-01,  1.3715858135313532e-02,  9.6529309032197544e-02,  8.7162955434898270e-02,  1.8226408913224315e-01,  2.0290564750884484e-02
   242,  7.7385e+03,  1.2296416400799182e-01, -9.5730051398771443e-02,  1.2443693415724677e-01,  1.3715858135313532e-02,  9.6529309032197544e-02,  8.7162955434898270e-02,  1.8208200712511804e-01,  2.0310855315635368e-02
   243,  8.0067e+03,  1.2296415965851931e-01, -9.5730054104856535e-02,  1.2443693235885531e-01,  1.3715858470580006e-02,  9.6529305463681978e-02,  8.7162939261680825e-02,  1.8208200690912194e-01,  2.0290579604379862e-02
   244,  8.0067e+03,  1.2308712381817784e-01, -9.5730054104856535e-02,  1.2443693235885531e-01,  1.3715858470580006e-02,  9.6529305463681978e-02,  8.7162939261680825e-02,  1.8208200690912194e-01,  2.0290579604379862e-02
   245,  8.0067e+03,  1.2296415965851931e-01, -9.5634324050751673e-02,  1.2443693235885531e-01,  1.3715858470580006e-02,  9.6529305463681978e-02,  8.7162939261680825e-02,  1.8208200690912194e-01,  2.0290579604379862e-02
   246,  8.0067e+03,  1.2296415965851931e-01, -9.5730054104856535e-02,  1.2456136929121416e-01,  1.3715858470580006e-02,  9.6529305463681978e-02,  8.7162939261680825e-02,  1.8208200690912194e-01,  2.0290579604379862e-02
   247,  8.0067e+03,  1.2296415965851931e-01, -9.5730054104856535e-02,  1.2443693235885531e-01,  1.3729574329050587e-02,  9.6529305463681978e-02,  8.7162939261680825e-02,  1.8208200690912194e-01,  2.0290579604379862e-02
   248,  8.0067e+03,  1.2296415965851931e-01, -9.5730054104856535e-02,  1.2443693235885531e-01,  1.3715858470580006e-02,  9.6625834769145658e-02,  8.7162939261680825e-02,  1.8208200690912194e-01,  2.0290579604379862e-02
   249,  8.0067e+03,  1.2296415965851931e-01, -9.5730054104856535e-02,  1.2443693235885531e-01,  1.3715858470580006e-02,  9.6529305463681978e-02,  8.7250102200942509e-02,  1.8208200690912194e-01,  2.0290579604379862e-02
   250,  8.0067e+03,  1.2296415965851931e-01, -9.5730054104856535e-02,  1.2443693235885531e-01,  1.3715858470580006e-02,  9.6529305463681978e-02,  8.7162939261680825e-02,  1.8226408891603105e-01,  2.0290579604379862e-02
   251,  8.0067e+03,  1.2296415965851931e-01, -9.5730054104856535e-02,  1.2443693235885531e-01,  1.3715858470580006e-02,  9.6529305463681978e-02,  8.7162939261680825e-02,  1.8208200690912194e-01,  2.0310870183984243e-02
   252,  8.2754e+03,  1.2296415857116420e-01, -9.5730054781370574e-02,  1.2443693190926382e-01,  1.3715858554550809e-02,  9.6529304571566429e-02,  8.7162935218311213e-02,  1.8208200685517187e-01,  2.0290583317688987e-02
   253,  8.2754e+03,  1.2308712272973536e-01, -9.5730054781370574e-02,  1.2443693190926382e-01,  1.3715858554550809e-02,  9.6529304571566429e-02,  8.7162935218311213e-02,  1.8208200685517187e-01,  2.0290583317688987e-02
   254,  8.2754e+03,  1.2296415857116420e-01, -9.5634324726589198e-02,  1.2443693190926382e-01,  1.3715858554550809e-02,  9.6529304571566429e-02,  8.7162935218311213e-02,  1.8208200685517187e-01,  2.0290583317688987e-02
   255,  8.2754e+03,  1.2296415857116420e-01, -9.5730054781370574e-02,  1.2456136884117308e-01,  1.3715858554550809e-02,  9.6529304571566429e-02,  8.7162935218311213e-02,  1.8208200685517187e-01,  2.0290583317688987e-02
   256,  8.2754e+03,  1.2296415857116420e-01, -9.5730054781370574e-02,  1.2443693190926382e-01,  1.3729574413105360e-02,  9.6529304571566429e-02,  8.7162935218311213e-02,  1.8208200685517187e-01,  2.0290583317688987e-02
   257,  8.2754e+03,  1.2296415857116420e-01, -9.5730054781370574e-02,  1.2443693190926382e-01,  1.3715858554550809e-02,  9.6625833876137990e-02,  8.7162935218311213e-02,  1.8208200685517187e-01,  2.0290583317688987e-02
   258,  8.2754e+03,  1.2296415857116420e-01, -9.5730054781370574e-02,  1.2443693190926382e-01,  1.3715858554550809e-02,  9.6529304571566429e-02,  8.7250098153529521e-02,  1.8208200685517187e-01,  2.0290583317688987e-02
   259,  8.2754e+03,  1.2296415857116420e-01, -9.5730054781370574e-02,  1.2443693190926382e-01,  1.3715858554550809e-02,  9.6529304571566429e-02,  8.7162935218311213e-02,  1.8226408886202705e-01,  2.0290583317688987e-02
   260,  8.2754e+03,  1.2296415857116420e-01, -9.5730054781370574e-02,  1.2443693190926382e-01,  1.3715858554550809e-02,  9.6529304571566429e-02,  8.7162935218311213e-02,  1.8208200685517187e-01,  2.0310873901006676e-02
   261,  8.5422e+03,  1.2296415829932607e-01, -9.5730054950498744e-02,  1.2443693179686581e-01,  1.3715858575553148e-02,  9.6529304348537848e-02,  8.7162934207462878e-02,  1.8208200684168771e-01,  2.0290584246009949e-02
   262,  8.5422e+03,  1.2308712245762539e-01, -9.5730054950498744e-02,  1.2443693179686581e-01,  1.3715858575553148e-02,  9.6529304348537848e-02,  8.7162934207462878e-02,  1.8208200684168771e-01,  2.0290584246009949e-02
   263,  8.5422e+03,  1.2296415829932607e-01, -9.5634324895548239e-02,  1.2443693179686581e-01,  1.3715858575553148e-02,  9.6529304348537848e-02,  8.7162934207462878e-02,  1.8208200684168771e-01,  2.0290584246009949e-02
   264,  8.5422e+03,  1.2296415829932607e-01, -9.5730054950498744e-02,  1.2456136872866268e-01,  1.3715858575553148e-02,  9.6529304348537848e-02,  8.7162934207462878e-02,  1.8208200684168771e-01,  2.0290584246009949e-02
   265,  8.5422e+03,  1.2296415829932607e-01, -9.5730054950498744e-02,  1.2443693179686581e-01,  1.3729574434128701e-02,  9.6529304348537848e-02,  8.7162934207462878e-02,  1.8208200684168771e-01,  2.0290584246009949e-02
   266,  8.5422e+03,  1.2296415829932607e-01, -9.5730054950498744e-02,  1.2443693179686581e-01,  1.3715858575553148e-02,  9.6625833652886392e-02,  8.7162934207462878e-02,  1.8208200684168771e-01,  2.0290584246009949e-02
   267,  8.5422e+03,  1.2296415829932607e-01, -9.5730054950498744e-02,  1.2443693179686581e-01,  1.3715858575553148e-02,  9.6529304348537848e-02,  8.7250097141670341e-02,  1.8208200684168771e-01,  2.0290584246009949e-02
   268,  8.5422e+03,  1.2296415829932607e-01, -9.5730054950498744e-02,  1.2443693179686581e-01,  1.3715858575553148e-02,  9.6529304348537848e-02,  8.7162934207462878e-02,  1.8226408884852940e-01,  2.0290584246009949e-02
   269,  8.5422e+03,  1.2296415829932607e-01, -9.5730054950498744e-02,  1.2443693179686581e-01,  1.3715858575553148e-02,  9.6529304348537848e-02,  8.7162934207462878e-02,  1.8208200684168771e-01,  2.0310874830255957e-02
