Problem type:
least_squares
nparams:
8
function_evaluation,seconds,x(0),x(1),x(2),x(3),x(4),x(5),x(6),x(7)
     0,  4.8974e+00,  1.3125987746464629e-01, -7.2464486111265256e-02,  1.5687387632976421e-01,  3.6007009138270501e-03,  1.1319857187526060e-01,  6.7572736109820092e-02,  1.5929477614388710e-01,  5.0289090551820306e-03
     1,  4.8975e+00,  1.3126119006342093e-01, -7.2464486111265256e-02,  1.5687387632976421e-01,  3.6007009138270501e-03,  1.1319857187526060e-01,  6.7572736109820092e-02,  1.5929477614388710e-01,  5.0289090551820306e-03
     2,  4.8975e+00,  1.3125987746464629e-01, -7.2463761466404139e-02,  1.5687387632976421e-01,  3.6007009138270501e-03,  1.1319857187526060e-01,  6.7572736109820092e-02,  1.5929477614388710e-01,  5.0289090551820306e-03
     3,  4.8975e+00,  1.3125987746464629e-01, -7.2464486111265256e-02,  1.5687544506852752e-01,  3.6007009138270501e-03,  1.1319857187526060e-01,  6.7572736109820092e-02,  1.5929477614388710e-01,  5.0289090551820306e-03
     4,  4.8976e+00,  1.3125987746464629e-01, -7.2464486111265256e-02,  1.5687387632976421e-01,  3.6008009138270500e-03,  1.1319857187526060e-01,  6.7572736109820092e-02,  1.5929477614388710e-01,  5.0289090551820306e-03
     5,  4.8976e+00,  1.3125987746464629e-01, -7.2464486111265256e-02,  1.5687387632976421e-01,  3.6007009138270501e-03,  1.1319970386097936e-01,  6.7572736109820092e-02,  1.5929477614388710e-01,  5.0289090551820306e-03
     6,  4.8976e+00,  1.3125987746464629e-01, -7.2464486111265256e-02,  1.5687387632976421e-01,  3.6007009138270501e-03,  1.1319857187526060e-01,  6.7573411837181185e-02,  1.5929477614388710e-01,  5.0289090551820306e-03
     7,  4.8976e+00,  1.3125987746464629e-01, -7.2464486111265256e-02,  1.5687387632976421e-01,  3.6007009138270501e-03,  1.1319857187526060e-01,  6.7572736109820092e-02,  1.5929636909164854e-01,  5.0289090551820306e-03
     8,  4.8977e+00,  1.3125987746464629e-01, -7.2464486111265256e-02,  1.5687387632976421e-01,  3.6007009138270501e-03,  1.1319857187526060e-01,  6.7572736109820092e-02,  1.5929477614388710e-01,  5.0290090551820309e-03
     9,  8.6892e+00,  1.3999523555034235e-01, -5.0883725544694607e-02,  1.4385525352180897e-01,  2.0721012474103498e-04,  1.3982083095146808e-01,  5.2005783837841338e-02,  1.5657455400840198e-01, -4.4790387467793374e-05
    10,  8.6893e+00,  1.3999663550269786e-01, -5.0883725544694607e-02,  1.4385525352180897e-01,  2.0721012474103498e-04,  1.3982083095146808e-01,  5.2005783837841338e-02,  1.5657455400840198e-01, -4.4790387467793374e-05
    11,  8.6893e+00,  1.3999523555034235e-01, -5.0883216707439158e-02,  1.4385525352180897e-01,  2.0721012474103498e-04,  1.3982083095146808e-01,  5.2005783837841338e-02,  1.5657455400840198e-01, -4.4790387467793374e-05
    12,  8.6894e+00,  1.3999523555034235e-01, -5.0883725544694607e-02,  1.4385669207434418e-01,  2.0721012474103498e-04,  1.3982083095146808e-01,  5.2005783837841338e-02,  1.5657455400840198e-01, -4.4790387467793374e-05
    13,  8.6894e+00,  1.3999523555034235e-01, -5.0883725544694607e-02,  1.4385525352180897e-01,  2.0731012474103498e-04,  1.3982083095146808e-01,  5.2005783837841338e-02,  1.5657455400840198e-01, -4.4790387467793374e-05
    14,  8.6894e+00,  1.3999523555034235e-01, -5.0883725544694607e-02,  1.4385525352180897e-01,  2.0721012474103498e-04,  1.3982222915977760e-01,  5.2005783837841338e-02,  1.5657455400840198e-01, -4.4790387467793374e-05
    15,  8.6894e+00,  1.3999523555034235e-01, -5.0883725544694607e-02,  1.4385525352180897e-01,  2.0721012474103498e-04,  1.3982083095146808e-01,  5.2006303895679715e-02,  1.5657455400840198e-01, -4.4790387467793374e-05
    16,  8.6895e+00,  1.3999523555034235e-01, -5.0883725544694607e-02,  1.4385525352180897e-01,  2.0721012474103498e-04,  1.3982083095146808e-01,  5.2005783837841338e-02,  1.5657611975394206e-01, -4.4790387467793374e-05
    17,  8.6895e+00,  1.3999523555034235e-01, -5.0883725544694607e-02,  1.4385525352180897e-01,  2.0721012474103498e-04,  1.3982083095146808e-01,  5.2005783837841338e-02,  1.5657455400840198e-01, -4.4690387467793372e-05
    18,  1.2745e+01,  1.1649889117317473e-01, -6.0341370264620164e-02,  1.4773338346344281e-01, -7.6832829452221042e-04,  1.1329517060920058e-01,  6.5063917142942934e-02,  1.6266692964329071e-01, -8.8144017525096808e-04
    19,  1.2745e+01,  1.1650005616208646e-01, -6.0341370264620164e-02,  1.4773338346344281e-01, -7.6832829452221042e-04,  1.1329517060920058e-01,  6.5063917142942934e-02,  1.6266692964329071e-01, -8.8144017525096808e-04
    20,  1.2745e+01,  1.1649889117317473e-01, -6.0340766850917521e-02,  1.4773338346344281e-01, -7.6832829452221042e-04,  1.1329517060920058e-01,  6.5063917142942934e-02,  1.6266692964329071e-01, -8.8144017525096808e-04
    21,  1.2745e+01,  1.1649889117317473e-01, -6.0341370264620164e-02,  1.4773486079727743e-01, -7.6832829452221042e-04,  1.1329517060920058e-01,  6.5063917142942934e-02,  1.6266692964329071e-01, -8.8144017525096808e-04
    22,  1.2745e+01,  1.1649889117317473e-01, -6.0341370264620164e-02,  1.4773338346344281e-01, -7.6822829452221047e-04,  1.1329517060920058e-01,  6.5063917142942934e-02,  1.6266692964329071e-01, -8.8144017525096808e-04
    23,  1.2745e+01,  1.1649889117317473e-01, -6.0341370264620164e-02,  1.4773338346344281e-01, -7.6832829452221042e-04,  1.1329630356090667e-01,  6.5063917142942934e-02,  1.6266692964329071e-01, -8.8144017525096808e-04
    24,  1.2745e+01,  1.1649889117317473e-01, -6.0341370264620164e-02,  1.4773338346344281e-01, -7.6832829452221042e-04,  1.1329517060920058e-01,  6.5064567782114363e-02,  1.6266692964329071e-01, -8.8144017525096808e-04
    25,  1.2745e+01,  1.1649889117317473e-01, -6.0341370264620164e-02,  1.4773338346344281e-01, -7.6832829452221042e-04,  1.1329517060920058e-01,  6.5063917142942934e-02,  1.6266855631258714e-01, -8.8144017525096808e-04
    26,  1.2745e+01,  1.1649889117317473e-01, -6.0341370264620164e-02,  1.4773338346344281e-01, -7.6832829452221042e-04,  1.1329517060920058e-01,  6.5063917142942934e-02,  1.6266692964329071e-01, -8.8134017525096813e-04
    27,  1.9118e+01,  1.2716077825171651e-01, -5.2750848838619427e-02,  1.4596387045917902e-01, -4.6012871998694378e-03,  1.2169750630815838e-01,  6.4480624917338650e-02,  1.6145842821018921e-01, -4.9254339462173162e-03
    28,  1.9119e+01,  1.2716204985949903e-01, -5.2750848838619427e-02,  1.4596387045917902e-01, -4.6012871998694378e-03,  1.2169750630815838e-01,  6.4480624917338650e-02,  1.6145842821018921e-01, -4.9254339462173162e-03
    29,  1.9119e+01,  1.2716077825171651e-01, -5.2750321330131043e-02,  1.4596387045917902e-01, -4.6012871998694378e-03,  1.2169750630815838e-01,  6.4480624917338650e-02,  1.6145842821018921e-01, -4.9254339462173162e-03
    30,  1.9119e+01,  1.2716077825171651e-01, -5.2750848838619427e-02,  1.4596533009788362e-01, -4.6012871998694378e-03,  1.2169750630815838e-01,  6.4480624917338650e-02,  1.6145842821018921e-01, -4.9254339462173162e-03
    31,  1.9119e+01,  1.2716077825171651e-01, -5.2750848838619427e-02,  1.4596387045917902e-01, -4.6011871998694375e-03,  1.2169750630815838e-01,  6.4480624917338650e-02,  1.6145842821018921e-01, -4.9254339462173162e-03
    32,  1.9119e+01,  1.2716077825171651e-01, -5.2750848838619427e-02,  1.4596387045917902e-01, -4.6012871998694378e-03,  1.2169872328322147e-01,  6.4480624917338650e-02,  1.6145842821018921e-01, -4.9254339462173162e-03
    33,  1.9119e+01,  1.2716077825171651e-01, -5.2750848838619427e-02,  1.4596387045917902e-01, -4.6012871998694378e-03,  1.2169750630815838e-01,  6.4481269723587822e-02,  1.6145842821018921e-01, -4.9254339462173162e-03
    34,  1.9119e+01,  1.2716077825171651e-01, -5.2750848838619427e-02,  1.4596387045917902e-01, -4.6012871998694378e-03,  1.2169750630815838e-01,  6.4480624917338650e-02,  1.6146004279447132e-01, -4.9254339462173162e-03
    35,  1.9119e+01,  1.2716077825171651e-01, -5.2750848838619427e-02,  1.4596387045917902e-01, -4.6012871998694378e-03,  1.2169750630815838e-01,  6.4480624917338650e-02,  1.6145842821018921e-01, -4.9253339462173159e-03
    36,  2.7853e+01,  1.1943281305179163e-01, -5.6187431111567175e-02,  1.4725751399260106e-01, -4.8153372355584350e-03,  1.1322713486647024e-01,  6.9690962189361452e-02,  1.6337770908696578e-01, -5.5192902231999711e-03
    37,  2.7853e+01,  1.1943400737992214e-01, -5.6187431111567175e-02,  1.4725751399260106e-01, -4.8153372355584350e-03,  1.1322713486647024e-01,  6.9690962189361452e-02,  1.6337770908696578e-01, -5.5192902231999711e-03
    38,  2.7853e+01,  1.1943281305179163e-01, -5.6186869237256062e-02,  1.4725751399260106e-01, -4.8153372355584350e-03,  1.1322713486647024e-01,  6.9690962189361452e-02,  1.6337770908696578e-01, -5.5192902231999711e-03
    39,  2.7853e+01,  1.1943281305179163e-01, -5.6187431111567175e-02,  1.4725898656774100e-01, -4.8153372355584350e-03,  1.1322713486647024e-01,  6.9690962189361452e-02,  1.6337770908696578e-01, -5.5192902231999711e-03
    40,  2.7853e+01,  1.1943281305179163e-01, -5.6187431111567175e-02,  1.4725751399260106e-01, -4.8152372355584347e-03,  1.1322713486647024e-01,  6.9690962189361452e-02,  1.6337770908696578e-01, -5.5192902231999711e-03
    41,  2.7853e+01,  1.1943281305179163e-01, -5.6187431111567175e-02,  1.4725751399260106e-01, -4.8153372355584350e-03,  1.1322826713781890e-01,  6.9690962189361452e-02,  1.6337770908696578e-01, -5.5192902231999711e-03
    42,  2.7853e+01,  1.1943281305179163e-01, -5.6187431111567175e-02,  1.4725751399260106e-01, -4.8153372355584350e-03,  1.1322713486647024e-01,  6.9691659098983352e-02,  1.6337770908696578e-01, -5.5192902231999711e-03
    43,  2.7853e+01,  1.1943281305179163e-01, -5.6187431111567175e-02,  1.4725751399260106e-01, -4.8153372355584350e-03,  1.1322713486647024e-01,  6.9690962189361452e-02,  1.6337934286405664e-01, -5.5192902231999711e-03
    44,  2.7853e+01,  1.1943281305179163e-01, -5.6187431111567175e-02,  1.4725751399260106e-01, -4.8153372355584350e-03,  1.1322713486647024e-01,  6.9690962189361452e-02,  1.6337770908696578e-01, -5.5191902231999709e-03
    45,  3.8755e+01,  1.2205341812657176e-01, -5.4334283613883962e-02,  1.4593906700876802e-01, -5.7798401994290337e-03,  1.1417005766459939e-01,  7.0531185286726653e-02,  1.6431683747263287e-01, -6.5399303657109635e-03
    46,  3.8755e+01,  1.2205463866075303e-01, -5.4334283613883962e-02,  1.4593906700876802e-01, -5.7798401994290337e-03,  1.1417005766459939e-01,  7.0531185286726653e-02,  1.6431683747263287e-01, -6.5399303657109635e-03
    47,  3.8755e+01,  1.2205341812657176e-01, -5.4333740271047822e-02,  1.4593906700876802e-01, -5.7798401994290337e-03,  1.1417005766459939e-01,  7.0531185286726653e-02,  1.6431683747263287e-01, -6.5399303657109635e-03
    48,  3.8755e+01,  1.2205341812657176e-01, -5.4334283613883962e-02,  1.4594052639943811e-01, -5.7798401994290337e-03,  1.1417005766459939e-01,  7.0531185286726653e-02,  1.6431683747263287e-01, -6.5399303657109635e-03
    49,  3.8756e+01,  1.2205341812657176e-01, -5.4334283613883962e-02,  1.4593906700876802e-01, -5.7797401994290334e-03,  1.1417005766459939e-01,  7.0531185286726653e-02,  1.6431683747263287e-01, -6.5399303657109635e-03
    50,  3.8782e+01,  1.2205341812657176e-01, -5.4334283613883962e-02,  1.4593906700876802e-01, -5.7798401994290337e-03,  1.1417119936517604e-01,  7.0531185286726653e-02,  1.6431683747263287e-01, -6.5399303657109635e-03
    51,  3.8783e+01,  1.2205341812657176e-01, -5.4334283613883962e-02,  1.4593906700876802e-01, -5.7798401994290337e-03,  1.1417005766459939e-01,  7.0531890598579519e-02,  1.6431683747263287e-01, -6.5399303657109635e-03
    52,  3.8783e+01,  1.2205341812657176e-01, -5.4334283613883962e-02,  1.4593906700876802e-01, -5.7798401994290337e-03,  1.1417005766459939e-01,  7.0531185286726653e-02,  1.6431848064100760e-01, -6.5399303657109635e-03
    53,  3.8783e+01,  1.2205341812657176e-01, -5.4334283613883962e-02,  1.4593906700876802e-01, -5.7798401994290337e-03,  1.1417005766459939e-01,  7.0531185286726653e-02,  1.6431683747263287e-01, -6.5398303657109632e-03
    54,  4.6878e+01,  1.2167633280415184e-01, -5.4495641647982450e-02,  1.4649696375706300e-01, -5.7958121086214131e-03,  1.1428498454937391e-01,  7.0349783245961375e-02,  1.6362244441892862e-01, -6.6900465376084029e-03
    55,  4.6881e+01,  1.2167754956747988e-01, -5.4495641647982450e-02,  1.4649696375706300e-01, -5.7958121086214131e-03,  1.1428498454937391e-01,  7.0349783245961375e-02,  1.6362244441892862e-01, -6.6900465376084029e-03
    56,  4.6881e+01,  1.2167633280415184e-01, -5.4495096691565971e-02,  1.4649696375706300e-01, -5.7958121086214131e-03,  1.1428498454937391e-01,  7.0349783245961375e-02,  1.6362244441892862e-01, -6.6900465376084029e-03
    57,  4.6881e+01,  1.2167633280415184e-01, -5.4495641647982450e-02,  1.4649842872670057e-01, -5.7958121086214131e-03,  1.1428498454937391e-01,  7.0349783245961375e-02,  1.6362244441892862e-01, -6.6900465376084029e-03
    58,  4.6881e+01,  1.2167633280415184e-01, -5.4495641647982450e-02,  1.4649696375706300e-01, -5.7957121086214128e-03,  1.1428498454937391e-01,  7.0349783245961375e-02,  1.6362244441892862e-01, -6.6900465376084029e-03
    59,  4.6881e+01,  1.2167633280415184e-01, -5.4495641647982450e-02,  1.4649696375706300e-01, -5.7958121086214131e-03,  1.1428612739921941e-01,  7.0349783245961375e-02,  1.6362244441892862e-01, -6.6900465376084029e-03
    60,  4.6881e+01,  1.2167633280415184e-01, -5.4495641647982450e-02,  1.4649696375706300e-01, -5.7958121086214131e-03,  1.1428498454937391e-01,  7.0350486743793836e-02,  1.6362244441892862e-01, -6.6900465376084029e-03
    61,  4.6881e+01,  1.2167633280415184e-01, -5.4495641647982450e-02,  1.4649696375706300e-01, -5.7958121086214131e-03,  1.1428498454937391e-01,  7.0349783245961375e-02,  1.6362408064337280e-01, -6.6900465376084029e-03
    62,  4.6881e+01,  1.2167633280415184e-01, -5.4495641647982450e-02,  1.4649696375706300e-01, -5.7958121086214131e-03,  1.1428498454937391e-01,  7.0349783245961375e-02,  1.6362244441892862e-01, -6.6899465376084027e-03
    63,  5.3129e+01,  1.2179660957735824e-01, -5.4892272291129536e-02,  1.4710284591216019e-01, -5.4972436962405198e-03,  1.1530368386421025e-01,  6.9604467273814072e-02,  1.6287422778215319e-01, -6.4245849188040126e-03
    64,  5.3129e+01,  1.2179782754345402e-01, -5.4892272291129536e-02,  1.4710284591216019e-01, -5.4972436962405198e-03,  1.1530368386421025e-01,  6.9604467273814072e-02,  1.6287422778215319e-01, -6.4245849188040126e-03
    65,  5.3129e+01,  1.2179660957735824e-01, -5.4891723368406628e-02,  1.4710284591216019e-01, -5.4972436962405198e-03,  1.1530368386421025e-01,  6.9604467273814072e-02,  1.6287422778215319e-01, -6.4245849188040126e-03
    66,  5.3129e+01,  1.2179660957735824e-01, -5.4892272291129536e-02,  1.4710431694061932e-01, -5.4972436962405198e-03,  1.1530368386421025e-01,  6.9604467273814072e-02,  1.6287422778215319e-01, -6.4245849188040126e-03
    67,  5.3129e+01,  1.2179660957735824e-01, -5.4892272291129536e-02,  1.4710284591216019e-01, -5.4971436962405196e-03,  1.1530368386421025e-01,  6.9604467273814072e-02,  1.6287422778215319e-01, -6.4245849188040126e-03
    68,  5.3129e+01,  1.2179660957735824e-01, -5.4892272291129536e-02,  1.4710284591216019e-01, -5.4972436962405198e-03,  1.1530483690104890e-01,  6.9604467273814072e-02,  1.6287422778215319e-01, -6.4245849188040126e-03
    69,  5.3129e+01,  1.2179660957735824e-01, -5.4892272291129536e-02,  1.4710284591216019e-01, -5.4972436962405198e-03,  1.1530368386421025e-01,  6.9605163318486804e-02,  1.6287422778215319e-01, -6.4245849188040126e-03
    70,  5.3129e+01,  1.2179660957735824e-01, -5.4892272291129536e-02,  1.4710284591216019e-01, -5.4972436962405198e-03,  1.1530368386421025e-01,  6.9604467273814072e-02,  1.6287585652443101e-01, -6.4245849188040126e-03
    71,  5.3129e+01,  1.2179660957735824e-01, -5.4892272291129536e-02,  1.4710284591216019e-01, -5.4972436962405198e-03,  1.1530368386421025e-01,  6.9604467273814072e-02,  1.6287422778215319e-01, -6.4244849188040123e-03
    72,  5.8640e+01,  1.2187291813137102e-01, -5.4811767333812877e-02,  1.4697507165714138e-01, -5.5545037144395749e-03,  1.1519665441369090e-01,  6.9758411571829368e-02,  1.6303050721588394e-01, -6.4843832071639464e-03
    73,  5.8640e+01,  1.2187413686055233e-01, -5.4811767333812877e-02,  1.4697507165714138e-01, -5.5545037144395749e-03,  1.1519665441369090e-01,  6.9758411571829368e-02,  1.6303050721588394e-01, -6.4843832071639464e-03
    74,  5.8640e+01,  1.2187291813137102e-01, -5.4811219216139538e-02,  1.4697507165714138e-01, -5.5545037144395749e-03,  1.1519665441369090e-01,  6.9758411571829368e-02,  1.6303050721588394e-01, -6.4843832071639464e-03
    75,  5.8640e+01,  1.2187291813137102e-01, -5.4811767333812877e-02,  1.4697654140785796e-01, -5.5545037144395749e-03,  1.1519665441369090e-01,  6.9758411571829368e-02,  1.6303050721588394e-01, -6.4843832071639464e-03
    76,  5.8640e+01,  1.2187291813137102e-01, -5.4811767333812877e-02,  1.4697507165714138e-01, -5.5544037144395746e-03,  1.1519665441369090e-01,  6.9758411571829368e-02,  1.6303050721588394e-01, -6.4843832071639464e-03
    77,  5.8640e+01,  1.2187291813137102e-01, -5.4811767333812877e-02,  1.4697507165714138e-01, -5.5545037144395749e-03,  1.1519780638023504e-01,  6.9758411571829368e-02,  1.6303050721588394e-01, -6.4843832071639464e-03
    78,  5.8640e+01,  1.2187291813137102e-01, -5.4811767333812877e-02,  1.4697507165714138e-01, -5.5545037144395749e-03,  1.1519665441369090e-01,  6.9759109155945090e-02,  1.6303050721588394e-01, -6.4843832071639464e-03
    79,  5.8640e+01,  1.2187291813137102e-01, -5.4811767333812877e-02,  1.4697507165714138e-01, -5.5545037144395749e-03,  1.1519665441369090e-01,  6.9758411571829368e-02,  1.6303213752095611e-01, -6.4843832071639464e-03
    80,  5.8640e+01,  1.2187291813137102e-01, -5.4811767333812877e-02,  1.4697507165714138e-01, -5.5545037144395749e-03,  1.1519665441369090e-01,  6.9758411571829368e-02,  1.6303050721588394e-01, -6.4842832071639461e-03
    81,  6.4078e+01,  1.2181009359588911e-01, -5.4901353392165821e-02,  1.4703275504638483e-01, -5.5174990203516929e-03,  1.1520274382625656e-01,  6.9742593174859063e-02,  1.6300599825405473e-01, -6.4432659811234170e-03
    82,  6.4078e+01,  1.2181131169682508e-01, -5.4901353392165821e-02,  1.4703275504638483e-01, -5.5174990203516929e-03,  1.1520274382625656e-01,  6.9742593174859063e-02,  1.6300599825405473e-01, -6.4432659811234170e-03
    83,  6.4078e+01,  1.2181009359588911e-01, -5.4900804378631901e-02,  1.4703275504638483e-01, -5.5174990203516929e-03,  1.1520274382625656e-01,  6.9742593174859063e-02,  1.6300599825405473e-01, -6.4432659811234170e-03
    84,  6.4078e+01,  1.2181009359588911e-01, -5.4901353392165821e-02,  1.4703422537393529e-01, -5.5174990203516929e-03,  1.1520274382625656e-01,  6.9742593174859063e-02,  1.6300599825405473e-01, -6.4432659811234170e-03
    85,  6.4078e+01,  1.2181009359588911e-01, -5.4901353392165821e-02,  1.4703275504638483e-01, -5.5173990203516926e-03,  1.1520274382625656e-01,  6.9742593174859063e-02,  1.6300599825405473e-01, -6.4432659811234170e-03
    86,  6.4078e+01,  1.2181009359588911e-01, -5.4901353392165821e-02,  1.4703275504638483e-01, -5.5174990203516929e-03,  1.1520389585369482e-01,  6.9742593174859063e-02,  1.6300599825405473e-01, -6.4432659811234170e-03
    87,  6.4078e+01,  1.2181009359588911e-01, -5.4901353392165821e-02,  1.4703275504638483e-01, -5.5174990203516929e-03,  1.1520274382625656e-01,  6.9743290600790805e-02,  1.6300599825405473e-01, -6.4432659811234170e-03
    88,  6.4078e+01,  1.2181009359588911e-01, -5.4901353392165821e-02,  1.4703275504638483e-01, -5.5174990203516929e-03,  1.1520274382625656e-01,  6.9742593174859063e-02,  1.6300762831403728e-01, -6.4432659811234170e-03
    89,  6.4078e+01,  1.2181009359588911e-01, -5.4901353392165821e-02,  1.4703275504638483e-01, -5.5174990203516929e-03,  1.1520274382625656e-01,  6.9742593174859063e-02,  1.6300599825405473e-01, -6.4431659811234167e-03
    90,  6.9513e+01,  1.2186580519036598e-01, -5.4874989937796770e-02,  1.4701682633051555e-01, -5.5222001826654363e-03,  1.1524740458230077e-01,  6.9727434089669763e-02,  1.6300418185674478e-01, -6.4484547168780415e-03
    91,  6.9513e+01,  1.2186702384841788e-01, -5.4874989937796770e-02,  1.4701682633051555e-01, -5.5222001826654363e-03,  1.1524740458230077e-01,  6.9727434089669763e-02,  1.6300418185674478e-01, -6.4484547168780415e-03
    92,  6.9513e+01,  1.2186580519036598e-01, -5.4874441187897395e-02,  1.4701682633051555e-01, -5.5222001826654363e-03,  1.1524740458230077e-01,  6.9727434089669763e-02,  1.6300418185674478e-01, -6.4484547168780415e-03
    93,  6.9513e+01,  1.2186580519036598e-01, -5.4874989937796770e-02,  1.4701829649877884e-01, -5.5222001826654363e-03,  1.1524740458230077e-01,  6.9727434089669763e-02,  1.6300418185674478e-01, -6.4484547168780415e-03
    94,  6.9513e+01,  1.2186580519036598e-01, -5.4874989937796770e-02,  1.4701682633051555e-01, -5.5221001826654360e-03,  1.1524740458230077e-01,  6.9727434089669763e-02,  1.6300418185674478e-01, -6.4484547168780415e-03
    95,  6.9514e+01,  1.2186580519036598e-01, -5.4874989937796770e-02,  1.4701682633051555e-01, -5.5222001826654363e-03,  1.1524855705634660e-01,  6.9727434089669763e-02,  1.6300418185674478e-01, -6.4484547168780415e-03
    96,  6.9514e+01,  1.2186580519036598e-01, -5.4874989937796770e-02,  1.4701682633051555e-01, -5.5222001826654363e-03,  1.1524740458230077e-01,  6.9728131364010654e-02,  1.6300418185674478e-01, -6.4484547168780415e-03
    97,  6.9514e+01,  1.2186580519036598e-01, -5.4874989937796770e-02,  1.4701682633051555e-01, -5.5222001826654363e-03,  1.1524740458230077e-01,  6.9727434089669763e-02,  1.6300581189856336e-01, -6.4484547168780415e-03
    98,  6.9514e+01,  1.2186580519036598e-01, -5.4874989937796770e-02,  1.4701682633051555e-01, -5.5222001826654363e-03,  1.1524740458230077e-01,  6.9727434089669763e-02,  1.6300418185674478e-01, -6.4483547168780412e-03
    99,  7.4446e+01,  1.2182717831274009e-01, -5.4908456394499990e-02,  1.4703017656061446e-01, -5.5130951664690052e-03,  1.1521850873635470e-01,  6.9742132997059933e-02,  1.6301191400400708e-01, -6.4370407118689351e-03
   100,  7.4446e+01,  1.2182839658452321e-01, -5.4908456394499990e-02,  1.4703017656061446e-01, -5.5130951664690052e-03,  1.1521850873635470e-01,  6.9742132997059933e-02,  1.6301191400400708e-01, -6.4370407118689351e-03
   101,  7.4446e+01,  1.2182717831274009e-01, -5.4907907309936048e-02,  1.4703017656061446e-01, -5.5130951664690052e-03,  1.1521850873635470e-01,  6.9742132997059933e-02,  1.6301191400400708e-01, -6.4370407118689351e-03
   102,  7.4446e+01,  1.2182717831274009e-01, -5.4908456394499990e-02,  1.4703164686238007e-01, -5.5130951664690052e-03,  1.1521850873635470e-01,  6.9742132997059933e-02,  1.6301191400400708e-01, -6.4370407118689351e-03
   103,  7.4446e+01,  1.2182717831274009e-01, -5.4908456394499990e-02,  1.4703017656061446e-01, -5.5129951664690049e-03,  1.1521850873635470e-01,  6.9742132997059933e-02,  1.6301191400400708e-01, -6.4370407118689351e-03
   104,  7.4446e+01,  1.2182717831274009e-01, -5.4908456394499990e-02,  1.4703017656061446e-01, -5.5130951664690052e-03,  1.1521966092144206e-01,  6.9742132997059933e-02,  1.6301191400400708e-01, -6.4370407118689351e-03
   105,  7.4446e+01,  1.2182717831274009e-01, -5.4908456394499990e-02,  1.4703017656061446e-01, -5.5130951664690052e-03,  1.1521850873635470e-01,  6.9742830418389898e-02,  1.6301191400400708e-01, -6.4370407118689351e-03
   106,  7.4446e+01,  1.2182717831274009e-01, -5.4908456394499990e-02,  1.4703017656061446e-01, -5.5130951664690052e-03,  1.1521850873635470e-01,  6.9742132997059933e-02,  1.6301354412314711e-01, -6.4370407118689351e-03
   107,  7.4446e+01,  1.2182717831274009e-01, -5.4908456394499990e-02,  1.4703017656061446e-01, -5.5130951664690052e-03,  1.1521850873635470e-01,  6.9742132997059933e-02,  1.6301191400400708e-01, -6.4369407118689348e-03
   108,  7.9310e+01,  1.2185379097781937e-01, -5.4894938597866400e-02,  1.4702442507014141e-01, -5.5153109216251354e-03,  1.1524263140285110e-01,  6.9731765525943137e-02,  1.6300736050923106e-01, -6.4398478662217344e-03
   109,  7.9310e+01,  1.2185500951572915e-01, -5.4894938597866400e-02,  1.4702442507014141e-01, -5.5153109216251354e-03,  1.1524263140285110e-01,  6.9731765525943137e-02,  1.6300736050923106e-01, -6.4398478662217344e-03
   110,  7.9310e+01,  1.2185379097781937e-01, -5.4894389648480424e-02,  1.4702442507014141e-01, -5.5153109216251354e-03,  1.1524263140285110e-01,  6.9731765525943137e-02,  1.6300736050923106e-01, -6.4398478662217344e-03
   111,  7.9310e+01,  1.2185379097781937e-01, -5.4894938597866400e-02,  1.4702589531439211e-01, -5.5153109216251354e-03,  1.1524263140285110e-01,  6.9731765525943137e-02,  1.6300736050923106e-01, -6.4398478662217344e-03
   112,  7.9310e+01,  1.2185379097781937e-01, -5.4894938597866400e-02,  1.4702442507014141e-01, -5.5152109216251351e-03,  1.1524263140285110e-01,  6.9731765525943137e-02,  1.6300736050923106e-01, -6.4398478662217344e-03
   113,  7.9310e+01,  1.2185379097781937e-01, -5.4894938597866400e-02,  1.4702442507014141e-01, -5.5153109216251354e-03,  1.1524378382916513e-01,  6.9731765525943137e-02,  1.6300736050923106e-01, -6.4398478662217344e-03
   114,  7.9310e+01,  1.2185379097781937e-01, -5.4894938597866400e-02,  1.4702442507014141e-01, -5.5153109216251354e-03,  1.1524263140285110e-01,  6.9732462843598395e-02,  1.6300736050923106e-01, -6.4398478662217344e-03
   115,  7.9310e+01,  1.2185379097781937e-01, -5.4894938597866400e-02,  1.4702442507014141e-01, -5.5153109216251354e-03,  1.1524263140285110e-01,  6.9731765525943137e-02,  1.6300899058283616e-01, -6.4398478662217344e-03
   116,  7.9310e+01,  1.2185379097781937e-01, -5.4894938597866400e-02,  1.4702442507014141e-01, -5.5153109216251354e-03,  1.1524263140285110e-01,  6.9731765525943137e-02,  1.6300736050923106e-01, -6.4397478662217341e-03
   117,  8.4674e+01,  1.2183782647784702e-01, -5.4907304651672886e-02,  1.4702942790066525e-01, -5.5119782150955740e-03,  1.1523029837410048e-01,  6.9737416141990957e-02,  1.6301027766068596e-01, -6.4357057898074537e-03
   118,  8.4674e+01,  1.2183904485611180e-01, -5.4907304651672886e-02,  1.4702942790066525e-01, -5.5119782150955740e-03,  1.1523029837410048e-01,  6.9737416141990957e-02,  1.6301027766068596e-01, -6.4357057898074537e-03
   119,  8.4674e+01,  1.2183782647784702e-01, -5.4906755578626371e-02,  1.4702942790066525e-01, -5.5119782150955740e-03,  1.1523029837410048e-01,  6.9737416141990957e-02,  1.6301027766068596e-01, -6.4357057898074537e-03
   120,  8.4674e+01,  1.2183782647784702e-01, -5.4907304651672886e-02,  1.4703089819494425e-01, -5.5119782150955740e-03,  1.1523029837410048e-01,  6.9737416141990957e-02,  1.6301027766068596e-01, -6.4357057898074537e-03
   121,  8.4675e+01,  1.2183782647784702e-01, -5.4907304651672886e-02,  1.4702942790066525e-01, -5.5118782150955737e-03,  1.1523029837410048e-01,  6.9737416141990957e-02,  1.6301027766068596e-01, -6.4357057898074537e-03
   122,  8.4675e+01,  1.2183782647784702e-01, -5.4907304651672886e-02,  1.4702942790066525e-01, -5.5119782150955740e-03,  1.1523145067708422e-01,  6.9737416141990957e-02,  1.6301027766068596e-01, -6.4357057898074537e-03
   123,  8.4675e+01,  1.2183782647784702e-01, -5.4907304651672886e-02,  1.4702942790066525e-01, -5.5119782150955740e-03,  1.1523029837410048e-01,  6.9738113516152375e-02,  1.6301027766068596e-01, -6.4357057898074537e-03
   124,  8.4675e+01,  1.2183782647784702e-01, -5.4907304651672886e-02,  1.4702942790066525e-01, -5.5119782150955740e-03,  1.1523029837410048e-01,  6.9737416141990957e-02,  1.6301190776346255e-01, -6.4357057898074537e-03
   125,  8.4675e+01,  1.2183782647784702e-01, -5.4907304651672886e-02,  1.4702942790066525e-01, -5.5119782150955740e-03,  1.1523029837410048e-01,  6.9737416141990957e-02,  1.6301027766068596e-01, -6.4356057898074534e-03
