  -1.2306640999965035E-005  -100.77174965722817     
  -1.0012306640999965E-002   0.0000000000000000     
   211978.33553266607      -0.99221402804778336     
 
   21171778.205895524      -0.15246267616030490     
  -99.099444673152888        4598.7153836721909     
 
   4.7232688271631353E-008   1.5659203615223530E-012
   1.0178349359818664E-009   2.1745203099667726E-004
 
   768.03090021720357        1812.3563684043474     
 
 
  -2.4896134508182316E-005  -77.070422970343557     
  -1.0024896134508183E-002   0.0000000000000000     
   212152.91725363818        55.329764279462893     
 
   21162605.019253530       -8.5188859118848589E-002
   5519.2356645994432        4597.1433968876645     
 
   4.7253161614902603E-008   8.7564006170819219E-013
  -5.6731172455185615E-008   2.1752638733091320E-004
 
   773.87554850502136        1831.2636370059311     
 
 
  -1.6588054846436093E-005  -76.640110342936651     
  -1.0016588054846436E-002   0.0000000000000000     
   211680.87002078458       -16.218971991495891     
 
   21133031.413662329        1.2568172082873363E-002
  -1619.2112426588612        4590.0610086589022     
 
   4.7319288000665782E-008  -1.2956624177968678E-013
   1.6692571837444258E-008   2.1786202795643869E-004
 
   775.61007644951815        1857.8679989112122     
 
 
  -2.9886419568560252E-005  -63.464553321289884     
  -1.0029886419568560E-002   0.0000000000000000     
   212368.86298281793       -37.554221385343226     
 
   21173605.971098632       -7.3128774629429433E-003
  -3744.2319697735943        4591.4613781137368     
 
   4.7228611019144239E-008   7.5221594321650673E-014
   3.8513854457930472E-008   2.1779558139122730E-004
 
   328.66737398852706        770.28835801299033     
 
 
  -2.7662406232557488E-005  -207.98424117702885     
  -1.0027662406232558E-002   0.0000000000000000     
   212332.67055707410        116.26372752768253     
 
   21174692.760408610      -0.23342450977439086     
   11594.300128751986        4589.3959891927088     
 
   4.7226185686159789E-008   2.4020043744896637E-012
  -1.1930863496436368E-007   2.1789359090069365E-004
 
   447.87180293487705        1052.6477148743213     
 
 
  -2.6214204769847010E-005  -242.76553699347477     
  -1.0026214204769847E-002   0.0000000000000000     
   212092.57966666034        526.02595212199276     
 
   21153804.949206047      -0.40819239171515331     
   52465.062223765744        4616.6986286002975     
 
   4.7272808986993820E-008   4.1796969037471975E-012
  -5.3721740674824323E-007   2.1660495110444852E-004
 
   446.85876187447894        1051.6277564583741     
 
 
  -2.1602541585600057E-005   7.6862892164914207     
  -1.0021602541585600E-002   0.0000000000000000     
   211784.96602961383        111.81755784194775     
 
   21132844.288205586        2.7495385453632989E-002
   11157.652419156357        4592.4412685592642     
 
   4.7319707159303497E-008  -2.8330761610507381E-013
  -1.1496648823239267E-007   2.1774911091563439E-004
 
   440.17945950443891        1060.7769949278043     
 
 
  -2.8220742975445731E-005  -146.22122000773430     
  -1.0028220742975446E-002   0.0000000000000000     
   212174.48916435163        240.18399891971461     
 
   21157740.201618049      -0.14175738987024300     
   23950.808929685078        4594.5071209278130     
 
   4.7264025153159555E-008   1.4582684636519642E-012
  -2.4638369381013303E-007   2.1765119494936185E-004
 
   441.19391268489954        1043.0295639696335     
 
 
  -3.6606093422503899E-005  -201.92662201453686     
  -1.0036606093422504E-002   0.0000000000000000     
   212501.09272341631       -257.71101795037384     
 
   21172604.638003983      -0.20519160022957603     
  -25677.107933859003        4583.4516541167495     
 
   4.7230847190968914E-008   2.1144268221110003E-012
   2.6459351001135680E-007   2.1817619771208647E-004
 
   731.16481883687231        1718.9079073969738     
 
 
  -2.7691612202139504E-005  -212.68749411728720     
  -1.0027691612202140E-002   0.0000000000000000     
   212247.40785379906        271.43627167618024     
 
   21166128.363533538      -0.39438493209807313     
   27068.669657324248        4610.4438672539454     
 
   4.7245290845276774E-008   4.0414396874690098E-012
  -2.7738482618523154E-007   2.1689883217236092E-004
 
   440.91921113255086        1039.2679827631580     
 
 
  -3.5890358195476979E-005  -232.11334958487453     
  -1.0035890358195477E-002   0.0000000000000000     
   212550.90329995062       -182.80097791278058     
 
   21179077.860927206      -0.29705063234788787     
  -18214.724492629026        4583.0491528633984     
 
   4.7216411512799278E-008   3.0603348184280675E-012
   1.8765540114246953E-007   2.1819535911334821E-004
 
   1321.5612128586724        3091.7345927319093     
 
 
  -3.5041077958994707E-005  -141.52511958984385     
  -1.0035041077958995E-002   0.0000000000000000     
   212476.84965857497       -109.08436555727212     
 
   21173490.771777708      -0.15807631495517352     
  -10870.345692644951        4586.5782668385991     
 
   4.7228868799802440E-008   1.6277418818626381E-012
   1.1193401718189672E-007   2.1802746176255468E-004
 
   793.52127109852597        1872.8921328069459     
 
 
  -9.6217085817380116E-006  -84.585075267326502     
  -1.0009621708581738E-002   0.0000000000000000     
   212015.50366394888        169.72945617393128     
 
   21181170.461434886       -1.0816607645811049E-002
   16956.630441731046        4594.1774177738698     
 
   4.7211744031610208E-008   1.1115611458293161E-013
  -1.7425363090168314E-007   2.1766682197478596E-004
 
   793.57243756105800        1872.4781910441473     
 
 
  -1.1960028775126474E-005  -152.53346192143778     
  -1.0011960028775127E-002   0.0000000000000000     
   211905.16570593603        195.64385569524518     
 
   21165202.926989786      -0.13357298602569834     
   19541.014460003782        4592.5201382281921     
 
   4.7247360518893980E-008   1.3741847256822586E-012
  -2.0103588602943303E-007   2.1774536486471224E-004
 
   1138.8328146009376        2654.7779082282395     
 
 
  -2.6790282149002573E-005  -181.61670702659859     
  -1.0026790282149003E-002   0.0000000000000000     
   212204.63272090323        157.71875038121016     
 
   21163764.948659346      -0.28778342304804294     
   15729.734635215682        4605.0597806198348     
 
   4.7250569829079954E-008   2.9528239315392660E-012
  -1.6139615122957580E-007   2.1715243692629427E-004
 
   264.89886917535921        621.57407418464243     
 
 
   2.8346663405131450E-005   61.534731707778874     
  -9.9716533365948688E-003  -4.3185726514053613E-002
   210478.69218474696        41.147152755304887     
 
   21107702.529755954       -4.0278569397316361E-003
  -15739.421191976789        4587.0527276153070     
 
   4.7376070382129408E-008   4.1600575619517446E-014
   1.6256013838165043E-007   2.1800490642597076E-004
 
   1090.3070348500844        2550.2128714747728     
 
 
   3.1639882688106608E-005  -218.58196356187835     
  -9.9683601173118936E-003  -2.0975247938707753E-002
   210246.91462018836       -117.99373188701065     
 
   21091424.277298909        9.7117235773791236E-002
  -21476.863302063120        4581.3701930480065     
 
   4.7412633934382143E-008  -1.0050669896637178E-012
   2.2226421679362733E-007   2.1827530548213769E-004
 
   960.94205197397059        2265.6027966668858     
 
 
   3.5294913109922693E-005  -216.30730273643564     
  -9.9647050868900775E-003  -6.2175684414285115E-003
   210116.14266573320       -183.08457616889746     
 
   21086037.168416858       0.13369478840592985     
  -21232.290577268341        4582.0062973303275     
 
   4.7424746652596357E-008  -1.3837696977016186E-012
   2.1975875547529119E-007   2.1824500136589562E-004
 
   960.84872311790070        2265.5834074418640     
 
 
   3.6946958416940803E-005  -211.85171616571071     
  -9.9630530415830594E-003  -2.6632351469118021E-003
   210055.93975827683       -189.50709335431338     
 
   21083491.024069622       0.14408447684888437     
  -20246.174767907971        4583.3803904739925     
 
   4.7430473856087091E-008  -1.4910381487106407E-012
   2.0951472084029244E-007   2.1817957154299507E-004
 
   960.80385344748538        2265.5412839975988     
 
 
   4.3318221587465913E-005  -208.30709847404765     
  -9.9566817784125343E-003  -1.3580103197625704E-003
   209913.55893504052       -191.39641508361819     
 
   21082682.304517675       0.14255339442175424     
  -19848.219270724272        4584.6397280774245     
 
   4.7432293305139028E-008  -1.4748453132415095E-012
   2.0534799109034974E-007   2.1811964080900603E-004
 
   960.79214207628968        2265.5010166789011     
 
 
   4.2107754447573420E-005  -205.72786422215754     
  -9.9578922455524268E-003  -1.0667137828363593E-002
   209936.42800233289       -148.87008625294743     
 
   21082415.971757233       0.13871208149292635     
  -19862.361199875158        4585.7817818373023     
 
   4.7432892550921701E-008  -1.4347641405502237E-012
   2.0544572101810935E-007   2.1806531995544377E-004
 
   960.79257469047377        2265.4622538897706     
 
 
   4.3257097230036193E-005  -204.50377519523340     
  -9.9567429027699640E-003  -1.3776748298027996E-002
   209910.18964966325       -136.37389305127874     
 
   21082214.314950857       0.13752163564896303     
  -20042.774694531625        4586.4858871944307     
 
   4.7433346258370688E-008  -1.4222460337155791E-012
   2.0728197915501978E-007   2.1803184313425343E-004
 
   960.79273359791387        2265.4371011509324     
 
 
  -1.0420364239857380E-006  -203.74886183106091     
  -6.2901455788576819E-006   3.2352572548006719E-003
   72.867227661806226       -8.2482979814387818     
 
   11584348.543315658        3.4346193547461980E-003
   1049295.6123820764        4589.5948819989871     
 
   8.6323375375435835E-008  -6.4600023194717932E-014
  -1.9735671961531485E-005   2.1788416919032587E-004
 
   960.78786563162680        2265.4164917508124     
 
 
