       0.10000D+01       0.00000D+00       0.25893D+00       0.33948D+00       0.00000D+00
       0.20000D+01       0.00000D+00       0.71024D+00       0.43577D+00       0.00000D+00
       0.30000D+01       0.00000D+00       0.65469D+00       0.48688D+00       0.10028D+00
       0.40000D+01       0.12688D-05       0.83219D-01       0.48351D+00       0.15225D+00
       0.50000D+01       0.23788D-04      -0.41745D-01       0.44477D+00       0.13550D+00
       0.60000D+01       0.20313D-04       0.20410D+00       0.42924D+00       0.12047D+00
       0.70000D+01       0.16570D-04       0.65961D+00       0.44037D+00       0.10116D+00
       0.80000D+01       0.25709D-03       0.64187D+00       0.45998D+00       0.16346D+00
       0.90000D+01       0.44659D-03       0.75018D-01       0.46252D+00       0.14539D+00
       0.10000D+02       0.40861D-03      -0.97464D-01       0.44529D+00       0.13764D+00
       0.11000D+02       0.38456D-03       0.13751D+00       0.43651D+00       0.12834D+00
       0.12000D+02       0.34187D-03       0.59549D+00       0.44158D+00       0.11658D+00
       0.13000D+02       0.59991D-03       0.61595D+00       0.45369D+00       0.12892D+00
       0.14000D+02       0.83189D-03       0.56926D-01       0.45652D+00       0.11912D+00
       0.15000D+02       0.77667D-03      -0.16256D+00       0.44586D+00       0.11829D+00
       0.16000D+02       0.74488D-03       0.63801D-01       0.43958D+00       0.11313D+00
       0.17000D+02       0.68514D-03       0.52263D+00       0.44244D+00       0.10596D+00
       0.18000D+02       0.92084D-03       0.58153D+00       0.45114D+00       0.11347D+00
       0.19000D+02       0.10865D-02       0.33759D-01       0.45390D+00       0.10695D+00
       0.20000D+02       0.10235D-02      -0.23123D+00       0.44646D+00       0.10627D+00
       0.21000D+02       0.99375D-03      -0.11362D-01       0.44147D+00       0.10304D+00
       0.22000D+02       0.93096D-03       0.44669D+00       0.44318D+00       0.98089D-01
       0.23000D+02       0.11774D-02       0.54409D+00       0.44991D+00       0.10399D+00
       0.24000D+02       0.13620D-02       0.11121D-01       0.45256D+00       0.99144D-01
       0.25000D+02       0.12973D-02      -0.29703D+00       0.44704D+00       0.10012D+00
       0.26000D+02       0.12704D-02      -0.81843D-01       0.44283D+00       0.98318D-01
       0.27000D+02       0.12039D-02       0.37375D+00       0.44385D+00       0.94541D-01
       0.28000D+02       0.14501D-02       0.50936D+00       0.44928D+00       0.99102D-01
       0.29000D+02       0.16444D-02      -0.51865D-02       0.45182D+00       0.95196D-01
       0.30000D+02       0.15823D-02      -0.35347D+00       0.44759D+00       0.97352D-01
       0.31000D+02       0.15561D-02      -0.14173D+00       0.44390D+00       0.97229D-01
       0.32000D+02       0.14865D-02       0.30958D+00       0.44444D+00       0.94138D-01
       0.33000D+02       0.17224D-02       0.48275D+00       0.44895D+00       0.97568D-01
       0.34000D+02       0.19195D-02      -0.98583D-02       0.45140D+00       0.94223D-01
       0.35000D+02       0.18448D-02      -0.39480D+00       0.44808D+00       0.96789D-01
       0.36000D+02       0.18196D-02      -0.18608D+00       0.44476D+00       0.97031D-01
       0.37000D+02       0.17486D-02       0.25899D+00       0.44496D+00       0.94414D-01
       0.38000D+02       0.19624D-02       0.46859D+00       0.44877D+00       0.96925D-01
       0.39000D+02       0.21555D-02       0.12251D-02       0.45113D+00       0.93975D-01
       0.40000D+02       0.20712D-02      -0.41667D+00       0.44850D+00       0.96759D-01
       0.41000D+02       0.20461D-02      -0.21154D+00       0.44544D+00       0.97325D-01
       0.42000D+02       0.19755D-02       0.22515D+00       0.44540D+00       0.95057D-01
       0.43000D+02       0.21558D-02       0.46960D+00       0.44866D+00       0.96789D-01
       0.44000D+02       0.23373D-02       0.30420D-01       0.45094D+00       0.94133D-01
       0.45000D+02       0.22520D-02      -0.41672D+00       0.44884D+00       0.97020D-01
       0.46000D+02       0.22258D-02      -0.21686D+00       0.44599D+00       0.96522D-01
       0.47000D+02       0.21573D-02       0.20925D+00       0.44575D+00       0.95572D-01
       0.48000D+02       0.22973D-02       0.48650D+00       0.44857D+00       0.96628D-01
       0.49000D+02       0.24618D-02       0.77967D-01       0.45077D+00       0.94210D-01
       0.50000D+02       0.23867D-02      -0.39480D+00       0.44910D+00       0.10165D+00
       0.51000D+02       0.23598D-02      -0.20304D+00       0.44640D+00       0.10102D+00
       0.52000D+02       0.22947D-02       0.21026D+00       0.44601D+00       0.99238D-01
       0.53000D+02       0.23897D-02       0.51788D+00       0.44846D+00       0.99617D-01
       0.54000D+02       0.25326D-02       0.14194D+00       0.45059D+00       0.97324D-01
       0.55000D+02       0.24721D-02      -0.35304D+00       0.44927D+00       0.10464D+00
       0.56000D+02       0.24445D-02      -0.17324D+00       0.44669D+00       0.10396D+00
       0.57000D+02       0.23841D-02       0.22519D+00       0.44617D+00       0.10238D+00
       0.58000D+02       0.24335D-02       0.56041D+00       0.44831D+00       0.10215D+00
       0.59000D+02       0.25498D-02       0.21849D+00       0.45038D+00       0.99974D-01
       0.60000D+02       0.25034D-02      -0.29555D+00       0.44935D+00       0.10284D+00
       0.61000D+02       0.24764D-02      -0.13232D+00       0.44687D+00       0.10199D+00
       0.62000D+02       0.24215D-02       0.24944D+00       0.44626D+00       0.10068D+00
       0.63000D+02       0.24301D-02       0.60927D+00       0.44813D+00       0.99971D-01
       0.64000D+02       0.25194D-02       0.30236D+00       0.45012D+00       0.97982D-01
       0.65000D+02       0.24855D-02      -0.22781D+00       0.44935D+00       0.10081D+00
       0.66000D+02       0.24555D-02      -0.86253D-01       0.44695D+00       0.99997D-01
       0.67000D+02       0.24067D-02       0.27746D+00       0.44625D+00       0.98776D-01
       0.68000D+02       0.23852D-02       0.65881D+00       0.44789D+00       0.97570D-01
       0.69000D+02       0.24470D-02       0.38754D+00       0.44982D+00       0.95751D-01
       0.70000D+02       0.24221D-02      -0.15605D+00       0.44926D+00       0.98527D-01
       0.71000D+02       0.23928D-02      -0.41379D-01       0.44694D+00       0.97751D-01
       0.72000D+02       0.23502D-02       0.30345D+00       0.44618D+00       0.96772D-01
       0.73000D+02       0.23267D-02       0.70324D+00       0.44761D+00       0.95714D-01
       0.74000D+02       0.23690D-02       0.46798D+00       0.44948D+00       0.94036D-01
       0.75000D+02       0.23482D-02      -0.86469D-01       0.44910D+00       0.97143D-01
       0.76000D+02       0.23158D-02      -0.36839D-02       0.44686D+00       0.96268D-01
       0.77000D+02       0.22791D-02       0.32198D+00       0.44605D+00       0.95602D-01
       0.78000D+02       0.22449D-02       0.73726D+00       0.44730D+00       0.94537D-01
       0.79000D+02       0.22651D-02       0.53826D+00       0.44910D+00       0.92973D-01
       0.80000D+02       0.22433D-02      -0.24580D-01       0.44889D+00       0.95937D-01
       0.81000D+02       0.22101D-02       0.21773D-01       0.44673D+00       0.99148D-01
       0.82000D+02       0.21790D-02       0.32859D+00       0.44588D+00       0.98599D-01
       0.83000D+02       0.21473D-02       0.75659D+00       0.44696D+00       0.97430D-01
       0.84000D+02       0.21541D-02       0.59406D+00       0.44870D+00       0.95904D-01
       0.85000D+02       0.21279D-02       0.25277D-01       0.44864D+00       0.99054D-01
       0.86000D+02       0.20949D-02       0.31298D-01       0.44657D+00       0.10247D+00
       0.87000D+02       0.20689D-02       0.32014D+00       0.44570D+00       0.10213D+00
       0.88000D+02       0.20397D-02       0.75831D+00       0.44663D+00       0.10078D+00
       0.89000D+02       0.20404D-02       0.63252D+00       0.44831D+00       0.99283D-01
       0.90000D+02       0.20118D-02       0.60281D-01       0.44837D+00       0.11340D+00
       0.91000D+02       0.19801D-02       0.22830D-01       0.44643D+00       0.11255D+00
       0.92000D+02       0.19584D-02       0.29505D+00       0.44553D+00       0.11212D+00
       0.93000D+02       0.19316D-02       0.74109D+00       0.44633D+00       0.11074D+00
       0.94000D+02       0.19333D-02       0.65236D+00       0.44795D+00       0.11301D+00
       0.95000D+02       0.19103D-02       0.79295D-01       0.44812D+00       0.11560D+00
       0.96000D+02       0.18805D-02      -0.39188D-02       0.44631D+00       0.11871D+00
       0.97000D+02       0.18625D-02       0.25342D+00       0.44540D+00       0.11789D+00
       0.98000D+02       0.18378D-02       0.70530D+00       0.44608D+00       0.11653D+00
       0.99000D+02       0.18451D-02       0.65401D+00       0.44763D+00       0.11827D+00
       0.10000D+03       0.18335D-02       0.82912D-01       0.44791D+00       0.12358D+00
       0.10100D+03       0.18068D-02      -0.47433D-01       0.44624D+00       0.12621D+00
       0.10200D+03       0.17923D-02       0.19707D+00       0.44533D+00       0.12527D+00
       0.10300D+03       0.17692D-02       0.65294D+00       0.44590D+00       0.12393D+00
       0.10400D+03       0.17862D-02       0.63951D+00       0.44738D+00       0.12856D+00
       0.10500D+03       0.17869D-02       0.73384D-01       0.44774D+00       0.12735D+00
       0.10600D+03       0.17629D-02      -0.10447D+00       0.44622D+00       0.12679D+00
       0.10700D+03       0.17506D-02       0.12942D+00       0.44532D+00       0.12592D+00
       0.10800D+03       0.17287D-02       0.58757D+00       0.44578D+00       0.12465D+00
       0.10900D+03       0.17578D-02       0.61238D+00       0.44720D+00       0.12604D+00
       0.11000D+03       0.17769D-02       0.54455D-01       0.44764D+00       0.12479D+00
       0.11100D+03       0.17537D-02      -0.17028D+00       0.44626D+00       0.12461D+00
       0.11200D+03       0.17431D-02       0.55241D-01       0.44537D+00       0.12383D+00
       0.11300D+03       0.17218D-02       0.51406D+00       0.44573D+00       0.12266D+00
       0.11400D+03       0.17573D-02       0.57733D+00       0.44708D+00       0.12365D+00
       0.11500D+03       0.17782D-02       0.31057D-01       0.44759D+00       0.12245D+00
       0.11600D+03       0.17577D-02      -0.23896D+00       0.44636D+00       0.12230D+00
       0.11700D+03       0.17485D-02      -0.19702D-01       0.44546D+00       0.12161D+00
       0.11800D+03       0.17277D-02       0.43816D+00       0.44574D+00       0.12053D+00
       0.11900D+03       0.17736D-02       0.53991D+00       0.44702D+00       0.12142D+00
       0.12000D+03       0.18067D-02       0.88486D-02       0.44759D+00       0.12027D+00
       0.12100D+03       0.17872D-02      -0.30401D+00       0.44648D+00       0.12039D+00
       0.12200D+03       0.17792D-02      -0.89268D-01       0.44559D+00       0.11987D+00
       0.12300D+03       0.17587D-02       0.36593D+00       0.44578D+00       0.11887D+00
       0.12400D+03       0.18129D-02       0.50585D+00       0.44699D+00       0.11963D+00
       0.12500D+03       0.18561D-02      -0.63906D-02       0.44762D+00       0.11853D+00
       0.12600D+03       0.18364D-02      -0.35901D+00       0.44664D+00       0.11887D+00
       0.12700D+03       0.18291D-02      -0.14762D+00       0.44575D+00       0.11870D+00
       0.12800D+03       0.18085D-02       0.30309D+00       0.44586D+00       0.11776D+00
       0.12900D+03       0.18677D-02       0.48045D+00       0.44700D+00       0.11839D+00
       0.13000D+03       0.19189D-02      -0.94549D-02       0.44767D+00       0.11732D+00
       0.13100D+03       0.18990D-02      -0.39832D+00       0.44681D+00       0.11791D+00
       0.13200D+03       0.18923D-02      -0.18996D+00       0.44591D+00       0.11755D+00
       0.13300D+03       0.18717D-02       0.25427D+00       0.44595D+00       0.11668D+00
       0.13400D+03       0.19316D-02       0.46791D+00       0.44702D+00       0.11716D+00
       0.13500D+03       0.19878D-02       0.36005D-02       0.44773D+00       0.11612D+00
       0.13600D+03       0.19653D-02      -0.41780D+00       0.44698D+00       0.11685D+00
       0.13700D+03       0.19592D-02      -0.21316D+00       0.44607D+00       0.11667D+00
       0.13800D+03       0.19385D-02       0.22245D+00       0.44605D+00       0.11585D+00
       0.13900D+03       0.19940D-02       0.47073D+00       0.44705D+00       0.11617D+00
       0.14000D+03       0.20517D-02       0.34905D-01       0.44779D+00       0.11517D+00
       0.14100D+03       0.20284D-02      -0.41531D+00       0.44715D+00       0.11600D+00
       0.14200D+03       0.20222D-02      -0.21622D+00       0.44623D+00       0.11575D+00
       0.14300D+03       0.20017D-02       0.20855D+00       0.44614D+00       0.11502D+00
       0.14400D+03       0.20480D-02       0.48938D+00       0.44707D+00       0.11518D+00
       0.14500D+03       0.21038D-02       0.84451D-01       0.44784D+00       0.11420D+00
       0.14600D+03       0.20825D-02      -0.39100D+00       0.44729D+00       0.11667D+00
       0.14700D+03       0.20759D-02      -0.20039D+00       0.44636D+00       0.11639D+00
       0.14800D+03       0.20558D-02       0.21133D+00       0.44622D+00       0.11572D+00
       0.14900D+03       0.20895D-02       0.52222D+00       0.44708D+00       0.11569D+00
       0.15000D+03       0.21410D-02       0.15008D+00       0.44787D+00       0.11473D+00
       0.15100D+03       0.21234D-02      -0.34722D+00       0.44741D+00       0.11571D+00
       0.15200D+03       0.21146D-02      -0.16905D+00       0.44647D+00       0.11534D+00
       0.15300D+03       0.20951D-02       0.22757D+00       0.44627D+00       0.11468D+00
       0.15400D+03       0.21138D-02       0.56573D+00       0.44707D+00       0.11447D+00
       0.15500D+03       0.21578D-02       0.22774D+00       0.44787D+00       0.11353D+00
       0.15600D+03       0.21442D-02      -0.28827D+00       0.44750D+00       0.11457D+00
       0.15700D+03       0.21351D-02      -0.12724D+00       0.44654D+00       0.11420D+00
       0.15800D+03       0.21165D-02       0.25254D+00       0.44630D+00       0.11360D+00
       0.15900D+03       0.21201D-02       0.61496D+00       0.44703D+00       0.11319D+00
       0.16000D+03       0.21553D-02       0.31207D+00       0.44785D+00       0.11229D+00
       0.16100D+03       0.21452D-02      -0.21976D+00       0.44755D+00       0.11336D+00
       0.16200D+03       0.21360D-02      -0.80989D-01       0.44658D+00       0.11298D+00
       0.16300D+03       0.21186D-02       0.28062D+00       0.44629D+00       0.11246D+00
       0.16400D+03       0.21102D-02       0.66421D+00       0.44696D+00       0.11183D+00
       0.16500D+03       0.21353D-02       0.39700D+00       0.44779D+00       0.11095D+00
       0.16600D+03       0.21275D-02      -0.14794D+00       0.44757D+00       0.11205D+00
       0.16700D+03       0.21162D-02      -0.36640D-01       0.44658D+00       0.11161D+00
       0.16800D+03       0.21002D-02       0.30602D+00       0.44625D+00       0.11119D+00
       0.16900D+03       0.20908D-02       0.70771D+00       0.44687D+00       0.11060D+00
       0.17000D+03       0.21083D-02       0.47655D+00       0.44769D+00       0.10976D+00
       0.17100D+03       0.21010D-02      -0.78973D-01       0.44754D+00       0.11104D+00
       0.17200D+03       0.20882D-02      -0.10089D-03       0.44655D+00       0.11060D+00
       0.17300D+03       0.20735D-02       0.32340D+00       0.44619D+00       0.11022D+00
       0.17400D+03       0.20595D-02       0.74026D+00       0.44674D+00       0.10964D+00
       0.17500D+03       0.20678D-02       0.54538D+00       0.44757D+00       0.10881D+00
       0.17600D+03       0.20590D-02      -0.18257D-01       0.44748D+00       0.11008D+00
       0.17700D+03       0.20450D-02       0.23707D-01       0.44650D+00       0.10966D+00
       0.17800D+03       0.20318D-02       0.32843D+00       0.44610D+00       0.10935D+00
       0.17900D+03       0.20180D-02       0.75771D+00       0.44660D+00       0.10873D+00
       0.18000D+03       0.20207D-02       0.59933D+00       0.44742D+00       0.10793D+00
       0.18100D+03       0.20090D-02       0.30028D-01       0.44740D+00       0.10935D+00
       0.18200D+03       0.19941D-02       0.31264D-01       0.44643D+00       0.10894D+00
       0.18300D+03       0.19824D-02       0.31814D+00       0.44601D+00       0.10875D+00
       0.18400D+03       0.19690D-02       0.75732D+00       0.44645D+00       0.10806D+00
       0.18500D+03       0.19693D-02       0.63571D+00       0.44726D+00       0.10744D+00
       0.18600D+03       0.19559D-02       0.63244D-01       0.44730D+00       0.10701D+00
       0.18700D+03       0.19409D-02       0.20704D-01       0.44636D+00       0.10663D+00
       0.18800D+03       0.19306D-02       0.29114D+00       0.44592D+00       0.10644D+00
       0.18900D+03       0.19175D-02       0.73795D+00       0.44631D+00       0.10580D+00
       0.19000D+03       0.19186D-02       0.65344D+00       0.44711D+00       0.10696D+00
       0.19100D+03       0.19077D-02       0.80451D-01       0.44721D+00       0.10828D+00
       0.19200D+03       0.18928D-02      -0.80549D-02       0.44631D+00       0.10987D+00
       0.19300D+03       0.18841D-02       0.24772D+00       0.44585D+00       0.10943D+00
       0.19400D+03       0.18714D-02       0.70014D+00       0.44619D+00       0.10880D+00
       0.19500D+03       0.18756D-02       0.65313D+00       0.44697D+00       0.10973D+00
       0.19600D+03       0.18701D-02       0.82435D-01       0.44712D+00       0.11249D+00
       0.19700D+03       0.18562D-02      -0.53295D-01       0.44627D+00       0.11388D+00
       0.19800D+03       0.18485D-02       0.18989D+00       0.44581D+00       0.11344D+00
       0.19900D+03       0.18361D-02       0.64610D+00       0.44609D+00       0.11281D+00
       0.20000D+03       0.18456D-02       0.63699D+00       0.44686D+00       0.11367D+00
       0.20100D+03       0.18468D-02       0.71627D-01       0.44706D+00       0.11315D+00
       0.20200D+03       0.18330D-02      -0.11159D+00       0.44627D+00       0.11289D+00
       0.20300D+03       0.18263D-02       0.12123D+00       0.44579D+00       0.11248D+00
       0.20400D+03       0.18142D-02       0.57955D+00       0.44603D+00       0.11188D+00
       0.20500D+03       0.18304D-02       0.60870D+00       0.44678D+00       0.11270D+00
       0.20600D+03       0.18414D-02       0.51926D-01       0.44702D+00       0.11211D+00
       0.20700D+03       0.18286D-02      -0.17804D+00       0.44629D+00       0.11208D+00
       0.20800D+03       0.18227D-02       0.46670D-01       0.44581D+00       0.11170D+00
       0.20900D+03       0.18107D-02       0.50546D+00       0.44600D+00       0.11113D+00
       0.21000D+03       0.18306D-02       0.57310D+00       0.44673D+00       0.11174D+00
       0.21100D+03       0.18419D-02       0.28371D-01       0.44702D+00       0.11115D+00
       0.21200D+03       0.18310D-02      -0.24664D+00       0.44635D+00       0.11113D+00
       0.21300D+03       0.18260D-02      -0.27973D-01       0.44585D+00       0.11084D+00
       0.21400D+03       0.18140D-02       0.42967D+00       0.44600D+00       0.11030D+00
       0.21500D+03       0.18399D-02       0.53577D+00       0.44670D+00       0.11085D+00
       0.21600D+03       0.18588D-02       0.66660D-02       0.44703D+00       0.11026D+00
       0.21700D+03       0.18476D-02      -0.31087D+00       0.44642D+00       0.11039D+00
       0.21800D+03       0.18430D-02      -0.96548D-01       0.44592D+00       0.11014D+00
       0.21900D+03       0.18310D-02       0.35824D+00       0.44602D+00       0.10962D+00
       0.22000D+03       0.18620D-02       0.50244D+00       0.44670D+00       0.11010D+00
       0.22100D+03       0.18869D-02      -0.74369D-02       0.44706D+00       0.10952D+00
       0.22200D+03       0.18756D-02      -0.36434D+00       0.44651D+00       0.10977D+00
       0.22300D+03       0.18713D-02      -0.15330D+00       0.44600D+00       0.10970D+00
       0.22400D+03       0.18593D-02       0.29678D+00       0.44606D+00       0.10920D+00
       0.22500D+03       0.18934D-02       0.47832D+00       0.44671D+00       0.10960D+00
       0.22600D+03       0.19232D-02      -0.88424D-02       0.44710D+00       0.10903D+00
       0.22700D+03       0.19105D-02      -0.40158D+00       0.44662D+00       0.10938D+00
       0.22800D+03       0.19065D-02      -0.19359D+00       0.44609D+00       0.10937D+00
       0.22900D+03       0.18944D-02       0.24977D+00       0.44611D+00       0.10890D+00
       0.23000D+03       0.19293D-02       0.46743D+00       0.44673D+00       0.10921D+00
       0.23100D+03       0.19624D-02       0.62128D-02       0.44715D+00       0.10864D+00
       0.23200D+03       0.19485D-02      -0.41864D+00       0.44672D+00       0.10989D+00
       0.23300D+03       0.19446D-02      -0.21452D+00       0.44619D+00       0.10980D+00
       0.23400D+03       0.19326D-02       0.21998D+00       0.44617D+00       0.10934D+00
       0.23500D+03       0.19651D-02       0.47206D+00       0.44676D+00       0.10956D+00
       0.23600D+03       0.19995D-02       0.39626D-01       0.44720D+00       0.10899D+00
       0.23700D+03       0.19857D-02      -0.41363D+00       0.44682D+00       0.11039D+00
       0.23800D+03       0.19818D-02      -0.21533D+00       0.44627D+00       0.11026D+00
       0.23900D+03       0.19698D-02       0.20807D+00       0.44622D+00       0.10984D+00
       0.24000D+03       0.19970D-02       0.49244D+00       0.44678D+00       0.10995D+00
       0.24100D+03       0.20305D-02       0.91142D-01       0.44724D+00       0.10938D+00
       0.24200D+03       0.20183D-02      -0.38695D+00       0.44692D+00       0.11091D+00
       0.24300D+03       0.20141D-02      -0.19754D+00       0.44635D+00       0.11076D+00
       0.24400D+03       0.20023D-02       0.21257D+00       0.44626D+00       0.11037D+00
       0.24500D+03       0.20220D-02       0.52670D+00       0.44679D+00       0.11036D+00
       0.24600D+03       0.20532D-02       0.15837D+00       0.44727D+00       0.10980D+00
       0.24700D+03       0.20432D-02      -0.34121D+00       0.44700D+00       0.11043D+00
       0.24800D+03       0.20389D-02      -0.16473D+00       0.44642D+00       0.11022D+00
       0.24900D+03       0.20274D-02       0.23006D+00       0.44629D+00       0.10986D+00
       0.25000D+03       0.20380D-02       0.57112D+00       0.44678D+00       0.10974D+00
       0.25100D+03       0.20649D-02       0.23708D+00       0.44728D+00       0.10919D+00
       0.25200D+03       0.20572D-02      -0.28087D+00       0.44706D+00       0.10985D+00
       0.25300D+03       0.20517D-02      -0.12210D+00       0.44646D+00       0.10963D+00
       0.25400D+03       0.20406D-02       0.25567D+00       0.44630D+00       0.10928D+00
       0.25500D+03       0.20421D-02       0.62065D+00       0.44676D+00       0.10903D+00
       0.25600D+03       0.20636D-02       0.32178D+00       0.44727D+00       0.10848D+00
       0.25700D+03       0.20578D-02      -0.21167D+00       0.44710D+00       0.10917D+00
       0.25800D+03       0.20522D-02      -0.75750D-01       0.44648D+00       0.10895D+00
       0.25900D+03       0.20417D-02       0.28374D+00       0.44630D+00       0.10863D+00
       0.26000D+03       0.20361D-02       0.66953D+00       0.44672D+00       0.10823D+00
       0.26100D+03       0.20514D-02       0.40640D+00       0.44724D+00       0.10769D+00
       0.26200D+03       0.20469D-02      -0.13987D+00       0.44711D+00       0.10840D+00
       0.26300D+03       0.20399D-02      -0.32003D-01       0.44649D+00       0.10813D+00
       0.26400D+03       0.20301D-02       0.30848D+00       0.44627D+00       0.10787D+00
       0.26500D+03       0.20239D-02       0.71204D+00       0.44666D+00       0.10749D+00
       0.26600D+03       0.20345D-02       0.48498D+00       0.44719D+00       0.10696D+00
       0.26700D+03       0.20301D-02      -0.71585D-01       0.44710D+00       0.10780D+00
       0.26800D+03       0.20219D-02       0.33171D-02       0.44647D+00       0.10753D+00
       0.26900D+03       0.20129D-02       0.32466D+00       0.44623D+00       0.10729D+00
       0.27000D+03       0.20041D-02       0.74306D+00       0.44658D+00       0.10692D+00
       0.27100D+03       0.20090D-02       0.55231D+00       0.44712D+00       0.10640D+00
       0.27200D+03       0.20033D-02      -0.12095D-01       0.44707D+00       0.10723D+00
       0.27300D+03       0.19944D-02       0.25431D-01       0.44643D+00       0.10696D+00
       0.27400D+03       0.19861D-02       0.32808D+00       0.44617D+00       0.10677D+00
       0.27500D+03       0.19773D-02       0.75860D+00       0.44649D+00       0.10638D+00
       0.27600D+03       0.19788D-02       0.60437D+00       0.44703D+00       0.10587D+00
       0.27700D+03       0.19710D-02       0.34583D-01       0.44702D+00       0.10680D+00
       0.27800D+03       0.19615D-02       0.30995D-01       0.44639D+00       0.10654D+00
       0.27900D+03       0.19540D-02       0.31593D+00       0.44611D+00       0.10642D+00
       0.28000D+03       0.19452D-02       0.75608D+00       0.44640D+00       0.10598D+00
       0.28100D+03       0.19454D-02       0.63866D+00       0.44693D+00       0.10558D+00
       0.28200D+03       0.19366D-02       0.65999D-01       0.44696D+00       0.10530D+00
       0.28300D+03       0.19267D-02       0.18342D-01       0.44634D+00       0.10514D+00
       0.28400D+03       0.19199D-02       0.28702D+00       0.44605D+00       0.10503D+00
       0.28500D+03       0.19113D-02       0.73456D+00       0.44630D+00       0.10461D+00
       0.28600D+03       0.19122D-02       0.65428D+00       0.44684D+00       0.10538D+00
       0.28700D+03       0.19053D-02       0.81410D-01       0.44691D+00       0.10627D+00
       0.28800D+03       0.18954D-02      -0.12405D-01       0.44631D+00       0.10733D+00
       0.28900D+03       0.18895D-02       0.24184D+00       0.44600D+00       0.10704D+00
       0.29000D+03       0.18810D-02       0.69478D+00       0.44622D+00       0.10663D+00
       0.29100D+03       0.18842D-02       0.65204D+00       0.44675D+00       0.10839D+00
       0.29200D+03       0.18808D-02       0.81792D-01       0.44686D+00       0.10912D+00
       0.29300D+03       0.18711D-02      -0.59328D-01       0.44629D+00       0.11002D+00
       0.29400D+03       0.18659D-02       0.18257D+00       0.44597D+00       0.10974D+00
       0.29500D+03       0.18574D-02       0.63910D+00       0.44616D+00       0.10933D+00
       0.29600D+03       0.18643D-02       0.63431D+00       0.44668D+00       0.10992D+00
       0.29700D+03       0.18657D-02       0.69756D-01       0.44682D+00       0.10960D+00
       0.29800D+03       0.18564D-02      -0.11882D+00       0.44629D+00       0.10946D+00
       0.29900D+03       0.18518D-02       0.11298D+00       0.44596D+00       0.10919D+00
       0.30000D+03       0.18434D-02       0.57142D+00       0.44612D+00       0.10879D+00
       0.30100D+03       0.18531D-02       0.60493D+00       0.44663D+00       0.10926D+00
       0.30200D+03       0.18566D-02       0.49347D-01       0.44680D+00       0.10886D+00
       0.30300D+03       0.18479D-02      -0.18583D+00       0.44630D+00       0.10872D+00
       0.30400D+03       0.18438D-02       0.38098D-01       0.44597D+00       0.10847D+00
       0.30500D+03       0.18355D-02       0.49685D+00       0.44610D+00       0.10809D+00
       0.30600D+03       0.18496D-02       0.56885D+00       0.44660D+00       0.10852D+00
       0.30700D+03       0.18579D-02       0.25708D-01       0.44680D+00       0.10813D+00
       0.30800D+03       0.18505D-02      -0.25426D+00       0.44634D+00       0.10814D+00
       0.30900D+03       0.18470D-02      -0.36165D-01       0.44600D+00       0.10795D+00
       0.31000D+03       0.18387D-02       0.42125D+00       0.44610D+00       0.10758D+00
       0.31100D+03       0.18570D-02       0.53169D+00       0.44658D+00       0.10797D+00
       0.31200D+03       0.18701D-02       0.45818D-02       0.44681D+00       0.10757D+00
       0.31300D+03       0.18629D-02      -0.31758D+00       0.44640D+00       0.10768D+00
       0.31400D+03       0.18597D-02      -0.10367D+00       0.44605D+00       0.10751D+00
       0.31500D+03       0.18513D-02       0.35067D+00       0.44611D+00       0.10716D+00
       0.31600D+03       0.18732D-02       0.49916D+00       0.44659D+00       0.10750D+00
       0.31700D+03       0.18910D-02      -0.83186D-02       0.44684D+00       0.10711D+00
       0.31800D+03       0.18831D-02      -0.36947D+00       0.44646D+00       0.10730D+00
       0.31900D+03       0.18802D-02      -0.15877D+00       0.44610D+00       0.10726D+00
       0.32000D+03       0.18717D-02       0.29065D+00       0.44614D+00       0.10692D+00
       0.32100D+03       0.18957D-02       0.47636D+00       0.44660D+00       0.10720D+00
       0.32200D+03       0.19170D-02      -0.80163D-02       0.44688D+00       0.10681D+00
       0.32300D+03       0.19082D-02      -0.40458D+00       0.44654D+00       0.10707D+00
       0.32400D+03       0.19053D-02      -0.19697D+00       0.44617D+00       0.10713D+00
       0.32500D+03       0.18968D-02       0.24550D+00       0.44618D+00       0.10681D+00
       0.32600D+03       0.19214D-02       0.46715D+00       0.44661D+00       0.10703D+00
       0.32700D+03       0.19451D-02       0.90633D-02       0.44691D+00       0.10663D+00
       0.32800D+03       0.19353D-02      -0.41919D+00       0.44661D+00       0.10754D+00
       0.32900D+03       0.19323D-02      -0.21561D+00       0.44623D+00       0.10765D+00
       0.33000D+03       0.19238D-02       0.21774D+00       0.44621D+00       0.10733D+00
       0.33100D+03       0.19467D-02       0.47360D+00       0.44663D+00       0.10748D+00
       0.33200D+03       0.19713D-02       0.44583D-01       0.44695D+00       0.10709D+00
       0.33300D+03       0.19617D-02      -0.41166D+00       0.44669D+00       0.10810D+00
       0.33400D+03       0.19587D-02      -0.21419D+00       0.44629D+00       0.10801D+00
       0.33500D+03       0.19503D-02       0.20780D+00       0.44625D+00       0.10772D+00
       0.33600D+03       0.19694D-02       0.49568D+00       0.44665D+00       0.10779D+00
       0.33700D+03       0.19932D-02       0.98038D-01       0.44698D+00       0.10740D+00
       0.33800D+03       0.19849D-02      -0.38265D+00       0.44676D+00       0.10851D+00
       0.33900D+03       0.19817D-02      -0.19449D+00       0.44635D+00       0.10837D+00
       0.34000D+03       0.19734D-02       0.21398D+00       0.44628D+00       0.10810D+00
       0.34100D+03       0.19869D-02       0.53131D+00       0.44666D+00       0.10809D+00
       0.34200D+03       0.20089D-02       0.16680D+00       0.44701D+00       0.10770D+00
       0.34300D+03       0.20023D-02      -0.33500D+00       0.44681D+00       0.10816D+00
       0.34400D+03       0.19990D-02      -0.16028D+00       0.44639D+00       0.10801D+00
       0.34500D+03       0.19909D-02       0.23266D+00       0.44630D+00       0.10776D+00
       0.34600D+03       0.19979D-02       0.57658D+00       0.44665D+00       0.10767D+00
       0.34700D+03       0.20171D-02       0.24649D+00       0.44702D+00       0.10727D+00
       0.34800D+03       0.20118D-02      -0.27336D+00       0.44686D+00       0.10776D+00
       0.34900D+03       0.20078D-02      -0.11691D+00       0.44642D+00       0.10761D+00
       0.35000D+03       0.20000D-02       0.25884D+00       0.44631D+00       0.10735D+00
       0.35100D+03       0.20006D-02       0.62633D+00       0.44664D+00       0.10717D+00
       0.35200D+03       0.20158D-02       0.33149D+00       0.44701D+00       0.10677D+00
       0.35300D+03       0.20119D-02      -0.20354D+00       0.44689D+00       0.10728D+00
       0.35400D+03       0.20076D-02      -0.70545D-01       0.44644D+00       0.10710D+00
       0.35500D+03       0.20001D-02       0.28681D+00       0.44630D+00       0.10687D+00
       0.35600D+03       0.19958D-02       0.67478D+00       0.44661D+00       0.10657D+00
       0.35700D+03       0.20066D-02       0.41571D+00       0.44699D+00       0.10618D+00
       0.35800D+03       0.20035D-02      -0.13185D+00       0.44690D+00       0.10671D+00
       0.35900D+03       0.19983D-02      -0.27476D-01       0.44644D+00       0.10651D+00
       0.36000D+03       0.19913D-02       0.31083D+00       0.44628D+00       0.10632D+00
       0.36100D+03       0.19865D-02       0.71622D+00       0.44656D+00       0.10603D+00
       0.36200D+03       0.19938D-02       0.49326D+00       0.44696D+00       0.10565D+00
       0.36300D+03       0.19906D-02      -0.64312D-01       0.44689D+00       0.10627D+00
       0.36400D+03       0.19846D-02       0.65637D-02       0.44643D+00       0.10608D+00
       0.36500D+03       0.19781D-02       0.32575D+00       0.44625D+00       0.10590D+00
       0.36600D+03       0.19717D-02       0.74566D+00       0.44651D+00       0.10562D+00
       0.36700D+03       0.19750D-02       0.55904D+00       0.44690D+00       0.10525D+00
       0.36800D+03       0.19707D-02      -0.60992D-02       0.44687D+00       0.10586D+00
       0.36900D+03       0.19642D-02       0.26940D-01       0.44640D+00       0.10567D+00
       0.37000D+03       0.19582D-02       0.32752D+00       0.44620D+00       0.10553D+00
       0.37100D+03       0.19517D-02       0.75925D+00       0.44644D+00       0.10524D+00
       0.37200D+03       0.19526D-02       0.60919D+00       0.44684D+00       0.10487D+00
       0.37300D+03       0.19468D-02       0.38941D-01       0.44684D+00       0.10556D+00
       0.37400D+03       0.19396D-02       0.30490D-01       0.44637D+00       0.10634D+00
       0.37500D+03       0.19341D-02       0.31350D+00       0.44616D+00       0.10624D+00
       0.37600D+03       0.19277D-02       0.75460D+00       0.44637D+00       0.10592D+00
       0.37700D+03       0.19278D-02       0.64137D+00       0.44677D+00       0.10562D+00
       0.37800D+03       0.19213D-02       0.68548D-01       0.44680D+00       0.10541D+00
       0.37900D+03       0.19139D-02       0.15746D-01       0.44633D+00       0.10529D+00
       0.38000D+03       0.19091D-02       0.28269D+00       0.44611D+00       0.10514D+00
       0.38100D+03       0.19026D-02       0.73094D+00       0.44630D+00       0.10483D+00
       0.38200D+03       0.19035D-02       0.65490D+00       0.44670D+00       0.10541D+00
       0.38300D+03       0.18986D-02       0.82174D-01       0.44675D+00       0.10607D+00
       0.38400D+03       0.18911D-02      -0.16964D-01       0.44631D+00       0.10687D+00
       0.38500D+03       0.18868D-02       0.23577D+00       0.44608D+00       0.10665D+00
       0.38600D+03       0.18804D-02       0.68920D+00       0.44624D+00       0.10634D+00
       0.38700D+03       0.18830D-02       0.65075D+00       0.44664D+00       0.10766D+00
       0.38800D+03       0.18807D-02       0.80988D-01       0.44672D+00       0.10821D+00
       0.38900D+03       0.18734D-02      -0.65523D-01       0.44629D+00       0.10890D+00
       0.39000D+03       0.18695D-02       0.17512D+00       0.44605D+00       0.10868D+00
       0.39100D+03       0.18631D-02       0.63195D+00       0.44619D+00       0.10837D+00
       0.39200D+03       0.18687D-02       0.63149D+00       0.44659D+00       0.10883D+00
       0.39300D+03       0.18703D-02       0.67775D-01       0.44670D+00       0.10860D+00
       0.39400D+03       0.18633D-02      -0.12614D+00       0.44629D+00       0.10851D+00
       0.39500D+03       0.18598D-02       0.10465D+00       0.44605D+00       0.10831D+00
       0.39600D+03       0.18534D-02       0.56321D+00       0.44616D+00       0.10801D+00
       0.39700D+03       0.18612D-02       0.60108D+00       0.44655D+00       0.10836D+00
       0.39800D+03       0.18641D-02       0.46725D-01       0.44668D+00       0.10806D+00
       0.39900D+03       0.18576D-02      -0.19363D+00       0.44631D+00       0.10797D+00
       0.40000D+03       0.18547D-02       0.29534D-01       0.44606D+00       0.10781D+00
       0.40100D+03       0.18482D-02       0.48821D+00       0.44615D+00       0.10752D+00
       0.40200D+03       0.18594D-02       0.56458D+00       0.44653D+00       0.10785D+00
       0.40300D+03       0.18661D-02       0.23077D-01       0.44669D+00       0.10755D+00
       0.40400D+03       0.18598D-02      -0.26182D+00       0.44634D+00       0.10755D+00
       0.40500D+03       0.18571D-02      -0.44270D-01       0.44608D+00       0.10740D+00
       0.40600D+03       0.18507D-02       0.41288D+00       0.44615D+00       0.10713D+00
       0.40700D+03       0.18650D-02       0.52767D+00       0.44652D+00       0.10742D+00
       0.40800D+03       0.18754D-02       0.26041D-02       0.44670D+00       0.10712D+00
       0.40900D+03       0.18701D-02      -0.32415D+00       0.44638D+00       0.10722D+00
       0.41000D+03       0.18676D-02      -0.11064D+00       0.44611D+00       0.10709D+00
       0.41100D+03       0.18612D-02       0.34325D+00       0.44616D+00       0.10682D+00
       0.41200D+03       0.18782D-02       0.49600D+00       0.44652D+00       0.10707D+00
       0.41300D+03       0.18922D-02      -0.90291D-02       0.44672D+00       0.10677D+00
       0.41400D+03       0.18862D-02      -0.37438D+00       0.44644D+00       0.10693D+00
       0.41500D+03       0.18839D-02      -0.16401D+00       0.44616D+00       0.10690D+00
       0.41600D+03       0.18774D-02       0.28472D+00       0.44618D+00       0.10664D+00
       0.41700D+03       0.18960D-02       0.47458D+00       0.44653D+00       0.10686D+00
       0.41800D+03       0.19126D-02      -0.69726D-02       0.44675D+00       0.10655D+00
       0.41900D+03       0.19059D-02      -0.40732D+00       0.44649D+00       0.10677D+00
       0.42000D+03       0.19037D-02      -0.20010D+00       0.44621D+00       0.10681D+00
       0.42100D+03       0.18971D-02       0.24145D+00       0.44621D+00       0.10656D+00
       0.42200D+03       0.19161D-02       0.46708D+00       0.44655D+00       0.10673D+00
       0.42300D+03       0.19345D-02       0.12153D-01       0.44678D+00       0.10642D+00
       0.42400D+03       0.19270D-02      -0.41946D+00       0.44655D+00       0.10668D+00
       0.42500D+03       0.19247D-02      -0.21644D+00       0.44626D+00       0.10677D+00
       0.42600D+03       0.19182D-02       0.21573D+00       0.44624D+00       0.10653D+00
       0.42700D+03       0.19358D-02       0.47533D+00       0.44656D+00       0.10664D+00
       0.42800D+03       0.19549D-02       0.49772D-01       0.44681D+00       0.10634D+00
       0.42900D+03       0.19476D-02      -0.40942D+00       0.44661D+00       0.10714D+00
       0.43000D+03       0.19451D-02      -0.21282D+00       0.44630D+00       0.10707D+00
       0.43100D+03       0.19386D-02       0.20775D+00       0.44627D+00       0.10684D+00
       0.43200D+03       0.19531D-02       0.49910D+00       0.44658D+00       0.10690D+00
       0.43300D+03       0.19717D-02       0.10513D+00       0.44684D+00       0.10659D+00
       0.43400D+03       0.19654D-02      -0.37812D+00       0.44667D+00       0.10746D+00
       0.43500D+03       0.19628D-02      -0.19125D+00       0.44635D+00       0.10736D+00
       0.43600D+03       0.19564D-02       0.21555D+00       0.44629D+00       0.10715D+00
       0.43700D+03       0.19665D-02       0.53605D+00       0.44658D+00       0.10714D+00
       0.43800D+03       0.19835D-02       0.17539D+00       0.44686D+00       0.10683D+00
       0.43900D+03       0.19786D-02      -0.32862D+00       0.44671D+00       0.10720D+00
       0.44000D+03       0.19759D-02      -0.15572D+00       0.44638D+00       0.10709D+00
       0.44100D+03       0.19696D-02       0.23535D+00       0.44631D+00       0.10689D+00
       0.44200D+03       0.19746D-02       0.58210D+00       0.44658D+00       0.10681D+00
       0.44300D+03       0.19891D-02       0.25597D+00       0.44687D+00       0.10650D+00
       0.44400D+03       0.19855D-02      -0.26574D+00       0.44675D+00       0.10689D+00
       0.44500D+03       0.19828D-02      -0.11169D+00       0.44640D+00       0.10677D+00
       0.44600D+03       0.19768D-02       0.26203D+00       0.44631D+00       0.10659D+00
       0.44700D+03       0.19769D-02       0.63200D+00       0.44657D+00       0.10644D+00
       0.44800D+03       0.19885D-02       0.34119D+00       0.44686D+00       0.10613D+00
       0.44900D+03       0.19856D-02      -0.19539D+00       0.44677D+00       0.10654D+00
       0.45000D+03       0.19821D-02      -0.65383D-01       0.44642D+00       0.10639D+00
       0.45100D+03       0.19763D-02       0.28984D+00       0.44630D+00       0.10621D+00
       0.45200D+03       0.19727D-02       0.67993D+00       0.44654D+00       0.10597D+00
       0.45300D+03       0.19809D-02       0.42495D+00       0.44685D+00       0.10566D+00
       0.45400D+03       0.19785D-02      -0.12388D+00       0.44678D+00       0.10608D+00
       0.45500D+03       0.19743D-02      -0.23065D-01       0.44641D+00       0.10593D+00
       0.45600D+03       0.19689D-02       0.31307D+00       0.44629D+00       0.10578D+00
       0.45700D+03       0.19649D-02       0.72025D+00       0.44651D+00       0.10554D+00
       0.45800D+03       0.19703D-02       0.50140D+00       0.44682D+00       0.10524D+00
       0.45900D+03       0.19677D-02      -0.57160D-01       0.44677D+00       0.10572D+00
       0.46000D+03       0.19630D-02       0.96332D-02       0.44640D+00       0.10558D+00
       0.46100D+03       0.19579D-02       0.32668D+00       0.44626D+00       0.10543D+00
       0.46200D+03       0.19529D-02       0.74806D+00       0.44646D+00       0.10521D+00
       0.46300D+03       0.19553D-02       0.56557D+00       0.44678D+00       0.10491D+00
       0.46400D+03       0.19518D-02      -0.27456D-03       0.44676D+00       0.10540D+00
       0.46500D+03       0.19466D-02       0.28230D-01       0.44638D+00       0.10526D+00
       0.46600D+03       0.19419D-02       0.32676D+00       0.44622D+00       0.10514D+00
       0.46700D+03       0.19368D-02       0.75967D+00       0.44641D+00       0.10491D+00
       0.46800D+03       0.19374D-02       0.61376D+00       0.44673D+00       0.10462D+00
       0.46900D+03       0.19326D-02       0.43098D-01       0.44673D+00       0.10517D+00
       0.47000D+03       0.19269D-02       0.29747D-01       0.44635D+00       0.10579D+00
       0.47100D+03       0.19226D-02       0.31086D+00       0.44619D+00       0.10571D+00
       0.47200D+03       0.19175D-02       0.75287D+00       0.44635D+00       0.10545D+00
       0.47300D+03       0.19175D-02       0.64383D+00       0.44667D+00       0.10522D+00
       0.47400D+03       0.19125D-02       0.70888D-01       0.44670D+00       0.10505D+00
       0.47500D+03       0.19066D-02       0.12917D-01       0.44633D+00       0.10495D+00
       0.47600D+03       0.19027D-02       0.27815D+00       0.44615D+00       0.10483D+00
       0.47700D+03       0.18976D-02       0.72708D+00       0.44630D+00       0.10458D+00
       0.47800D+03       0.18984D-02       0.65528D+00       0.44662D+00       0.10505D+00
       0.47900D+03       0.18947D-02       0.82745D-01       0.44666D+00       0.10558D+00
       0.48000D+03       0.18888D-02      -0.21729D-01       0.44631D+00       0.10622D+00
       0.48100D+03       0.18853D-02       0.22952D+00       0.44612D+00       0.10604D+00
       0.48200D+03       0.18801D-02       0.68343D+00       0.44625D+00       0.10580D+00
       0.48300D+03       0.18825D-02       0.64926D+00       0.44657D+00       0.10686D+00
       0.48400D+03       0.18809D-02       0.80027D-01       0.44664D+00       0.10730D+00
       0.48500D+03       0.18750D-02      -0.71874D-01       0.44630D+00       0.10785D+00
       0.48600D+03       0.18719D-02       0.16754D+00       0.44610D+00       0.10767D+00
       0.48700D+03       0.18668D-02       0.62464D+00       0.44621D+00       0.10743D+00
       0.48800D+03       0.18716D-02       0.62851D+00       0.44653D+00       0.10780D+00
       0.48900D+03       0.18732D-02       0.65692D-01       0.44662D+00       0.10763D+00
       0.49000D+03       0.18676D-02      -0.13356D+00       0.44630D+00       0.10757D+00
       0.49100D+03       0.18648D-02       0.96261D-01       0.44610D+00       0.10740D+00
       0.49200D+03       0.18597D-02       0.55492D+00       0.44619D+00       0.10717D+00
       0.49300D+03       0.18662D-02       0.59715D+00       0.44650D+00       0.10745D+00
       0.49400D+03       0.18688D-02       0.44070D-01       0.44661D+00       0.10721D+00
       0.49500D+03       0.18637D-02      -0.20145D+00       0.44631D+00       0.10715D+00
       0.49600D+03       0.18613D-02       0.20986D-01       0.44611D+00       0.10702D+00
       0.49700D+03       0.18561D-02       0.47958D+00       0.44618D+00       0.10679D+00
       0.49800D+03       0.18655D-02       0.56031D+00       0.44649D+00       0.10706D+00
       0.49900D+03       0.18712D-02       0.20487D-01       0.44662D+00       0.10681D+00
       0.50000D+03       0.18663D-02      -0.26930D+00       0.44634D+00       0.10683D+00
       0.50100D+03       0.18641D-02      -0.52279D-01       0.44613D+00       0.10671D+00
       0.50200D+03       0.18589D-02       0.40459D+00       0.44618D+00       0.10649D+00
       0.50300D+03       0.18708D-02       0.52371D+00       0.44648D+00       0.10672D+00
       0.50400D+03       0.18796D-02       0.74081D-03       0.44663D+00       0.10648D+00
       0.50500D+03       0.18748D-02      -0.33056D+00       0.44638D+00       0.10655D+00
       0.50600D+03       0.18728D-02      -0.11744D+00       0.44616D+00       0.10645D+00
       0.50700D+03       0.18675D-02       0.33596D+00       0.44619D+00       0.10623D+00
       0.50800D+03       0.18816D-02       0.49297D+00       0.44649D+00       0.10644D+00
       0.50900D+03       0.18931D-02      -0.95621D-02       0.44665D+00       0.10619D+00
       0.51000D+03       0.18885D-02      -0.37907D+00       0.44642D+00       0.10634D+00
       0.51100D+03       0.18867D-02      -0.16904D+00       0.44619D+00       0.10626D+00
       0.51200D+03       0.18814D-02       0.27899D+00       0.44621D+00       0.10606D+00
       0.51300D+03       0.18966D-02       0.47298D+00       0.44650D+00       0.10623D+00
       0.51400D+03       0.19103D-02      -0.57074D-02       0.44667D+00       0.10598D+00
       0.51500D+03       0.19049D-02      -0.40979D+00       0.44647D+00       0.10617D+00
       0.51600D+03       0.19033D-02      -0.20296D+00       0.44623D+00       0.10611D+00
       0.51700D+03       0.18980D-02       0.23763D+00       0.44623D+00       0.10591D+00
       0.51800D+03       0.19134D-02       0.46721D+00       0.44651D+00       0.10605D+00
       0.51900D+03       0.19285D-02       0.15483D-01       0.44670D+00       0.10580D+00
       0.52000D+03       0.19225D-02      -0.41944D+00       0.44652D+00       0.10602D+00
       0.52100D+03       0.19211D-02      -0.21702D+00       0.44627D+00       0.10598D+00
       0.52200D+03       0.19157D-02       0.21395D+00       0.44626D+00       0.10580D+00
       0.52300D+03       0.19299D-02       0.47728D+00       0.44652D+00       0.10589D+00
       0.52400D+03       0.19455D-02       0.55192D-01       0.44673D+00       0.10564D+00
       0.52500D+03       0.19397D-02      -0.40690D+00       0.44656D+00       0.10589D+00
       0.52600D+03       0.19376D-02      -0.21122D+00       0.44631D+00       0.10582D+00
       0.52700D+03       0.19323D-02       0.20790D+00       0.44628D+00       0.10571D+00
       0.52800D+03       0.19439D-02       0.50269D+00       0.44653D+00       0.10576D+00
       0.52900D+03       0.19590D-02       0.11242D+00       0.44675D+00       0.10551D+00
       0.53000D+03       0.19540D-02      -0.37334D+00       0.44661D+00       0.10623D+00
       0.53100D+03       0.19518D-02      -0.18783D+00       0.44635D+00       0.10615D+00
       0.53200D+03       0.19466D-02       0.21728D+00       0.44630D+00       0.10597D+00
       0.53300D+03       0.19545D-02       0.54090D+00       0.44654D+00       0.10596D+00
       0.53400D+03       0.19683D-02       0.18410D+00       0.44676D+00       0.10571D+00
       0.53500D+03       0.19644D-02      -0.32206D+00       0.44664D+00       0.10602D+00
       0.53600D+03       0.19621D-02      -0.15104D+00       0.44637D+00       0.10593D+00
       0.53700D+03       0.19570D-02       0.23814D+00       0.44631D+00       0.10576D+00
       0.53800D+03       0.19607D-02       0.58767D+00       0.44653D+00       0.10570D+00
       0.53900D+03       0.19723D-02       0.26551D+00       0.44677D+00       0.10545D+00
       0.54000D+03       0.19695D-02      -0.25802D+00       0.44667D+00       0.10577D+00
       0.54100D+03       0.19672D-02      -0.10643D+00       0.44639D+00       0.10566D+00
       0.54200D+03       0.19622D-02       0.26524D+00       0.44631D+00       0.10551D+00
       0.54300D+03       0.19619D-02       0.63764D+00       0.44652D+00       0.10537D+00
       0.54400D+03       0.19709D-02       0.35087D+00       0.44677D+00       0.10512D+00
       0.54500D+03       0.19689D-02      -0.18723D+00       0.44669D+00       0.10546D+00
       0.54600D+03       0.19660D-02      -0.60272D-01       0.44640D+00       0.10535D+00
       0.54700D+03       0.19613D-02       0.29280D+00       0.44631D+00       0.10519D+00
       0.54800D+03       0.19605D-02       0.68498D+00       0.44650D+00       0.10507D+00
       0.54900D+03       0.19679D-02       0.43408D+00       0.44675D+00       0.10482D+00
       0.55000D+03       0.19659D-02      -0.11597D+00       0.44670D+00       0.10522D+00
       0.55100D+03       0.19627D-02      -0.18780D-01       0.44640D+00       0.10510D+00
       0.55200D+03       0.19582D-02       0.31518D+00       0.44629D+00       0.10501D+00
       0.55300D+03       0.19547D-02       0.72411D+00       0.44647D+00       0.10483D+00
       0.55400D+03       0.19589D-02       0.50937D+00       0.44673D+00       0.10458D+00
       0.55500D+03       0.19567D-02      -0.50135D-01       0.44669D+00       0.10498D+00
       0.55600D+03       0.19529D-02       0.12520D-01       0.44639D+00       0.10487D+00
       0.55700D+03       0.19488D-02       0.32743D+00       0.44627D+00       0.10479D+00
       0.55800D+03       0.19446D-02       0.75024D+00       0.44643D+00       0.10464D+00
       0.55900D+03       0.19464D-02       0.57189D+00       0.44669D+00       0.10440D+00
       0.56000D+03       0.19433D-02       0.53747D-02       0.44668D+00       0.10480D+00
       0.56100D+03       0.19389D-02       0.29300D-01       0.44637D+00       0.10526D+00
       0.56200D+03       0.19350D-02       0.32579D+00       0.44624D+00       0.10516D+00
       0.56300D+03       0.19308D-02       0.75985D+00       0.44639D+00       0.10497D+00
       0.56400D+03       0.19312D-02       0.61811D+00       0.44665D+00       0.10473D+00
       0.56500D+03       0.19272D-02       0.47053D-01       0.44666D+00       0.10518D+00
       0.56600D+03       0.19224D-02       0.28768D-01       0.44635D+00       0.10570D+00
       0.56700D+03       0.19189D-02       0.30799D+00       0.44620D+00       0.10559D+00
       0.56800D+03       0.19146D-02       0.75089D+00       0.44634D+00       0.10538D+00
       0.56900D+03       0.19147D-02       0.64606D+00       0.44661D+00       0.10513D+00
       0.57000D+03       0.19106D-02       0.73023D-01       0.44663D+00       0.10495D+00
       0.57100D+03       0.19056D-02       0.98568D-02       0.44632D+00       0.10482D+00
       0.57200D+03       0.19024D-02       0.27340D+00       0.44618D+00       0.10477D+00
       0.57300D+03       0.18981D-02       0.72300D+00       0.44630D+00       0.10456D+00
       0.57400D+03       0.18989D-02       0.65544D+00       0.44656D+00       0.10495D+00
       0.57500D+03       0.18960D-02       0.83128D-01       0.44660D+00       0.10539D+00
       0.57600D+03       0.18911D-02      -0.26695D-01       0.44631D+00       0.10593D+00
       0.57700D+03       0.18882D-02       0.22310D+00       0.44615D+00       0.10581D+00
       0.57800D+03       0.18839D-02       0.67746D+00       0.44626D+00       0.10561D+00
       0.57900D+03       0.18860D-02       0.64758D+00       0.44652D+00       0.10649D+00
       0.58000D+03       0.18849D-02       0.78916D-01       0.44658D+00       0.10686D+00
       0.58100D+03       0.18800D-02      -0.78376D-01       0.44630D+00       0.10732D+00
       0.58200D+03       0.18774D-02       0.15983D+00       0.44614D+00       0.10717D+00
       0.58300D+03       0.18731D-02       0.61720D+00       0.44623D+00       0.10697D+00
       0.58400D+03       0.18774D-02       0.62540D+00       0.44649D+00       0.10727D+00
       0.58500D+03       0.18790D-02       0.63515D-01       0.44657D+00       0.10714D+00
       0.58600D+03       0.18744D-02      -0.14105D+00       0.44630D+00       0.10710D+00
       0.58700D+03       0.18722D-02       0.87821D-01       0.44614D+00       0.10698D+00
       0.58800D+03       0.18679D-02       0.54655D+00       0.44621D+00       0.10679D+00
       0.58900D+03       0.18736D-02       0.59314D+00       0.44647D+00       0.10702D+00
       0.59000D+03       0.18762D-02       0.41389D-01       0.44657D+00       0.10682D+00
       0.59100D+03       0.18720D-02      -0.20927D+00       0.44632D+00       0.10679D+00
       0.59200D+03       0.18700D-02       0.12464D-01       0.44614D+00       0.10668D+00
       0.59300D+03       0.18656D-02       0.47094D+00       0.44620D+00       0.10649D+00
       0.59400D+03       0.18737D-02       0.55604D+00       0.44646D+00       0.10670D+00
       0.59500D+03       0.18789D-02       0.17947D-01       0.44657D+00       0.10650D+00
       0.59600D+03       0.18748D-02      -0.27670D+00       0.44634D+00       0.10652D+00
       0.59700D+03       0.18730D-02      -0.60183D-01       0.44616D+00       0.10642D+00
       0.59800D+03       0.18686D-02       0.39639D+00       0.44621D+00       0.10624D+00
       0.59900D+03       0.18788D-02       0.51983D+00       0.44646D+00       0.10643D+00
       0.60000D+03       0.18865D-02      -0.10001D-02       0.44658D+00       0.10623D+00
       0.60100D+03       0.18825D-02      -0.33681D+00       0.44637D+00       0.10630D+00
       0.60200D+03       0.18809D-02      -0.12406D+00       0.44619D+00       0.10621D+00
       0.60300D+03       0.18764D-02       0.32883D+00       0.44622D+00       0.10603D+00
       0.60400D+03       0.18884D-02       0.49009D+00       0.44646D+00       0.10620D+00
       0.60500D+03       0.18984D-02      -0.99115D-02       0.44660D+00       0.10600D+00
       0.60600D+03       0.18940D-02      -0.38352D+00       0.44641D+00       0.10611D+00
       0.60700D+03       0.18925D-02      -0.17383D+00       0.44622D+00       0.10611D+00
       0.60800D+03       0.18880D-02       0.27346D+00       0.44623D+00       0.10594D+00
       0.60900D+03       0.19009D-02       0.47156D+00       0.44647D+00       0.10608D+00
       0.61000D+03       0.19127D-02      -0.42173D-02       0.44662D+00       0.10587D+00
       0.61100D+03       0.19078D-02      -0.41198D+00       0.44645D+00       0.10631D+00
       0.61200D+03       0.19063D-02      -0.20558D+00       0.44625D+00       0.10626D+00
       0.61300D+03       0.19018D-02       0.23404D+00       0.44625D+00       0.10609D+00
       0.61400D+03       0.19147D-02       0.46754D+00       0.44648D+00       0.10620D+00
       0.61500D+03       0.19275D-02       0.19053D-01       0.44664D+00       0.10599D+00
       0.61600D+03       0.19223D-02      -0.41913D+00       0.44649D+00       0.10649D+00
       0.61700D+03       0.19209D-02      -0.21734D+00       0.44628D+00       0.10644D+00
       0.61800D+03       0.19164D-02       0.21240D+00       0.44627D+00       0.10629D+00
       0.61900D+03       0.19282D-02       0.47942D+00       0.44649D+00       0.10636D+00
       0.62000D+03       0.19414D-02       0.60839D-01       0.44667D+00       0.10615D+00
       0.62100D+03       0.19367D-02      -0.40411D+00       0.44653D+00       0.10637D+00
       0.62200D+03       0.19352D-02      -0.20939D+00       0.44632D+00       0.10631D+00
       0.62300D+03       0.19307D-02       0.20824D+00       0.44629D+00       0.10616D+00
       0.62400D+03       0.19403D-02       0.50644D+00       0.44650D+00       0.10619D+00
       0.62500D+03       0.19530D-02       0.11989D+00       0.44668D+00       0.10598D+00
       0.62600D+03       0.19489D-02      -0.36834D+00       0.44657D+00       0.10660D+00
       0.62700D+03       0.19474D-02      -0.18424D+00       0.44634D+00       0.10653D+00
       0.62800D+03       0.19430D-02       0.21916D+00       0.44630D+00       0.10639D+00
       0.62900D+03       0.19493D-02       0.54586D+00       0.44650D+00       0.10638D+00
       0.63000D+03       0.19608D-02       0.19294D+00       0.44670D+00       0.10616D+00
       0.63100D+03       0.19577D-02      -0.31533D+00       0.44660D+00       0.10642D+00
       0.63200D+03       0.19557D-02      -0.14626D+00       0.44637D+00       0.10635D+00
       0.63300D+03       0.19514D-02       0.24100D+00       0.44631D+00       0.10621D+00
       0.63400D+03       0.19541D-02       0.59329D+00       0.44650D+00       0.10614D+00
       0.63500D+03       0.19638D-02       0.27510D+00       0.44670D+00       0.10593D+00
       0.63600D+03       0.19615D-02      -0.25022D+00       0.44662D+00       0.10620D+00
       0.63700D+03       0.19594D-02      -0.10116D+00       0.44638D+00       0.10611D+00
       0.63800D+03       0.19553D-02       0.26845D+00       0.44631D+00       0.10598D+00
       0.63900D+03       0.19547D-02       0.64325D+00       0.44649D+00       0.10586D+00
       0.64000D+03       0.19621D-02       0.36053D+00       0.44670D+00       0.10565D+00
       0.64100D+03       0.19604D-02      -0.17906D+00       0.44664D+00       0.10593D+00
       0.64200D+03       0.19579D-02      -0.55223D-01       0.44639D+00       0.10583D+00
       0.64300D+03       0.19539D-02       0.29570D+00       0.44631D+00       0.10570D+00
       0.64400D+03       0.19529D-02       0.68993D+00       0.44647D+00       0.10559D+00
       0.64500D+03       0.19586D-02       0.44311D+00       0.44669D+00       0.10537D+00
       0.64600D+03       0.19572D-02      -0.10813D+00       0.44664D+00       0.10572D+00
       0.64700D+03       0.19544D-02      -0.14627D-01       0.44638D+00       0.10562D+00
       0.64800D+03       0.19507D-02       0.31716D+00       0.44629D+00       0.10554D+00
       0.64900D+03       0.19475D-02       0.72780D+00       0.44645D+00       0.10536D+00
       0.65000D+03       0.19505D-02       0.51718D+00       0.44667D+00       0.10515D+00
       0.65100D+03       0.19488D-02      -0.43245D-01       0.44664D+00       0.10550D+00
       0.65200D+03       0.19456D-02       0.15218D-01       0.44637D+00       0.10540D+00
       0.65300D+03       0.19421D-02       0.32799D+00       0.44627D+00       0.10532D+00
       0.65400D+03       0.19385D-02       0.75221D+00       0.44641D+00       0.10520D+00
       0.65500D+03       0.19399D-02       0.57800D+00       0.44664D+00       0.10499D+00
       0.65600D+03       0.19372D-02       0.10844D-01       0.44662D+00       0.10533D+00
       0.65700D+03       0.19334D-02       0.30145D-01       0.44636D+00       0.10572D+00
       0.65800D+03       0.19301D-02       0.32461D+00       0.44625D+00       0.10562D+00
       0.65900D+03       0.19265D-02       0.75979D+00       0.44637D+00       0.10543D+00
       0.66000D+03       0.19268D-02       0.62222D+00       0.44660D+00       0.10522D+00
       0.66100D+03       0.19233D-02       0.50805D-01       0.44661D+00       0.10561D+00
       0.66200D+03       0.19191D-02       0.27550D-01       0.44634D+00       0.10605D+00
       0.66300D+03       0.19162D-02       0.30491D+00       0.44622D+00       0.10599D+00
       0.66400D+03       0.19125D-02       0.74867D+00       0.44633D+00       0.10581D+00
       0.66500D+03       0.19126D-02       0.64805D+00       0.44656D+00       0.10560D+00
       0.66600D+03       0.19091D-02       0.74951D-01       0.44658D+00       0.10750D+00
       0.66700D+03       0.19049D-02       0.65683D-02       0.44632D+00       0.10945D+00
       0.66800D+03       0.19022D-02       0.26845D+00       0.44619D+00       0.10940D+00
       0.66900D+03       0.18985D-02       0.71868D+00       0.44630D+00       0.10921D+00
       0.67000D+03       0.18993D-02       0.65537D+00       0.44652D+00       0.10954D+00
       0.67100D+03       0.18970D-02       0.83325D-01       0.44656D+00       0.10937D+00
       0.67200D+03       0.18928D-02      -0.31857D-01       0.44631D+00       0.10929D+00
       0.67300D+03       0.18903D-02       0.21652D+00       0.44617D+00       0.10919D+00
       0.67400D+03       0.18866D-02       0.67130D+00       0.44626D+00       0.10901D+00
       0.67500D+03       0.18886D-02       0.64572D+00       0.44649D+00       0.10976D+00
       0.67600D+03       0.18878D-02       0.77660D-01       0.44654D+00       0.11007D+00
       0.67700D+03       0.18836D-02      -0.85020D-01       0.44630D+00       0.11046D+00
       0.67800D+03       0.18814D-02       0.15202D+00       0.44616D+00       0.11035D+00
       0.67900D+03       0.18777D-02       0.60962D+00       0.44624D+00       0.11017D+00
       0.68000D+03       0.18816D-02       0.62216D+00       0.44647D+00       0.11043D+00
       0.68100D+03       0.18834D-02       0.61251D-01       0.44653D+00       0.11025D+00
       0.68200D+03       0.18795D-02      -0.14862D+00       0.44631D+00       0.11023D+00
       0.68300D+03       0.18776D-02       0.79337D-01       0.44616D+00       0.11012D+00
       0.68400D+03       0.18738D-02       0.53812D+00       0.44622D+00       0.10995D+00
       0.68500D+03       0.18790D-02       0.58907D+00       0.44645D+00       0.11014D+00
       0.68600D+03       0.18815D-02       0.38691D-01       0.44653D+00       0.10996D+00
       0.68700D+03       0.18775D-02      -0.21707D+00       0.44632D+00       0.10992D+00
       0.68800D+03       0.18758D-02       0.39771D-02       0.44617D+00       0.10982D+00
       0.68900D+03       0.18720D-02       0.46233D+00       0.44622D+00       0.10966D+00
       0.69000D+03       0.18792D-02       0.55178D+00       0.44644D+00       0.10983D+00
       0.69100D+03       0.18840D-02       0.15465D-01       0.44654D+00       0.10966D+00
       0.69200D+03       0.18806D-02      -0.28400D+00       0.44634D+00       0.10968D+00
       0.69300D+03       0.18790D-02      -0.67973D-01       0.44618D+00       0.10959D+00
       0.69400D+03       0.18752D-02       0.38827D+00       0.44622D+00       0.10942D+00
       0.69500D+03       0.18842D-02       0.51603D+00       0.44644D+00       0.10958D+00
       0.69600D+03       0.18912D-02      -0.26110D-02       0.44655D+00       0.10940D+00
       0.69700D+03       0.18877D-02      -0.34288D+00       0.44637D+00       0.10947D+00
       0.69800D+03       0.18863D-02      -0.13050D+00       0.44621D+00       0.10945D+00
       0.69900D+03       0.18825D-02       0.32186D+00       0.44623D+00       0.10929D+00
       0.70000D+03       0.18930D-02       0.48735D+00       0.44644D+00       0.10943D+00
       0.70100D+03       0.19018D-02      -0.10072D-01       0.44656D+00       0.10925D+00
       0.70200D+03       0.18981D-02      -0.38774D+00       0.44640D+00       0.10935D+00
       0.70300D+03       0.18967D-02      -0.17839D+00       0.44623D+00       0.10935D+00
       0.70400D+03       0.18928D-02       0.26814D+00       0.44624D+00       0.10919D+00
       0.70500D+03       0.19041D-02       0.47033D+00       0.44645D+00       0.10931D+00
       0.70600D+03       0.19144D-02      -0.24991D-02       0.44658D+00       0.10912D+00
       0.70700D+03       0.19101D-02      -0.41390D+00       0.44643D+00       0.10925D+00
       0.70800D+03       0.19088D-02      -0.20793D+00       0.44626D+00       0.10927D+00
       0.70900D+03       0.19049D-02       0.23068D+00       0.44626D+00       0.10912D+00
       0.71000D+03       0.19159D-02       0.46808D+00       0.44646D+00       0.10921D+00
       0.71100D+03       0.19271D-02       0.22864D-01       0.44660D+00       0.10902D+00
       0.71200D+03       0.19226D-02      -0.41854D+00       0.44647D+00       0.10946D+00
       0.71300D+03       0.19213D-02      -0.21740D+00       0.44629D+00       0.10942D+00
       0.71400D+03       0.19174D-02       0.21108D+00       0.44628D+00       0.10927D+00
       0.71500D+03       0.19274D-02       0.48175D+00       0.44647D+00       0.10933D+00
       0.71600D+03       0.19389D-02       0.66710D-01       0.44662D+00       0.10914D+00
       0.71700D+03       0.19347D-02      -0.40105D+00       0.44651D+00       0.10963D+00
       0.71800D+03       0.19333D-02      -0.20734D+00       0.44632D+00       0.10958D+00
       0.71900D+03       0.19294D-02       0.20879D+00       0.44629D+00       0.10944D+00
       0.72000D+03       0.19374D-02       0.51036D+00       0.44648D+00       0.10946D+00
       0.72100D+03       0.19484D-02       0.12755D+00       0.44664D+00       0.10927D+00
       0.72200D+03       0.19449D-02      -0.36311D+00       0.44654D+00       0.10981D+00
       0.72300D+03       0.19435D-02      -0.18048D+00       0.44634D+00       0.10975D+00
       0.72400D+03       0.19397D-02       0.22118D+00       0.44631D+00       0.10962D+00
       0.72500D+03       0.19448D-02       0.55093D+00       0.44648D+00       0.10960D+00
       0.72600D+03       0.19547D-02       0.20190D+00       0.44665D+00       0.10941D+00
       0.72700D+03       0.19520D-02      -0.30845D+00       0.44656D+00       0.10963D+00
       0.72800D+03       0.19506D-02      -0.14139D+00       0.44636D+00       0.10955D+00
       0.72900D+03       0.19469D-02       0.24394D+00       0.44631D+00       0.10943D+00
       0.73000D+03       0.19489D-02       0.59893D+00       0.44648D+00       0.10937D+00
       0.73100D+03       0.19572D-02       0.28473D+00       0.44665D+00       0.10917D+00
       0.73200D+03       0.19552D-02      -0.24234D+00       0.44658D+00       0.10941D+00
       0.73300D+03       0.19533D-02      -0.95874D-01       0.44637D+00       0.10933D+00
       0.73400D+03       0.19498D-02       0.27166D+00       0.44631D+00       0.10921D+00
       0.73500D+03       0.19490D-02       0.64881D+00       0.44647D+00       0.10909D+00
       0.73600D+03       0.19552D-02       0.37014D+00       0.44665D+00       0.10890D+00
       0.73700D+03       0.19538D-02      -0.17089D+00       0.44660D+00       0.10915D+00
       0.73800D+03       0.19518D-02      -0.50243D-01       0.44638D+00       0.10906D+00
       0.73900D+03       0.19484D-02       0.29852D+00       0.44631D+00       0.10895D+00
       0.74000D+03       0.19472D-02       0.69476D+00       0.44645D+00       0.10884D+00
       0.74100D+03       0.19519D-02       0.45204D+00       0.44664D+00       0.10865D+00
       0.74200D+03       0.19507D-02      -0.10037D+00       0.44660D+00       0.10895D+00
       0.74300D+03       0.19482D-02      -0.10613D-01       0.44638D+00       0.10886D+00
       0.74400D+03       0.19450D-02       0.31900D+00       0.44629D+00       0.10878D+00
       0.74500D+03       0.19420D-02       0.73132D+00       0.44643D+00       0.10861D+00
       0.74600D+03       0.19445D-02       0.52481D+00       0.44662D+00       0.10842D+00
       0.74700D+03       0.19429D-02      -0.36495D-01       0.44660D+00       0.10872D+00
       0.74800D+03       0.19399D-02       0.17723D-01       0.44637D+00       0.10905D+00
       0.74900D+03       0.19369D-02       0.32838D+00       0.44627D+00       0.10896D+00
       0.75000D+03       0.19338D-02       0.75397D+00       0.44640D+00       0.10878D+00
       0.75100D+03       0.19348D-02       0.58389D+00       0.44659D+00       0.10859D+00
       0.75200D+03       0.19324D-02       0.16131D-01       0.44658D+00       0.10889D+00
       0.75300D+03       0.19291D-02       0.30763D-01       0.44635D+00       0.10923D+00
       0.75400D+03       0.19263D-02       0.32322D+00       0.44625D+00       0.10915D+00
       0.75500D+03       0.19231D-02       0.75948D+00       0.44636D+00       0.10900D+00
       0.75600D+03       0.19233D-02       0.62608D+00       0.44656D+00       0.10881D+00
       0.75700D+03       0.19201D-02       0.54351D-01       0.44657D+00       0.10915D+00
       0.75800D+03       0.19165D-02       0.26093D-01       0.44633D+00       0.10952D+00
       0.75900D+03       0.19140D-02       0.30161D+00       0.44623D+00       0.10948D+00
       0.76000D+03       0.19108D-02       0.74621D+00       0.44633D+00       0.10931D+00
       0.76100D+03       0.19109D-02       0.64979D+00       0.44653D+00       0.10960D+00
       0.76200D+03       0.19079D-02       0.76676D-01       0.44655D+00       0.10992D+00
       0.76300D+03       0.19042D-02       0.30537D-02       0.44632D+00       0.11030D+00
       0.76400D+03       0.19018D-02       0.26330D+00       0.44621D+00       0.11022D+00
       0.76500D+03       0.18986D-02       0.71414D+00       0.44629D+00       0.11006D+00
       0.76600D+03       0.18994D-02       0.65509D+00       0.44649D+00       0.11030D+00
       0.76700D+03       0.18975D-02       0.83340D-01       0.44653D+00       0.11101D+00
       0.76800D+03       0.18938D-02      -0.37210D-01       0.44631D+00       0.11136D+00
