  -9.6942636442420671E-007  -217.43946341250304     
  -1.5997110479047568E-005   4.8473732426487004E-002
   114.18506998361829       -81.666193610118626     
 
   7137867.9482011702        3.9643864574467830E-003
   7844414.2718986319        4273.5342419790022     
 
   1.4009799939461974E-007  -1.2996329971097186E-013
  -2.5716109517041766E-004   2.3399859761574752E-004
 
   141.44683488601149        319.54221527144381     
 
 
  -1.0679742178055715E-004  -279.40178420162420     
  -1.0106797421780557E-002   0.0000000000000000     
   183868.27816713831       -387.76103828059149     
 
   18192536.220315918      -0.86639725486082542     
  -38366.360984429579        4245.3419678877617     
 
   5.4967620692328114E-008   1.1217893878584071E-011
   4.9675799826941445E-007   2.3555238611020746E-004
 
   297.34526247027452        663.53731814460184     
 
 
  -8.7560287757627170E-005   135.09063781717623     
  -1.0087560287757627E-002   0.0000000000000000     
   183250.51412752763       -9.5266330727836248     
 
   18165989.486072510       0.46609946061959423     
  -944.39416479017575        4252.2001856178895     
 
   5.5047923212121094E-008  -6.0340073837963329E-012
   1.2225891349419284E-008   2.3517236974961660E-004
 
   365.50243829548566        863.34977408540738     
 
 
  -7.5765610015468901E-005  -252.15095883646572     
  -1.0075765610015469E-002   0.0000000000000000     
   182616.27688665618        390.29980103379694     
 
   18124307.765271232      -0.66606889815341419     
   38736.490718465131        4266.0667840534124     
 
   5.5174502621322373E-008   8.6144971533307183E-012
  -5.0099229966954616E-007   2.3440787894896931E-004
 
   327.50136444614407        746.43687749102230     
 
 
  -8.6423021336889255E-005  -215.71294472444529     
  -1.0086423021336889E-002   0.0000000000000000     
   183432.48711926781        22.170825860773334     
 
   18186079.121531337      -0.48520233809378932     
   2198.0860622099681        4267.5759570756436     
 
   5.4987112921670934E-008   6.2517635357811728E-012
  -2.8322028179461916E-008   2.3432505860852576E-004
 
   334.20659914404121        763.13330369532355     
 
 
   3.2859100865135354E-005  -267.87724359509372     
  -9.9671408991348649E-003 -0.16592548969862264     
   180439.74201608659        750.32194599957620     
 
   18103453.904011767       0.39893694642453259     
   4576.6556426992929        4247.1218595882538     
 
   5.5238079376925926E-008  -5.1885750966239408E-012
  -5.9523996727701195E-008   2.3545357463401550E-004
 
   1463.6149742000296        3522.5668055693282     
 
 
  -1.0482619374747350E-004   26.718313004358034     
  -1.0104826193747474E-002   0.0000000000000000     
   183751.18268116171        391.28132847012739     
 
   18184497.106428288       0.17178859178169395     
   38722.222526918558        4263.5101610721158     
 
   5.4991902165182716E-008  -2.2157755172273020E-012
  -4.9944965354164226E-007   2.3454854052659029E-004
 
   1038.6126964693967        2397.4905785644951     
 
 
   3.7263075998694370E-005  -232.71998483211993     
  -9.9627369240013058E-003  -3.9571796451355112E-002
   180612.01910066756        40.087592801781284     
 
   18128754.348100275       0.22164017075423681     
  -12855.585463490328        4249.6025922213366     
 
   5.5160985901931302E-008  -2.8769490955824723E-012
   1.6686896083193294E-007   2.3531611281619132E-004
 
   672.14682850177223        1533.9815373451465     
 
 
  -6.8521009356891838E-006  -233.06726648971082     
  -1.5393899095143076E-005   5.0706994106633374E-002
   80.255882059388682       -62.634394485170105     
 
   5213502.5878476407        4.9442923920029226E-003
   9921003.3845142853        4247.0929958122197     
 
   1.9181005446618590E-007  -2.2329743990582493E-013
  -4.4805899033039114E-004   2.3545569082680643E-004
 
   672.13921007112958        1533.9733334157197     
 
 
  -4.6603292485639103E-005  -45.344991899458819     
  -1.0046603292485639E-002   0.0000000000000000     
   182977.54969694489       -68.714874228630038     
 
   18212876.966467164      -0.16255313347370443     
  -6839.6125763257742        4260.7997373905519     
 
   5.4906208182717317E-008   2.0947185358038695E-012
   8.8137724171675165E-008   2.3469772717820691E-004
 
   423.47652376758583        981.59435877102555     
 
 
  -3.9880396579962396E-005  -162.74361419665019     
  -1.0039880396579963E-002   0.0000000000000000     
   182458.30099973016        101.27363306858933     
 
   18173354.043329410      -0.24797839095829463     
   10087.135410799570        4259.3559602212572     
 
   5.5025614165711231E-008   3.2035742937991499E-012
  -1.3031332115362987E-007   2.3477727079498800E-004
 
   449.04487716214442        1242.3305057980958     
 
 
  -4.2560913650239313E-005  -225.77503045653987     
  -1.0042560913650240E-002   0.0000000000000000     
   182926.99978853430       -99.696597040378492     
 
   18215174.531816166      -0.76398922807644942     
  -9927.4077496340306        4258.9285635503211     
 
   5.4899287186058804E-008   9.8481257465047410E-012
   1.2796824387350983E-007   2.3480086196438606E-004
 
   1227.7278529670371        2819.4283280382988     
 
 
  -1.1060674803090378E-004  -264.17001980557120     
  -1.0110606748030904E-002   0.0000000000000000     
   183953.87644994637       -380.73394284047208     
 
   18194148.089655686      -0.82427606006823428     
  -37656.883738923243        4246.1480082813587     
 
   5.4962749388110533E-008   1.0669547653023672E-011
   4.8743610906709326E-007   2.3550766478973225E-004
 
   1283.8856967670611        2847.0099018076257     
 
 
  -9.4508325408552626E-005  -125.58328403352964     
  -1.0094508325408553E-002   0.0000000000000000     
   183681.05436214950        13.746510117968782     
 
   18196136.794479825      -0.23146589946761306     
   1361.7810471604269        4257.6036254584769     
 
   5.4956720056903776E-008   2.9877385869595210E-012
  -1.7577733009266188E-008   2.3487390652145783E-004
 
   297.17353278303477        713.38691122043360     
 
 
  -8.2750998924132138E-005   50.394075409144101     
  -1.0082750998924132E-002   0.0000000000000000     
   182976.49927160697        262.04032170182882     
 
   18147477.736099131       0.26857621114416008     
   25988.970840376740        4256.8761458670915     
 
   5.5104081398882516E-008  -3.4766445847995621E-012
  -3.3642002153426456E-007   2.3491406751998011E-004
 
   302.62104017674989        762.66434593742838     
 
 
  -5.0330382447637267E-005   35.815814902474500     
  -1.0050330382447637E-002   0.0000000000000000     
   182319.00627348476       -278.47728025598144     
 
   18140598.302310053       0.21788330374637160     
  -27708.271236767290        4260.9851773748323     
 
   5.5124969156554147E-008  -2.8187871815472124E-012
   3.5846583213163541E-007   2.3468749133560100E-004
 
   302.25927801662635        975.51242905997628     
 
 
  -2.7896385820246484E-005  -124.52212486115255     
  -3.6131161640960677E-005   8.1661452928585732E-002
   110.85477116159893       -60.067469766680006     
 
   3068114.4372434858       -2.8470787757262955E-003
   7956318.0539439879        4255.8449669583224     
 
   3.2593251837179271E-007   2.1804261259041287E-013
  -6.0933205988993456E-004   2.3497055765598753E-004
 
   37.872749832087791        117.32418886309081     
 
 
   5.2012353484370832E-005  -320.34554798528723     
  -9.9479876465156294E-003 -0.65196522000115920     
   180494.84853695129        2299.3880495051444     
 
   18143833.362709854       0.33496307597590169     
  -46957.782081703997        4243.3605362518629     
 
   5.5115133373999523E-008  -4.3506872560218352E-012
   6.0991386432281852E-007   2.3566222741579017E-004
 
   213.33212248981485        490.75233108820544     
 
 
  -6.1668428145394971E-005  -290.06037657935883     
  -1.0061668428145395E-002   0.0000000000000000     
   182365.44620766852        603.42089366789196     
 
   18124772.000788622      -0.60819755027583622     
   59972.249928252822        4269.4920993804953     
 
   5.5173081824353292E-008   7.8595140652933738E-012
  -7.7499940870301041E-007   2.3421978665620632E-004
 
   207.98533905144285        479.51913909015047     
 
 
  -2.0593162876421725E-005   9.2447849323716719E-002
  -1.0020593162876422E-002   2.7755575615628914E-017
   182557.97653427857       -533.93606860831983     
 
   18218280.451760713       -3.2366405588738011E-002
  -53283.878501964129        4260.9619954564769     
 
   5.4889923605267340E-008   4.1694564092271400E-013
   6.8640556369286021E-007   2.3468879170543994E-004
 
   90.623578347529133        570.25293931232159     
 
 
  -2.5336525143653324E-005  -158.36461412792789     
  -1.0025336525143654E-002   0.0000000000000000     
   181997.00891245334        99.110467059982966     
 
   18153705.709130347      -0.19439286876947351     
   9885.9990197252464        4265.8766097541902     
 
   5.5085170554533632E-008   2.5101908260231072E-012
  -1.2765768725197541E-007   2.3441840134280823E-004
 
   94.747380501834840        592.65681622934517     
 
 
   1.0885187068265800E-005  -23.009119030944664     
  -9.9891148129317344E-003   1.5289879807472317E-002
   181337.65282376480        20.706112275552186     
 
   18153525.579949684      -0.10112272322432782     
   8595.1146362542677        4261.0848140519392     
 
   5.5085717887675282E-008   1.3072769134280115E-012
  -1.1111444168009937E-007   2.3468201934541823E-004
 
   97.310241701251854        875.03592855817340     
 
 
   1.0675411150014996E-005  -23.335815133580553     
  -9.9893245888499852E-003   1.8936482044665581E-002
   181335.46972454133        1.9225249380478999     
 
   18152925.775565382      -0.10113374657154652     
   8270.0819433581182        4261.0875547111800     
 
   5.5087538039362609E-008   1.3074617781940757E-012
  -1.0691600390601820E-007   2.3468186850128327E-004
 
   97.315584707229249        875.03499007996243     
 
 
   1.1128920485038024E-005  -23.657377306230561     
  -9.9888710795149622E-003   2.3053571175960741E-002
   181321.53296535739       -19.144165290005958     
 
   18152354.674604330      -0.10111682677077137     
   7917.7296817901461        4261.0902048136932     
 
   5.5089271203383478E-008   1.3072833536609269E-012
  -1.0236393429607944E-007   2.3468172265388748E-004
 
   97.320928175627898        875.03403827091768     
 
 
   1.2250643861559662E-005  -23.973778710291462     
  -9.9877493561384405E-003   2.7399280793915182E-002
   181295.75097965397       -41.450754385825348     
 
   18151811.959409226      -0.10107266804348286     
   7539.2483327811060        4261.0927617216712     
 
   5.5090918327286815E-008   1.3067507354744119E-012
  -9.7473614721909895E-008   2.3468158194801588E-004
 
   97.326271606347845        875.03307339320054     
 
 
   1.4045413729754305E-005  -24.284991944684538     
  -9.9859545862702459E-003   3.1735592522721845E-002
   181258.03352549186       -63.970016023355811     
 
   18151297.280016292      -0.10100200696568022     
   7135.8591768045926        4261.0952229781951     
 
   5.5092480457714895E-008   1.3058734442122077E-012
  -9.2260830062450879E-008   2.3468144651847133E-004
 
   97.331614498609284        875.03209571042646     
 
 
   2.5555358090934384E-006  -24.628920737610535     
   2.4262287525085394E-006  -2.0339070532635617E-003
   45.723975839648688       -9.1623162990563287     
 
  -18845698.661821153       -5.6430062253596972E-005
   7348710.5246550767        4261.4221017713417     
 
  -5.3062506363295109E-008  -7.0265757906685230E-016
   9.1504898990043090E-005   2.3466344832349701E-004
 
   97.336956351248858        875.03110548768302     
 
 
  -1.0879595942789658E-004  -15.795310648099013     
  -1.0108795959427897E-002   0.0000000000000000     
   183833.55622846042        486.68727495129451     
 
   18185504.679912880        3.9355069063472900E-002
   48144.930108851469        4261.2882672047381     
 
   5.4988851948382384E-008  -5.0784878432297315E-013
  -6.2127560207455266E-007   2.3467082294019751E-004
 
   77.171042241530600        1068.5258655123107     
 
 
  -1.0685699763560326E-004   5.2443746740688058     
  -1.0106856997635603E-002   0.0000000000000000     
   183735.09691657335       -156.19671922643170     
 
   18179251.666423731       0.13862565809740546     
  -15454.529460837421        4260.6960177597757     
 
   5.5007763283653195E-008  -1.7897280993240426E-012
   1.9952587434035528E-007   2.3470343065365708E-004
 
   661.32050596755664        1649.2132987262794     
 
 
  -9.6092351296640094E-005  -230.81297497502359     
  -1.0096092351296640E-002   0.0000000000000000     
   183716.95336182238        20.279366523718863     
 
   18196837.644638587      -0.52400610213456722     
   2008.6352044041721        4253.2622972691424     
 
   5.4954602878223060E-008   6.7704611744871449E-012
  -2.5952725759735739E-008   2.3511364136716308E-004
 
   290.94451497661038        675.72471135194462     
 
 
  -1.2208327691455578E-004  -228.75359110196763     
  -1.0122083276914556E-002   0.0000000000000000     
   183735.15457714535        493.18512707055629     
 
   18151910.980241612      -0.54747525695328314     
   48723.678078735909        4270.1509743840588     
 
   5.5090599383480331E-008   7.0631554327026511E-012
  -6.2859993607427048E-007   2.3418367684326007E-004
 
   290.38332895966897        675.05200127980800     
 
 
  -2.6855427956985062E-005  -159.93801183587411     
  -1.0026855427956985E-002   0.0000000000000000     
   182620.21737436001        127.94810470139760     
 
   18213109.652022745      -0.27177030212194087     
   12760.541489876487        4268.8503783194083     
 
   5.4905503480824333E-008   3.4954809718618853E-012
  -1.6412473923844653E-007   2.3425509604987779E-004
 
   679.22376454700373        1560.5248906154332     
 
 
  -5.5097027966771739E-005   58.754517235285860     
  -1.0055097027966772E-002   0.0000000000000000     
   182940.37794043415        173.20022812082857     
 
   18193795.388708077       0.16800940183095692     
   17225.117533834571        4262.1221961226247     
 
   5.4963794851791779E-008  -2.1666282360017265E-012
  -2.2213296167082634E-007   2.3462491015160356E-004
 
   681.13554750436947        1569.0363504580175     
 
 
  -3.8997884682439102E-005  -236.93920444903063     
  -1.0038997884682439E-002   0.0000000000000000     
   182713.11237433224       -274.70034194111361     
 
   18200333.785617877      -0.67662748774395620     
  -27363.323022540000        4260.7426197085942     
 
   5.4944060396629039E-008   8.7253948127864006E-012
   3.5286150959893786E-007   2.3470092610855474E-004
 
   235.13009789940227        532.46585166891361     
 
 
  -5.1670963192777461E-005  -268.39010404460095     
  -1.0051670963192778E-002   0.0000000000000000     
   182498.49841504756        920.84457993712476     
 
   18156035.855463319      -0.66186651761290516     
   91611.094643770324        4274.1272551523898     
 
   5.5078059252775047E-008   8.5290682982277578E-012
  -1.1805360481297280E-006   2.3396571017796308E-004
 
   283.60501506726422        482.91133713378065     
 
 
  -5.5003818771461738E-005  -286.39324352038233     
  -1.0055003818771462E-002   0.0000000000000000     
   182252.92333264806        175.79304121767473     
 
   18125594.640989013      -0.41159509005666373     
   17483.140174387681        4266.6434077335643     
 
   5.5170598634583243E-008   5.3222042114702463E-012
  -2.2606888302054540E-007   2.3437625584987813E-004
 
   949.21234794293889        2191.5723927588383     
 
 
   1.4416750552612850E-005  -301.93633703085357     
  -9.9855832494473874E-003  -6.1550008853828331E-002
   181706.93379333918        346.14443045167036     
 
   18196930.091312248      -0.43083395180421330     
   8371.7979497545275        4265.5906955337032     
 
   5.4954321883651839E-008   5.5505062149175934E-012
  -1.0785528010397727E-007   2.3443410887484723E-004
 
   1536.0128847338776        3611.4567146999225     
 
 
   4.7252653861996896E-006  -302.38437290133822     
  -9.9952747346138005E-003 -0.26074805110880561     
   181862.88903338154        1192.1023170442700     
 
   18194897.805923305      -0.43453841085766814     
   7996.4962481402035        4265.3248428912220     
 
   5.4960460118683674E-008   5.5992056595132635E-012
  -1.0303813409841188E-007   2.3444872127210121E-004
 
   1536.0129908159215        3611.4445230087267     
 
 
  -6.4100222854756445E-006  -302.81287012629338     
  -1.0006410022285476E-002   0.0000000000000000     
   182045.74064435763        75.342445899759014     
 
   18192912.367064707      -0.43876286030122708     
   7529.4182161282806        4265.0681388733201     
 
   5.4966458214491967E-008   5.6545967477061913E-012
  -9.7036070299589239E-008   2.3446283268251390E-004
 
   1536.0131086987392        3611.4323005756414     
 
 
  -9.0940762318610438E-005  -351.79377858265497     
  -1.0090940762318611E-002   0.0000000000000000     
   183762.08049626392       -592.61678968757769     
 
   18210599.469819963       -1.2500589628620498     
  -58727.605646093609        4241.1445217239088     
 
   5.4913126401325716E-008   1.6185405964155096E-011
   7.6038824321419449E-007   2.3578563413907569E-004
 
   1516.1857263820966        3506.7939541146225     
 
 
   4.6524490087589479E-005  -327.18388162131811     
  -9.9534755099124107E-003   1.0456119099387706E-002
   180910.80964096062        68.923631930771307     
 
   18175642.017255697      -0.18604140115377507     
   11412.858990635315        4272.5202444612951     
 
   5.5018687742013310E-008   2.3957180239076356E-012
  -1.4696724395007882E-007   2.3405388750453865E-004
 
   1498.4485670034135        3420.0586248530835     
 
 
  -7.5339312097310457E-005  -333.25270166290159     
  -1.0075339312097311E-002   0.0000000000000000     
   183614.34669724965       -213.72438838268863     
 
   18224135.288107529      -0.81742568732507259     
  -21212.624385376192        4243.5991290372694     
 
   5.4872300298710629E-008   1.0569807944360948E-011
   2.7429204785942723E-007   2.3564907848405378E-004
 
   1491.6768591201928        3334.1344355574624     
 
 
  -8.9578631945247747E-005  -352.51615332347495     
  -1.0089578631945248E-002   0.0000000000000000     
   183223.00872288187        1044.6148061061244     
 
   18159629.396491148      -0.89062778014725041     
   103534.03687232577        4277.6328397606612     
 
   5.5067137721706032E-008   1.1465295051103556E-011
  -1.3328219790952302E-006   2.3377387691078007E-004
 
   1464.8060618342295        3272.6090027960190     
 
 
  -5.4744014068656630E-005  -34.033713965314512     
  -1.0054744014068657E-002   0.0000000000000000     
   182081.89565183877      -0.30320108205751239     
 
   18109053.338112708        4.8169502253779202E-002
  -30.155027479533619        4261.2355371085341     
 
   5.5220998100246066E-008  -6.2422458680860995E-013
   3.9077650147687230E-010   2.3467372110102313E-004
 
   987.06764969166318        2565.2781090462245     
 
 
  -1.2470844581513423E-004  -203.94479726587434     
  -1.0124708445815134E-002   0.0000000000000000     
   184106.10235014756        8.9424552083719391     
 
   18183842.363010906      -0.55988008179363324     
   883.23088573405903        4250.9906665356275     
 
   5.4993877181696303E-008   7.2430120105932023E-012
  -1.1426110914688033E-008   2.3523928233361768E-004
 
   45.899507230176944        101.03835993112683     
 
 
   6.7569141949389353E-006  -231.91466368341085     
  -1.3119773054645099E-005   2.5283444984978587E-002
   136.27231750493348       -66.455265451504658     
 
   10386822.599802282        1.7314228006236446E-002
   3162205.9913901770        4269.3031141433457     
 
   9.6275952060469926E-008  -3.9044868469755986E-013
  -7.1310090732102895E-005   2.3423055424815501E-004
 
   47.797898718733201        100.27944903803545     
 
 
  -2.2977937836022830E-006  -231.83045104771151     
  -4.9484213954421992E-006   5.5346301521694841E-003
   21.447056258632756       -5.8576378865820402     
 
   4334130.1164622214        8.3005183782737194E-003
   3593539.2942132298        4271.2853371344863     
 
   2.3072717809502821E-007  -4.4837912501295267E-013
  -1.9411655164289760E-004   2.3412194043184294E-004
 
   48.082304239251066        100.27296499462648     
 
 
   2.2628557445818903E-005  -283.20490916340788     
  -9.9773714425541813E-003   4.7109103054481238E-002
   181003.01029529638       -233.01850926810670     
 
   18141352.939979170       0.13707219396075626     
  -3292.7437806706193        4248.9788283974649     
 
   5.5122680069846854E-008  -1.7782594358137776E-012
   4.2717290272387741E-008   2.3535066530839955E-004
 
   270.16330339292216        673.29480874018475     
 
 
   1.9501248430114915E-005  -283.19975539747458     
  -9.9804987515698853E-003   2.1212524758254858E-002
   181051.92018638129       -153.26125253330204     
 
   18140568.701511532       0.14575456312915624     
  -6325.7699336475625        4248.7593831949680     
 
   5.5125062752534390E-008  -1.8910765977340527E-012
   8.2073008400912684E-008   2.3536281955451846E-004
 
   270.15442041391600        673.28445705026627     
 
 
   1.6676025779724032E-005  -283.25276642266891     
  -9.9833239742202762E-003  -1.0252618383788104E-002
   181096.20495479117       -49.215491516712007     
 
   18139870.432001978       0.15427632618173209     
  -9292.9126307736951        4248.5406468825995     
 
   5.5127184350394800E-008  -2.0018213737845405E-012
   1.2058072414222333E-007   2.3537493565726076E-004
 
   270.14557167566892        673.27413727164048     
 
 
   1.4199591807409831E-005  -283.36454934351923     
  -9.9858004081925904E-003  -4.9325185413351846E-002
   181135.07725435914        87.796898289351759     
 
   18139263.937628187       0.16262845021575867     
  -12192.552964449074        4248.3225740083908     
 
   5.5129027159407030E-008  -2.1103737045978666E-012
   1.5821858434949767E-007   2.3538701613367219E-004
 
   270.13675659100898        673.26384778504837     
 
 
   1.2119910496474762E-005  -283.53538004807285     
  -9.9878800895035254E-003  -9.8410180622920507E-002
   181167.71432689772        268.32964859598553     
 
   18138753.759029638       0.17080223089757166     
  -14990.891360981259        4248.1059510111236     
 
   5.5130577329389024E-008  -2.2166174071740038E-012
   1.9454705342655966E-007   2.3539901742161392E-004
 
   270.12797450950467        673.25358696590752     
 
 
   1.0484824354894950E-005  -283.76461419404217     
  -9.9895151756451053E-003 -0.15888417741973626     
   181193.27640502437        499.15539664486317     
 
   18138342.533429485       0.17878609388025501     
  -17595.207751866314        4247.8930404610819     
 
   5.5131826809923823E-008  -2.3203983409994489E-012
   2.2836166947255079E-007   2.3541081417237508E-004
 
   270.11922472221079        673.24335319722582     
 
 
   9.3410137390684267E-006  -284.05157368218801     
  -9.9906589862609318E-003 -0.22743940490096293     
   181210.92408182641        766.22260129611902     
 
   18138030.924465474       0.18656941529222548     
  -20005.492017052838        4247.6836866130461     
 
   5.5132773547448814E-008  -2.4215761066681425E-012
   2.5966111002039543E-007   2.3542241497566488E-004
 
   270.11050644681296        673.23314489883910     
 
 
   8.7335514191641539E-006  -284.39561080615726     
  -9.9912664485808361E-003 -0.28803868022771439     
   181219.82802025467        1001.3265147704915     
 
   18137817.966356665       0.19414937117139464     
  -22230.528133872303        4247.4769141471788     
 
   5.5133420449551556E-008  -2.5201123224839819E-012
   2.8855837929055700E-007   2.3543387384775347E-004
 
   270.10181879723388        673.22296052522540     
 
 
   8.7055415372815081E-006  -284.79611232585944     
  -9.9912944584627187E-003 -0.31422061968396520     
   181219.17727210693        1091.9776239714413     
 
   18137701.245829418       0.20153164734766565     
  -24281.393252847378        4247.2711535121589     
 
   5.5133774833118747E-008  -2.6160798463327693E-012
   3.1519646847361653E-007   2.3544527776405688E-004
 
   270.09316075413369        673.21279856170099     
 
 
   9.2979596533725173E-006  -285.25249426889496     
  -9.9907020403466277E-003 -0.29656253109340014     
   181208.19205193105        998.08901230665856     
 
   18137677.354645595       0.20871727891053632     
  -26167.484147256146        4247.0656860244326     
 
   5.5133847049236771E-008  -2.7094910657617268E-012
   3.3969666948773639E-007   2.3545666656159240E-004
 
   270.08453114095886        673.20265752110367     
 
 
   1.0549572567507617E-005  -285.76419208737042     
  -9.9894504274324926E-003 -0.25504295758111084     
   181186.13172835618        804.48099331836988     
 
   18137742.214502886       0.21569319334476264     
  -27894.536858030740        4246.8613786886344     
 
   5.5133649495295634E-008  -2.8001744959387463E-012
   3.6213275660039566E-007   2.3546799217619247E-004
 
   270.07592865571115        673.19253594745476     
 
 
   1.2496724824397412E-005  -286.33065946009719     
  -9.9875032751756028E-003 -0.21228147595650171     
   181152.29259949914        607.17332431713908     
 
   18137890.961105205       0.22244372828288128     
  -29468.203694403150        4246.6593053712168     
 
   5.5133196965536408E-008  -2.8879250731643773E-012
   3.8257749484381045E-007   2.3547919505415138E-004
 
   270.06735192703690        673.18243242282313     
 
 
   1.5173111540965969E-005  -286.95136624639503     
  -9.9848268884590342E-003 -0.17761458158497589     
   181106.00793678634        445.74115786243942     
 
   18138117.895610929       0.22896008873630086     
  -30896.082872849285        4246.4598916869472     
 
   5.5132506796608351E-008  -2.9726275463281229E-012
   4.0112906807633927E-007   2.3549025156580327E-004
 
   270.05879951627946        673.17234556743597     
 
 
   1.8609513897469010E-005  -287.62523532023437     
  -9.9813904861025312E-003 -0.15120075785438303     
   181046.65137184664        320.89467395347629     
 
   18138416.291336831       0.23524042178366691     
  -32174.266227008211        4246.2656793523311     
 
   5.5131599455525877E-008  -3.0542555951195773E-012
   4.1773616922467867E-007   2.3550102071900837E-004
 
   270.05026988832668        673.16227403592950     
 
 
   2.2833334960017937E-005  -288.35085209445839     
  -9.9771666650399823E-003 -0.13095626677147720     
   180973.64078792333        223.73993439384230     
 
   18138777.797890801       0.24128849034776362     
  -33307.112290301178        4246.0781645191837     
 
   5.5130500345500966E-008  -3.1328568822964938E-012
   4.3245500776974504E-007   2.3551141945754120E-004
 
   270.04176141855027        673.15221653206117     
 
 
   2.7868388801970123E-005  -289.12684133788105     
  -9.9721316111980301E-003 -0.11506385398911334     
   180886.45101730461        146.41577451278999     
 
   18139193.267449223       0.24710925953074980     
  -34308.965020383468        4245.8971449556266     
 
   5.5129237291622806E-008  -3.2084962354334849E-012
   4.4547171287129091E-007   2.3552145890012269E-004
 
   270.03327243756479        673.14217181318213     
 
 
   3.3734793434457566E-005  -289.95186656973749     
  -9.9662652065655426E-003 -0.10214016399271486     
   180784.61895778961        82.902780698376318     
 
   18139653.059507780       0.25270810217792194     
  -35194.327970038597        4245.7224471031104     
 
   5.5127839614036915E-008  -3.2812440991138127E-012
   4.5697458838363452E-007   2.3553114858017315E-004
 
   270.02480123752025        673.13213868736921     
 
 
   4.0448908220108715E-005  -290.82462934304698     
  -9.9595510917798915E-003  -9.1239227125527123E-002
   180667.74614353874        29.038825525198718     
 
   18140147.174369335       0.25809075149667043     
  -35977.749417697960        4245.5539269855190     
 
   5.5126337720410480E-008  -3.3511758828657835E-012
   4.6715260221144839E-007   2.3554049639460501E-004
 
   270.01634607128011        673.12211601173715     
 
 
  -3.2582885451157624E-006  -291.60911980095977     
  -1.4124514351054997E-005   5.3008638869130209E-002
   85.157861821171991       -75.481389595077417     
 
   6029107.5467239674        6.6828085426142540E-003
   10578797.194745222        4242.7379232333551     
 
   1.6586248561512929E-007  -2.6125281736075196E-013
  -4.1355974120636097E-004   2.3569750991795353E-004
 
   270.00790515184383        673.11210269073320     
 
 
  -1.0633887396959210E-004  -53.800968452089805     
  -1.0106338873969592E-002   0.0000000000000000     
   183888.72033818258        275.31709183542443     
 
   18195384.365332916       -6.3679803956497721E-002
   27242.020603972778        4259.5645880570028     
 
   5.4958991661778758E-008   8.2162806604261069E-013
  -3.5148991223694273E-007   2.3476577404671787E-004
 
   1359.1658997058528        3201.6487912384396     
 
 
   2.4433061579145349E-005  -172.84003072053477     
  -9.9755669384208549E-003 -0.13440794475124562     
   182144.01944627578        167.85839519405454     
 
   18259019.816107534      -0.40889887786701290     
  -40625.131456357005        4264.0121793382459     
 
   5.4767464159207518E-008   5.2519443417249571E-012
   5.2179387333373557E-007   2.3452095615639741E-004
 
   228.91223731923438        523.31586845547247     
 
 
   2.2871700182773569E-006  -173.59132821159457     
  -9.9977128299817229E-003 -0.11085146808548529     
   182530.12599327156        63.750856405308696     
 
   18257192.888882279      -0.41128330234840671     
  -40900.657854658333        4263.9389117426881     
 
   5.4772944678416533E-008   5.2831895655556641E-012
   5.2539436337009937E-007   2.3452498658739574E-004
 
   228.91326025299071        523.30892445522591     
 
 
  -2.0428242560684498E-005  -174.33431135183559     
  -1.0020428242560685E-002   0.0000000000000000     
   182925.97778092770       -412.05694178186195     
 
   18255305.397424974      -0.41389645028390454     
  -41121.689792821555        4263.8665093504769     
 
   5.4778608020516082E-008   5.3173970999009523E-012
   5.2829724414739469E-007   2.3452896953208931E-004
 
   228.91429475879025        523.30194364268311     
 
 
  -3.0673599579760999E-005  -317.13824611551405     
  -1.0030673599579761E-002   0.0000000000000000     
   182799.70630942256       -528.98976356106004     
 
   18224070.845758654      -0.93498799865457594     
  -52737.212342666688        4261.8276485962442     
 
   5.4872516866830022E-008   1.2038296467327977E-011
   6.7900999580209173E-007   2.3464126598258286E-004
 
   335.62329155920077        768.14197876526487     
 
 
  -1.0558828617662774E-004  -400.78729941262156     
  -1.0105588286176628E-002   0.0000000000000000     
   183851.14325327831        8.5548905604127867     
 
   18193017.372849748       -1.0754544324187667     
   846.55047466211965        4242.4427144203783     
 
   5.4966142652984716E-008   1.3933855028421052E-011
  -1.0968118436830174E-008   2.3571325661162474E-004
 
   334.97734482661241        760.67864339884034     
 
 
  -3.6696580398582618E-005  -342.12923570103607     
  -1.0036696580398583E-002   0.0000000000000000     
   182491.66504824103        71.010260119686933     
 
   18182443.156112012      -0.90028423820345471     
   7075.0629503301570        4258.2467299844593     
 
   5.4998104993201850E-008   1.1627773164900441E-011
  -9.1379170736119020E-008   2.3483841617050275E-004
 
   329.41152917087993        749.13935766094323     
 
 
  -5.9231480958960026E-005  -367.14452734958530     
  -1.0059231480958960E-002   0.0000000000000000     
   182941.90581600272        145.74591432099521     
 
   18186469.429825928       -1.0211774266184594     
   14488.772288101709        4256.4811713019099     
 
   5.4985923063654637E-008   1.3191737765213462E-011
  -1.8716834076272806E-007   2.3493579993026263E-004
 
   316.80160667920575        705.10059633303320     
 
 
  -9.6621556674051306E-006  -386.79992920643747     
  -1.4787929139604972E-005   3.9622011429059967E-002
   55.390824139296683       -34.786552301505253     
 
   3745638.4046410248       -1.4861155730166751E-002
   9090944.6368494388        4270.9289937556705     
 
   2.6697493104647454E-007   9.2896792059361558E-013
  -5.6827316050411542E-004   2.3413911967773437E-004
 
   297.99772232414398        447.99078286986565     
 
 
  -7.8715505587249185E-005  -337.28376575111480     
  -1.0078715505587249E-002   0.0000000000000000     
   182678.96333085856        697.77108220611603     
 
   18125222.726009920      -0.90848982590623817     
   69232.143899615723        4269.6105113323274     
 
   5.5171690983804303E-008   1.1739459560490060E-011
  -8.9461426030262236E-007   2.3421321092354107E-004
 
  -1438.0739973884947       -1081.9057978891726     
 
 
  -1.0805269775272970E-004  -265.70474944616279     
  -1.0108052697752730E-002   0.0000000000000000     
   183833.75416523824       -263.60567609586434     
 
   18186861.471953847      -0.55478629014139380     
  -26078.779363162103        4261.8686835527478     
 
   5.4984758541424004E-008   7.1576091312338970E-012
   3.3645696120866691E-007   2.3463890159752565E-004
 
   441.46137982990143        1086.9633480439813     
 
 
  -6.6604928815380132E-005  -263.78146424291612     
  -1.0066604928815380E-002   0.0000000000000000     
   182383.04860728991        617.12007499203264     
 
   18117632.498442791      -0.57983181520771565     
   61303.694677188934        4268.0546410706283     
 
   5.5194824180499216E-008   7.4984314368153332E-012
  -7.9278428555302476E-007   2.3429867338052679E-004
 
   817.48994509835097        1990.5953096859159     
 
 
  -1.3084205279457160E-004  -293.57242870396851     
  -1.0130842052794572E-002   0.0000000000000000     
   183888.91236542034        669.29516510964550     
 
   18151394.662667252      -0.82898232457707388     
   66065.107088022793        4277.1747612900044     
 
   5.5092146535325684E-008   1.0677706254635429E-011
  -8.5095156585736616E-007   2.3379902631675284E-004
 
   95.531648725932953        282.11803388980456     
 
 
  -1.1238077851960862E-004  -274.22685720341372     
  -1.0112380778519609E-002   0.0000000000000000     
   183960.96741468468        97.580547991420644     
 
   18191657.478469227      -0.69459491934381812     
   9649.6117114914559        4248.8420342337622     
 
   5.4970247459182296E-008   8.9864613211270447E-012
  -1.2484379023551273E-007   2.3535822354112958E-004
 
   215.62388819528243        525.04816612904574     
 
 
  -1.2969321478986662E-004  -271.92030019414341     
  -1.0129693214789867E-002   0.0000000000000000     
   183828.15674046290        635.92625706479703     
 
   18147455.489773814      -0.69941990260321818     
   62778.432039407868        4273.5069829274398     
 
   5.5104112771729830E-008   9.0185679681371923E-012
  -8.0948733968422862E-007   2.3399971915885899E-004
 
   214.99417586204012        524.18294393012172     
 
 
  -7.0509831451549820E-005  -200.13116613046392     
  -1.0070509831451550E-002   0.0000000000000000     
   183083.06076612932        120.49484866294836     
 
   18180118.368420277      -0.57150872294424349     
   11965.119013800489        4259.0161093962224     
 
   5.5005137558519539E-008   7.3810277101530943E-012
  -1.5452935615955085E-007   2.3479599184396828E-004
 
   216.27337784765936        551.18536252814465     
 
 
  -7.6918069746816434E-005  -231.65911779608820     
  -1.0076918069746817E-002   0.0000000000000000     
   183437.32500846125        25.236763648625583     
 
   18203713.053813700      -0.52992098213981742     
   2504.4129042129548        4253.0707995455432     
 
   5.4933846732371829E-008   6.8446069640428402E-012
  -3.2347694435114811E-008   2.3512422670347546E-004
 
   222.58974313719551        560.31981706443491     
 
 
  -1.0541899978035868E-004   64.175179997377015     
  -1.0105418999780359E-002   0.0000000000000000     
   183785.97374385528        230.90320468715481     
 
   18186873.176446207       0.30189113538308998     
   22849.443916394983        4265.8774043091207     
 
   5.4984717780236371E-008  -3.8912039203533291E-012
  -2.9451625213354960E-007   2.3441838434027867E-004
 
   240.73151277049035        622.57607323208208     
 
 
  -3.1601234557107269E-005  -234.16525546667475     
  -1.0031601234557107E-002   0.0000000000000000     
   182335.00694593659        70.038352000604846     
 
   18176062.094436575      -0.29075202609623874     
   6981.7719387952493        4258.7169018879458     
 
   5.5017416235688786E-008   3.7561607426911109E-012
  -9.0195958470276586E-008   2.3481250264182366E-004
 
   662.71042881472215        1531.3695241622781     
 
 
  -7.9404696679823139E-005  -54.225253963733799     
  -1.0079404696679823E-002   0.0000000000000000     
   183707.70432176252        19.975613545801252     
 
   18226047.058342267       -9.6374365349019997E-002
   1981.8247353801964        4259.1114476112862     
 
   5.4866532185421660E-008   1.2415094752303798E-012
  -2.5530172658568632E-008   2.3479075620347846E-004
 
   1246.6455183217838        2853.4347158664509     
 
 
  -8.7667776911819206E-005  -226.70119365442667     
  -1.0087667776911819E-002   0.0000000000000000     
   183395.19286356529        297.14665060138441     
 
   18180138.057610463      -0.53848035088421087     
   29456.427112070967        4272.2203245346345     
 
   5.5005071612260582E-008   6.9329641292335693E-012
  -3.7925311890774011E-007   2.3407027723659725E-004
 
   1257.6768574977223        2883.4551352830977     
 
 
  -6.9260298677494003E-005   132.54590557758030     
  -1.0069260298677494E-002   0.0000000000000000     
   183014.26756201836        245.94136406418920     
 
   18175542.406630963       0.31923299939379240     
   24424.968346138434        4262.9360896363451     
 
   5.5018996311734737E-008  -4.1201366492288624E-012
  -3.1523748306183635E-007   2.3458012965883176E-004
 
   1265.5795711840744        2923.0770575944148     
 
 
  -7.1777714606782034E-005  -249.62680069215060     
  -1.0071777714606782E-002   0.0000000000000000     
   182891.90388096840        761.31923543315861     
 
   18158850.310578838      -0.60904214467844342     
   75589.360389575537        4273.8826492695689     
 
   5.5069533021225252E-008   7.8475871356504169E-012
  -9.7397872605099501E-007   2.3397914469570506E-004
 
   798.84668166897825        1821.2796398489090     
 
 
  -1.2560080980571556E-004  -263.50464131365123     
  -1.0125600809805716E-002   0.0000000000000000     
   183928.54551493909        604.16042098589060     
 
   18164704.393325597      -0.64325240607187129     
   59666.624463480177        4270.6273272740555     
 
   5.5051790746984104E-008   8.2920363082035368E-012
  -7.6915035492901556E-007   2.3415752033799776E-004
 
   1182.8440480242134        2735.9873211549693     
 
 
  -7.4302258002268903E-005  -156.78104207270292     
  -1.0074302258002269E-002   0.0000000000000000     
   183301.72435216606        49.867725459456267     
 
   18194979.628148932      -0.42410423137247583     
   4949.9929803975219        4253.4935047135841     
 
   5.4960213933259865E-008   5.4799329681359302E-012
  -6.3959818645379959E-008   2.3510085809845543E-004
 
   1196.1803747907743        2768.6512614677217     
 
 
  -5.2184503921526293E-005   8.9235873435749973     
  -1.0052184503921527E-002   0.0000000000000000     
   182639.72331042954        87.279168352402465     
 
   18169157.484045252       -3.5974474922975709E-002
   8682.6070809137236        4261.1944537115123     
 
   5.5038325076092663E-008   4.6465254443573141E-013
  -1.1214605581096682E-007   2.3467598271526937E-004
 
   945.25932418530101        2153.4856261180294     
 
 
  -7.9781833607168659E-005  -123.51713877233833     
  -1.0079781833607169E-002   0.0000000000000000     
   182583.80310544078        59.095752350940529     
 
   18113864.577573009      -0.22751401244420361     
   5862.8007358168134        4262.5291972377881     
 
   5.5206329849812731E-008   2.9466574972878538E-012
  -7.5932315366888045E-008   2.3460249454064879E-004
 
   195.47097412432694        447.89474394516259     
 
 
  -3.1703327731412434E-005   183.08603208377849     
  -1.0031703327731413E-002   0.0000000000000000     
   181794.43986421643        83.599623846510667     
 
   18121991.243667264       0.50080894273334031     
   8333.5422824369107        4260.8985365758526     
 
   5.5181576936216531E-008  -6.4858214685378283E-012
  -1.0792512439854000E-007   2.3469229446929953E-004
 
   986.92525254588759        2316.9647702069042     
 
 
  -9.8058134783564344E-005  -50.617179370633139     
  -1.0098058134783565E-002   0.0000000000000000     
   183581.51553941946       -347.20718245177022     
 
   18179883.012067273       -3.4749880110004773E-002
  -34383.559474249050        4261.1270695487037     
 
   5.5005855360011383E-008   4.4857777013232802E-013
   4.4384902593463363E-007   2.3467969837604738E-004
 
   654.84027138381134        1501.6726019354537     
 
 
  -1.0405748662154976E-004  -335.76755845487855     
  -1.0104057486621550E-002   0.0000000000000000     
   183509.86674469319        453.64424737572654     
 
   18161997.493350819      -0.82488593511320185     
   44897.235390475529        4273.4613965574727     
 
   5.5059996743180948E-008   1.0627969387395366E-011
  -5.7846354628797813E-007   2.3400223613558691E-004
 
   818.14940703257525        1925.4551586417635     
 
 
  -4.9305813759770861E-005  -236.76289968498006     
  -1.0049305813759771E-002   0.0000000000000000     
   182632.56294172443        52.131608906286601     
 
   18173649.635744907      -0.43366521726595164     
   5187.5830900639266        4257.0078319984041     
 
   5.5024719358217226E-008   5.6054176588811668E-012
  -6.7053037002330770E-008   2.3490677264081789E-004
 
   825.93901292379735        1958.5321939533619     
 
 
  -5.6254674223330317E-005   176.93893846644863     
  -1.0056254674223331E-002   0.0000000000000000     
   183492.27664814852       -429.68049793821240     
 
   18246582.111577250       0.67643953266927237     
  -42727.686584910378        4262.5239866545789     
 
   5.4804764107214344E-008  -8.6972200360166531E-012
   5.4936483441841151E-007   2.3460269819449225E-004
 
   228.59957451735798        541.81594376161922     
 
 
  -8.5239809695355009E-005  -272.50685647853811     
  -1.0085239809695355E-002   0.0000000000000000     
   183669.53020755132        129.00654742400798     
 
   18211716.694230936      -0.70536150096437367     
   12791.619223560139        4249.6773761303357     
 
   5.4909699080432065E-008   9.1139125003751294E-012
  -1.6527936126688583E-007   2.3531195309910320E-004
 
   850.79136171962978        1929.9787897596705     
 
 
   1.5609489658788972E-005  -311.68245020533124     
  -9.9843905103412112E-003   7.8851995197055658E-002
   181244.45028970050       -17.411915893589139     
 
   18152779.195843488      -0.17691881313664240     
   31845.914117426408        4253.2082766292515     
 
   5.5087979434852110E-008   2.2914701810544231E-012
  -4.1247146809729954E-007   2.3511661362103723E-004
 
   534.33118382215378        1151.0404377532986     
 
 
  -4.3856243242129667E-006  -310.86827992812357     
  -1.0004385624324213E-002   0.0000000000000000     
   181617.87197198067        305.89545884725294     
 
   18153825.611280229      -0.16369885503089548     
   30576.136340002464        4252.9401007265251     
 
   5.5084804524585216E-008   2.1202554507492062E-012
  -3.9602732545383815E-007   2.3513144118816803E-004
 
   534.32125858896279        1151.0284442359291     
 
 
  -1.8021569293781352E-005  -62.354453486053089     
  -2.4247496146811552E-005   5.8238278360185802E-002
   95.621873598402658       -53.365326026926141     
 
   3943572.5380847510       -1.9519210391908876E-003
   8035492.4492965899        4261.9030853539443     
 
   2.5357694251323002E-007   1.1613642056906746E-013
  -4.7809993941041350E-004   2.3463674484367614E-004
 
   913.90173375519237        2276.2559989520628     
 
 
  -5.7485350018196199E-005  -76.214095674367158     
  -1.0057485350018196E-002   0.0000000000000000     
   183104.20178218055       -76.561968417508069     
 
   18205763.708306000      -0.13909094776682715     
  -7612.4364841724055        4258.8274457014313     
 
   5.4927660804461281E-008   1.7939070078123397E-012
   9.8180387543093078E-008   2.3480641711965452E-004
 
   1133.7669104051811        2599.1893873018535     
 
 
   2.7495077759277092E-005  -315.74555518666165     
  -9.9725049222407231E-003  0.16112827902009030     
   180803.69446245310       -232.30574413998147     
 
   18130220.553108957       0.11943735755053454     
   45390.731296702681        4251.0541264765088     
 
   5.5156530909900101E-008  -1.5496745295485365E-012
  -5.8893516744390622E-007   2.3523578872182261E-004
 
   1231.5178506385830        2960.5161525791291     
 
 
   2.5975645549375370E-005  -315.16081044301455     
  -9.9740243544506248E-003  0.15833593218479791     
   180822.34669095688       -248.44499555932748     
 
   18129328.841121588       0.13073617369890830     
   42571.038437643110        4250.7696164961089     
 
   5.5159243951287800E-008  -1.6964712625993288E-012
  -5.5241438758029082E-007   2.3525153382573556E-004
 
   1231.5076854191277        2960.5041903752090     
 
 
   2.4516672119121244E-005  -314.61994891399075     
  -9.9754833278808790E-003  0.15452460931498990     
   180838.52226671425       -261.66985837936295     
 
   18128298.976188000       0.14193913353073923     
   39610.593721360405        4250.4859165525586     
 
   5.5162377577680208E-008  -1.8420717608733641E-012
  -5.1406229071945060E-007   2.3526723593443312E-004
 
   1231.4975503234366        2960.4922804433786     
 
 
   2.3117999840494702E-005  -314.12589898868038     
  -9.9768820001595055E-003  0.14965417474866172     
   180853.36092007009       -271.73197716186655     
 
   18127244.946519904       0.15301508775258044     
   36517.283711665012        4250.2029013739948     
 
   5.5165585033790489E-008  -1.9860620847393074E-012
  -4.7397674100398057E-007   2.3528290195329619E-004
 
   1231.4874460244052        2960.4804218199879     
 
 
   2.1791268477610107E-005  -313.68149744601709     
  -9.9782087315223901E-003  0.14374821431493956     
   180866.92968574708       -278.62651926016383     
 
   18126194.602748230       0.16395799719063742     
   33301.764186022090        4249.9204344742921     
 
   5.5168781577934963E-008  -2.1283605362566853E-012
  -4.3229462359706749E-007   2.3529853941885835E-004
 
   1231.4773731597077        2960.4686134284034     
 
 
   2.0556475683934650E-005  -313.28949079130643     
  -9.9794435243160656E-003  0.13685772614354619     
   180879.05646170644       -282.45732488782210     
 
   18125166.993416004       0.17476460303344910     
   29975.470925282723        4249.6383689104523     
 
   5.5171909222974270E-008  -2.2689217239025177E-012
  -3.8916345750841259E-007   2.3531415645336033E-004
 
   1231.4673323506672        2960.4568540858145     
 
 
   1.9441514684604214E-005  -312.95253677923506     
  -9.9805584853153960E-003  0.12907277418304375     
   180889.41371779444       -283.48767794566049     
 
   18124179.916203856       0.18543226472023555     
   26550.474150711587        4249.3565470427884     
 
   5.5174913764331997E-008  -2.4077078733682348E-012
  -3.4473928121825984E-007   2.3532976177809920E-004
 
   1231.4573242085721        2960.4451425096663     
 
 
   1.8481713382537818E-005  -312.67320607616068     
  -9.9815182866174624E-003  0.12054382684726761     
   180897.52673234182       -282.23177797984613     
 
   18123249.906431712       0.19595897323328421     
   23039.376612964857        4249.0748000183394     
 
   5.5177744818999741E-008  -2.5446890744339657E-012
  -2.9918532936476396E-007   2.3534536474239851E-004
 
   1231.4473493402500        2960.4334773240034     
 
 
   1.7719304425258681E-005  -312.45378943109074     
  -9.9822806955747415E-003  0.11149887682603321     
   180902.78238839709       -279.30227898410982     
 
   18122392.157895822       0.20634289881648765     
   19477.852591606916        4248.7932110725433     
 
   5.5180356074668769E-008  -2.6798373242784619E-012
  -2.5296473332093843E-007   2.3536096075267487E-004
 
   1231.4374083530683        2960.4218570657090     
 
 
   1.7201200869374628E-005  -312.29527395510536     
  -9.9827987991306256E-003  0.10221230554526528     
   180904.45038420227       -274.33920343246160     
 
   18121618.612249024       0.21657334091137431     
   16018.667288134535        4248.5132654375066     
 
   5.5182711128503364E-008  -2.8130085427464329E-012
  -2.0806184055393456E-007   2.3537646762123720E-004
 
   1231.4275018604856        2960.4102801977074     
 
 
   1.6976605310340190E-005  -312.19840587825030     
  -9.9830233946896600E-003   9.3043934263391748E-002
   180901.72031211172       -268.62117476432411     
 
   18120937.339990899       0.22663189143631349     
   12686.670666793132        4248.2350726142886     
 
   5.5184785344528310E-008  -2.9439595661171930E-012
  -1.6480048432274412E-007   2.3539187927603620E-004
 
   1231.4176304299112        2960.3987451565699     
 
 
   1.7096353074961060E-005  -312.16391528508893     
  -9.9829036469250391E-003   8.4376647533986215E-002
   180893.73100001129       -263.79221761443137     
 
   18120354.293010462       0.23650212708979507     
   9479.8345397114736        4247.9584445291202     
 
   5.5186560536085506E-008  -3.0724733125304211E-012
  -1.2315550388013575E-007   2.3540720611672254E-004
 
   1231.4077945026536        2960.3872503599418     
 
 
   1.7612409682749713E-005  -312.19251727883665     
  -9.9823875903172505E-003   7.6523198641439194E-002
   180879.58231619658       -261.20195750823308     
 
   18119873.579078402       0.24616996393599716     
   6395.6990868905077        4247.6831924862900     
 
   5.5188024137783764E-008  -3.1983632714720210E-012
  -8.3096120777009690E-008   2.3542245858275524E-004
 
   1231.3979943923862        2960.3757942088455     
 
 
   1.8577420732010519E-005  -312.28491295800069     
  -9.9814225792679897E-003   6.9643953020317895E-002
   180858.34512158119       -261.55511139633819     
 
   18119497.645542737       0.25562351764064895     
   3431.4999043529037        4247.4091316469494     
 
   5.5189168649144239E-008  -3.3214717463036047E-012
  -4.4587564105796720E-008   2.3543764690496773E-004
 
   1231.3882302870345        2960.3643750900414     
 
 
   2.0044311276248145E-005  -312.44179022601321     
  -9.9799556887237521E-003   6.3717200772146043E-002
   180829.07024709348       -264.78449386068883     
 
   18119227.455799215       0.26485296434972316     
   584.28402474183179        4247.1360834712850     
 
   5.5189991099253687E-008  -3.4416680929905978E-012
  -7.5925587245563095E-009   2.3545278096989724E-004
 
   1231.3785022500326        2960.3529913782986     
 
 
   2.2065932534934621E-005  -312.66382446110015     
  -9.9779340674650656E-003   5.8578132845468645E-002
   180790.79652412396       -270.21581769685361     
 
   18119062.657997847       0.27385042976483254     
  -2148.9880878452591        4246.8638749674337     
 
   5.5190492534152944E-008  -3.5588473151912511E-012
   2.7927363463967137E-008   2.3546787036110212E-004
 
   1231.3688102209294        2960.3416414385624     
 
 
   2.4694425199651981E-005  -312.95110526502583     
  -9.9753055748003482E-003   5.4181260688096700E-002
   180742.55981157240       -277.16484350754217     
 
   18119001.344706874       0.28260872679563459     
  -4719.5572910982628        4246.5940147760293     
 
   5.5190678759876087E-008  -3.6729123153860227E-012
   6.1337525893812804E-008   2.3548283146116128E-004
 
   1231.3591540152902        2960.3303236280221     
 
 
   2.7979025306218083E-005  -313.30282383519739     
  -9.9720209746937821E-003   5.0554604192427632E-002
   180683.41301542247       -285.02051629163907     
 
   18119038.075756181       0.29111677720966600     
  -7054.6416949072009        4246.3289896187953     
 
   5.5190566360433591E-008  -3.7837152633498619E-012
   9.1690886778607939E-008   2.3549752639326639E-004
 
   1231.3495333276248        2960.3190363174158     
 
 
   3.1965064768393892E-005  -313.71819791657208     
  -9.9680349352316063E-003   4.7451489240813771E-002
   180612.45775253518       -292.87183437358794     
 
   18119165.224774677       0.29936368041973216     
  -9168.2617832651467        4246.0686449737559     
 
   5.5190178571689056E-008  -3.8911134891332382E-012
   1.1916858800890233E-007   2.3551196363935228E-004
 
   1231.3399476982543        2960.3077779167402     
 
 
  -9.5404281760622568E-006  -314.19585374007795     
  -1.5926396814674743E-005   4.5311018126767522E-002
   75.252000741718632       -50.886791801327945     
 
   4725003.5516146012        6.1965511834300773E-003
   8876022.3712211922        4242.8939840502080     
 
   2.1164063319283910E-007  -3.0909139398790570E-013
  -4.4274662575609353E-004   2.3568883579493520E-004
 
   1231.3303964926097        2960.2965468721463     
 
 
  -8.9244243900046469E-005  -294.27819294803248     
  -1.0089244243900047E-002   0.0000000000000000     
   182867.19473578385       -53.794469652087173     
 
   18124964.597456872      -0.72023463754759232     
  -5331.8631556269302        4263.8099521248541     
 
   5.5172524300066359E-008   9.3196374810376234E-012
   6.8992838053641586E-008   2.3453204080840551E-004
 
   1452.1087024202166        2948.5488006758533     
 
 
  -5.7523194863991559E-005   63.728955303266758     
  -1.0057523194863992E-002   0.0000000000000000     
   182825.25201360675        351.54130058555302     
 
   18177959.769157570       0.16188462887270716     
   34953.068839561500        4262.7086284651450     
 
   5.5011678192828771E-008  -2.0891751897941622E-012
  -4.5108102440163544E-007   2.3459264054441131E-004
 
   731.48472968696683        1757.4591281741598     
 
 
  -1.1094381926567837E-004  -180.85737927136543     
  -1.0110943819265679E-002   0.0000000000000000     
   183960.95849693494       -256.45490315550251     
 
   18194241.980299655      -0.50004081097259867     
  -25364.091398356770        4251.2534241199337     
 
   5.4962452684555701E-008   6.4647920675577615E-012
   3.2792038824585530E-007   2.3522478295459189E-004
 
   749.99381693557029        1788.3198156910180     
 
 
  -5.1753556182400351E-005  -221.15942904769756     
  -1.0051753556182401E-002   0.0000000000000000     
   182650.38392784065        581.05712322186173     
 
   18170997.021261062      -0.51295919514568900     
   57806.542905587063        4272.6321571973867     
 
   5.5032732485648677E-008   6.6070621396585168E-012
  -7.4456491797086338E-007   2.3404767395762056E-004
 
   767.40735252340232        1818.1711404239168     
 
 
  -2.4801323328750569E-005  -145.63150607285908     
  -1.0024801323328751E-002   0.0000000000000000     
   182092.57190273455       -165.11297706749701     
 
   18164207.551823128      -0.10558029143054000     
  -16470.448814104377        4264.6146249749727     
 
   5.5053325040231389E-008   1.3629710098370231E-012
   2.1262248804643239E-007   2.3448778152014449E-004
 
   766.92708345762105        1830.3718463827706     
 
 
  -6.8465830910639097E-005  -253.56150173063753     
  -1.0068465830910639E-002   0.0000000000000000     
   182295.73697854500        159.18655489298317     
 
   18105612.120059937      -0.42410184574948290     
   15810.408215746087        4263.8548467393921     
 
   5.5231488806529106E-008   5.4935679539497624E-012
  -2.0479880666256838E-007   2.3452953936955830E-004
 
   1401.6769084623704        3240.7494977274696     
 
 
  -1.0011736302347786E-004  -180.99744729387595     
  -1.0100117363023478E-002   0.0000000000000000     
   183798.73953170638       -76.835117423659554     
 
   18197683.544212408      -0.37359490692728403     
  -7607.3489705127313        4256.0017237039792     
 
   5.4952051136961503E-008   4.8237307601721285E-012
   9.8223510417309988E-008   2.3496231947610859E-004
 
   1421.8881055001698        3342.8871152536640     
 
 
  -1.2345572752133979E-004  -182.88222348033818     
  -1.0123455727521340E-002   0.0000000000000000     
   184184.45881003770        476.62102334218207     
 
   18193832.597036902      -0.42646490047917962     
   47080.862125616623        4267.3774746541148     
 
   5.4963666179639251E-008   5.4928523587359947E-012
  -6.0639978644770762E-007   2.3433590005365738E-004
 
   1421.7767413274544        3342.3268313956728     
 
 
  -6.8125419745247717E-005  -112.00667711584656     
  -1.0068125419745248E-002   0.0000000000000000     
   182776.07933931076        349.39057392560881     
 
   18153933.499959867      -0.22751780629088064     
   34702.644172507746        4266.5933493725806     
 
   5.5084475112052250E-008   2.9374017891866174E-012
  -4.4803354402734748E-007   2.3437900361688907E-004
 
   1420.9853679460550        3341.9298255296671     
 
 
  -3.8918123888408845E-005   41.622951841891002     
  -1.0038918123888409E-002   0.0000000000000000     
   182997.55707804867       -623.00560909871604     
 
   18228812.589136608       0.11647589625457688     
  -62059.038773931126        4261.0230785151189     
 
   5.4858203300346285E-008  -1.4995596781771688E-012
   7.9897416722529667E-007   2.3468540031640659E-004
 
   1422.5473445689313        3400.7715878943400     
 
 
  -5.7822031116391490E-005  -191.09877541805503     
  -1.0057822031116392E-002   0.0000000000000000     
   182939.33956953062        503.34884480574351     
 
   18188762.835886534      -0.38592909566720202     
   50045.511170165795        4270.3554734624486     
 
   5.4978986771289555E-008   4.9686708231198073E-012
  -6.4431439342356754E-007   2.3417248459869285E-004
 
   673.04944155545445        1629.6184208854540     
 
 
  -4.4187593698964342E-005  -282.11455155656176     
  -1.0044187593698965E-002   0.0000000000000000     
   182705.39477083244       -104.21841762711591     
 
   18190161.530380942      -0.77715319703352714     
  -10375.992747537979        4259.8747923383862     
 
   5.4974778667819877E-008   1.0029361678598598E-011
   1.3390485226953899E-007   2.3474870807544342E-004
 
   926.29752486066423        2140.9199711332662     
 
 
  -9.2497570865041415E-005  -337.52642165299335     
  -1.0092497570865042E-002   0.0000000000000000     
   183814.23627292778       -512.40789847137148     
 
   18212958.188225042      -0.83874935922998950     
  -50771.168868108769        4242.1322287460416     
 
   5.4905992801085863E-008   1.0855947857478758E-011
   6.5713214064501489E-007   2.3573064139605058E-004
 
   926.04754268296051        2133.7577562310962     
 
 
  -1.0304060738946900E-004  -403.83772863578423     
  -1.0103040607389469E-002   0.0000000000000000     
   183736.44084834991       -172.45497409411450     
 
   18186251.841248982      -0.97011907765986405     
  -17069.611099847913        4250.8002640814620     
 
   5.4986603228459295E-008   1.2549061234042388E-011
   2.2080546591248974E-007   2.3524987110249015E-004
 
   912.42792031103988        1982.5465441807169     
 
 
  -5.8958853709902698E-005   71.356188997834423     
  -1.0058958853709903E-002   0.0000000000000000     
   182270.53248820186        238.12751211855721     
 
   18120218.517543454       0.31595830782016004     
   23673.176874633577        4258.6449782865402     
 
   5.5186977792808127E-008  -4.0944441732121263E-012
  -3.0677623824638945E-007   2.3481649727253147E-004
 
   94.835175247239064        275.26783643841139     
 
 
  -9.4565354343167235E-005  -168.51159985065146     
  -1.0094565354343167E-002   0.0000000000000000     
   183720.14650708975       -246.70868938087642     
 
   18199906.589147449      -0.43462009462482826     
  -24439.753542705719        4252.2238373900882     
 
   5.4945344491446925E-008   5.6159674879024303E-012
   3.1579962133748705E-007   2.3517109528896230E-004
 
   888.20958827284142        2099.1938667564036     
 
 
  -7.7070085624528564E-005  -273.70658004289987     
  -1.0077070085624529E-002   0.0000000000000000     
   183460.11015813693        137.41056416917309     
 
   18205699.533622619       -1.0133972053365403     
   13635.963926191502        4251.6862912469605     
 
   5.4927843867194926E-008   1.3092152067939087E-011
  -1.7616400792751798E-007   2.3520075400073806E-004
 
   517.46133964030366        1191.7846820774312     
 
 
  -1.2042244150152134E-004  -301.30658611487917     
  -1.0120422441501522E-002   0.0000000000000000     
   183883.55221641515        601.43952768422241     
 
   18169553.027979452      -0.93667031872692752     
   59428.302638607791        4278.1026355518798     
 
   5.5037087722660012E-008   1.2050109801149174E-011
  -7.6453535227256479E-007   2.3374831533311892E-004
 
   516.54374397243930        1158.5204987504424     
 
 
  -6.6446862919691818E-005  -218.80531916878220     
  -1.0066446862919692E-002   0.0000000000000000     
   183130.43173106675        9.4936252768541181     
 
   18192161.963883970      -0.68882372431489225     
   943.09595094405427        4250.1065814456451     
 
   5.4968727388383363E-008   8.9088974111414280E-012
  -1.2197525693790624E-008   2.3528821511528111E-004
 
   391.81200183895714        896.26267417193003     
 
 
  -4.6147092972782106E-005  -199.83005022092621     
  -1.0046147092972782E-002   0.0000000000000000     
   182378.03378282351        821.86206579381997     
 
   18154027.817330666      -0.41781970603290031     
   81808.683288015091        4269.0714558186410     
 
   5.5084170246867554E-008   5.3911610657730281E-012
  -1.0555839799230879E-006   2.3424287208714594E-004
 
   1219.6892348277756        2854.7126223123796     
 
 
  -8.7855061833130160E-005  -53.919163258996882     
  -1.0087855061833130E-002   0.0000000000000000     
   183530.59482305564        129.89380271699773     
 
   18193222.810806829       -9.2651761981828007E-002
   12876.255846343618        4259.1664594855947     
 
   5.4965521777150850E-008   1.1956922767274597E-012
  -1.6617104024054634E-007   2.3478772058247669E-004
 
   1227.5659188832133        2888.0091884983276     
 
 
  -4.2408631282148807E-005   183.34450856710808     
  -1.0042408631282149E-002   0.0000000000000000     
   182234.29752103056       -160.79417571217095     
 
   18146473.043665033       0.58991651670463341     
  -16011.514927928916        4261.3833559969553     
 
   5.5107120565385258E-008  -7.6286496411560026E-012
   2.0705681931341239E-007   2.3466555207864214E-004
 
   974.50902879963576        2235.2402727332633     
 
 
  -7.6624690980523630E-005  -258.18932034290901     
  -1.0076624690980524E-002   0.0000000000000000     
   183651.83555527401       -171.91347018498732     
 
   18225530.987539783      -0.60574366062894625     
  -17060.620540803469        4247.6584407844966     
 
   5.4868093235543139E-008   7.8245461850482250E-012
   2.2037641009481511E-007   2.3542385703378830E-004
 
   1799.5735461071408        4022.1332059625761     
 
 
   4.2839125164850084E-005  -288.68601011368935     
  -9.9571608748351501E-003   3.7883481494418447E-002
   180673.62424256757        72.167079658415560     
 
   18145094.312270314       -2.8673070954269825E-002
   23497.372107917781        4270.9916874924129     
 
   5.5111314060795423E-008   3.6998681666271514E-013
  -3.0320149243913319E-007   2.3413765806072143E-004
 
   1800.1395802774168        3960.4095147070348     
 
 
  -5.3614486785574095E-005  -289.35016397934839     
  -1.0053614486785574E-002   0.0000000000000000     
   183034.77167576563        182.70577262449251     
 
   18205867.344162215      -0.80458567731383923     
   18173.142889508814        4250.2819214766469     
 
   5.4927337002663248E-008   1.0397839357907668E-011
  -2.3485556072073569E-007   2.3527846611435044E-004
 
   1793.2428555856527        3937.5091803901555     
 
 
  -5.6166091758616185E-005  -310.21384529292050     
  -1.0056166091758616E-002   0.0000000000000000     
   183183.32914263528       -32.999062021689952     
 
   18216020.645558003      -0.70723277624677128     
  -3281.4754371264562        4248.3869035865073     
 
   5.4896733454916147E-008   9.1387084296449813E-012
   4.2402513353646909E-008   2.3538346499096932E-004
 
   1780.8071852987125        3852.6479206314489     
 
 
  -7.1771493804368910E-005  -339.91346932897568     
  -1.0071771493804369E-002   0.0000000000000000     
   183374.54758712629        90.774322841405251     
 
   18206781.964814115       -1.2564626309046376     
   9012.7464565026530        4248.1495452561367     
 
   5.4924580056024151E-008   1.6244880652939346E-011
  -1.1652633905687546E-007   2.3539657512897553E-004
 
   1780.3773431361753        3789.8466164785168     
 
 
  -7.2790563927206675E-005  -398.82951852521319     
  -1.0072790563927207E-002   0.0000000000000000     
   183333.35844273245        367.06939120973129     
 
   18200850.824724581      -0.94137155145366247     
   36441.678091103968        4282.0027262757094     
 
   5.4942462276070727E-008   1.2078757128324816E-011
  -4.6758389748588770E-007   2.3353547948335262E-004
 
   1703.6701600080373        3627.9927423785202     
 
 
  -9.7106544659098654E-005  -363.77681734629738     
  -1.0097106544659099E-002   0.0000000000000000     
   183654.60679521982       -65.773794421553248     
 
   18188835.185894378       -1.0711532254235894     
  -6514.1230441336975        4243.0711279990510     
 
   5.4978786722238488E-008   1.3879264087466067E-011
   8.4405509764512616E-008   2.3567837074718433E-004
 
   1000.8469654204561        2042.5062454988420     
 
 
  -1.0331513541342319E-004  -283.27360239081025     
  -1.0103315135413423E-002   0.0000000000000000     
   183435.39371938273        681.89765067826920     
 
   18155960.816902366      -0.83904296492321662     
   67492.465744057321        4276.9499298806340     
 
   5.5078289759436302E-008   1.0805142052235161E-011
  -8.6916369042781059E-007   2.3381131112802840E-004
 
   1257.8911020212215        3037.1977346313934     
 
 
  -7.4069524299795811E-005  -214.99297069919098     
  -1.0074069524299796E-002   0.0000000000000000     
   183556.10476823529        7.0782797365797023     
 
   18220650.981758382      -0.46785624748876498     
   702.62367353443028        4251.7571146707005     
 
   5.4882780903813985E-008   6.0392094921901882E-012
  -9.0696481695450047E-009   2.3519687714667554E-004
 
   813.19752344306175        1873.3995669680191     
 
 
  -1.0140475659515570E-004  -278.02577967326727     
  -1.0101404756595156E-002   0.0000000000000000     
   183783.84362617403       -371.27236555832405     
 
   18193889.667294294      -0.82841446063406365     
  -36754.528157673289        4245.3037760367915     
 
   5.4963529651641876E-008   1.0725400388995545E-011
   4.7585725422747093E-007   2.3555449667740438E-004
 
   812.77628925983720        1860.5714345276619     
 
 
  -8.4465556852536886E-005  -287.82195240541915     
  -1.0084465556852537E-002   0.0000000000000000     
   183279.17142829954        605.81570469583448     
 
   18174406.010416560      -0.69869847883124803     
   60074.150809533887        4276.6331494913238     
 
   5.5022401249343186E-008   8.9893303238158972E-012
  -7.7290333657655116E-007   2.3382867433755866E-004
 
   811.38976011400257        1837.0356054511947     
 
 
  -3.3494781605244300E-005  -297.74677858881438     
  -1.0033494781605245E-002   0.0000000000000000     
   182109.06521167487       -135.79881339411486     
 
   18150113.113682158      -0.23658493092844723     
  -13534.547667596844        4265.6290603486259     
 
   5.5096077644001764E-008   3.0557982279802810E-012
   1.7481606549009519E-007   2.3443202097772601E-004
 
   798.24515353327024        1811.3855977153823     
 
 
  -5.6651724639080955E-005  -248.90339654636716     
  -1.0056651724639081E-002   0.0000000000000000     
   182215.03346905948        127.30898122165172     
 
   18118856.897731427      -0.31285425017036955     
   12659.181674728723        4264.5125633540738     
 
   5.5191116878288203E-008   4.0489446872309419E-012
  -1.6383452153413847E-007   2.3449337618017605E-004
 
   1345.0292972812886        3064.8631153703463     
 
 
  -6.1277446088119216E-006   142.06730999388881     
  -1.2700503342757094E-005   1.8915755882687790E-002
   62.821040141306298       -22.399698138340682     
 
   4946345.7291081138        2.1318557835573932E-003
   4588363.5883866278        4264.9220962005193     
 
   2.0216954463924116E-007  -1.0105608104361188E-013
  -2.1750159941486206E-004   2.3447098003804353E-004
 
   1363.5535094602624        3130.2679093384377     
 
 
  -9.8013541643087246E-005  -254.68997760521447     
  -1.0098013541643087E-002   0.0000000000000000     
   183617.97256701204       -313.28428797939546     
 
   18183573.611759569      -0.53223864798617715     
  -31024.348173775008        4260.7796782541327     
 
   5.4994702057985594E-008   6.8697065044533068E-012
   4.0043722351282809E-007   2.3469887875965452E-004
 
   1829.9756163035456        3490.3148307155875     
 
 
   1.4579402067740725E-005  -225.86236499966080     
  -9.0907250008732076E-005  -2.7165449678449249E-002
   1417.0550467483354        176.19548383723765     
 
   15587907.578499928        4.5476759907985213E-002
   663774.33815577812        4264.7401570926895     
 
   6.4152321217028506E-008  -6.8408381333028156E-013
  -9.9848204083830893E-006   2.3448098060890757E-004
 
   1844.9631217367846        3600.1507594298450     
 
 
   1.0770033490541362E-006  -225.98590076384212     
  -3.8128814682184338E-006   4.9913540045736227E-003
   21.563867657133727       -6.8010521642158892     
 
   5655544.6307744160        1.0750234958218259E-002
   3800541.3288097186        4265.7895525935792     
 
   1.7681792980261893E-007  -4.4559964029360005E-013
  -1.5753328700447816E-004   2.3442358822222087E-004
 
   1845.0593764719088        3600.1446177166276     
 
 
  -1.1089660335044348E-004  -229.16736883282854     
  -1.0110896603350444E-002   0.0000000000000000     
   183876.92106481784        271.56440745352393     
 
   18186015.373145703      -0.58349653268475898     
   26858.588125958933        4251.8991400962750     
 
   5.4987295281919047E-008   7.5460153408028109E-012
  -3.4734622517506558E-007   2.3518897423847152E-004
 
   1861.5952554835778        3638.3225507515122     
 
 
  -1.1382628439961760E-004  -263.53741946481546     
  -1.0113826284399618E-002   0.0000000000000000     
   183916.86753548929       -15.636135321358779     
 
   18184697.103130743      -0.74644477367694051     
  -1546.0158086186073        4247.9372283706734     
 
   5.4991293463284594E-008   9.6630344086199999E-012
   2.0013810105953967E-008   2.3540837850910548E-004
 
   894.10994402376195        2073.9437115936730     
 
 
  -3.9972448351631093E-005  -219.79117415563374     
  -1.0039972448351631E-002   0.0000000000000000     
   182589.10265059929        352.17706596982021     
 
   18186215.509045232      -0.39400864932668089     
   35077.493268186314        4270.7088486678367     
 
   5.4986691516721357E-008   5.0729826881559227E-012
  -4.5163352732867299E-007   2.3415312480606448E-004
 
   917.96022860980156        2119.6253556998781     
 
 
  -9.7601674789209864E-005  -256.52056457599195     
  -1.0097601674789210E-002   0.0000000000000000     
   183729.51599272815       -170.27006666988973     
 
   18195361.820564538      -0.75009003772138028     
  -16862.426559664029        4247.1731519038476     
 
   5.4959069983495568E-008   9.7062797777794609E-012
   2.1820237796726176E-007   2.3545076405071162E-004
 
   580.38648364898984        1486.8164621376093     
 
 
  -1.0497355421630779E-004  -38.108429602524708     
  -1.0104973554216308E-002   0.0000000000000000     
   183765.70739379697        394.63903795956298     
 
   18185669.305103783       -2.4886221525367472E-002
   39053.940699816296        4260.2121061124035     
 
   5.4988352129253994E-008   3.2121694373858034E-013
  -5.0408566281367239E-007   2.3473009384214640E-004
 
   246.94185203413957        675.85472160135043     
 
 
   2.8203083708808196E-005  -235.19691121962262     
  -9.9717969162911920E-003  0.15874685703570890     
   180746.75009391311       -200.88979350913769     
 
   18125797.549562637       0.13868705452786587     
   47563.805032896598        4253.2268699425622     
 
   5.5169990883478221E-008  -1.7989549506589416E-012
  -6.1696560524265614E-007   2.3511562306542257E-004
 
   791.65904614229817        1860.9283654287649     
 
 
   2.7071886736418707E-005  -234.50601345123417     
  -9.9729281132635815E-003  0.15528525062617859     
   180757.70600282960       -207.44642958904433     
 
   18124840.213797107       0.14498323425257104     
   45422.513754531254        4253.0883733228538     
 
   5.5172904899253716E-008  -1.8807853242780731E-012
  -5.8924052633917809E-007   2.3512327928627475E-004
 
   791.65066306217602        1860.9195156724359     
 
 
   2.6019441081954336E-005  -233.84883812326950     
  -9.9739805589180459E-003  0.15138293256021029     
   180767.35169917010       -212.72620502079417     
 
   18123894.820063584       0.15119286661404646     
   43222.253933567241        4252.9505445455934     
 
   5.5175782838557066E-008  -1.9615052391649367E-012
  -5.6074522190012467E-007   2.3513089896217513E-004
 
   791.64230374063470        1860.9107097039398     
 
 
   2.5060214655581864E-005  -233.22686309205011     
  -9.9749397853444183E-003  0.14708976599939660     
   180775.51090876947       -216.87809981648547     
 
   18122969.956568673       0.15731624043329007     
   40969.391016102891        4252.8132667427235     
 
   5.5178598542060288E-008  -2.0411170513637967E-012
  -5.3156191857012258E-007   2.3513848854907137E-004
 
   791.63396824434813        1860.9019464457861     
 
 
   2.4212069254585591E-005  -232.64151941519543     
  -9.9757879307454146E-003  0.14246910991801087     
   180781.93987926634       -220.10733773143579     
 
   18122073.605331399       0.16335385744908831     
   38670.397679300506        4252.6764189538399     
 
   5.5181327686064558E-008  -2.1196258188151285E-012
  -5.0177433594085866E-007   2.3514605473152217E-004
 
   791.62565663882685        1860.8932247676489     
 
 
   2.3496047775241682E-005  -232.09419274350066     
  -9.9765039522247585E-003  0.13760016311388767     
   180786.33130225824       -222.68559944383810     
 
   18121213.148874216       0.16930643194445288     
   36331.823543659382        4252.5398762379236     
 
   5.5183947763705313E-008  -2.1970393149487520E-012
  -4.7146729035899235E-007   2.3515360441654705E-004
 
   791.61736899057166        1860.8845434894138     
 
 
   2.2936165604720352E-005  -231.58622473909679     
  -9.9770638343952799E-003  0.13257914903553569     
   180788.31816593805       -224.95628531946386     
 
   18120395.377968762       0.17517488729475855     
   33960.267168114973        4252.4035098288941     
 
   5.5186438063046359E-008  -2.2733680013076434E-012
  -4.4072632720432845E-007   2.3516114472505034E-004
 
   791.60910536906658        1860.8759013841409     
 
 
   2.2559197365351613E-005  -231.11886854333758     
  -9.9774408026346486E-003  0.12751620329922275     
   180787.47759999070       -227.26841159991432     
 
   18119626.490554657       0.18096028881410409     
   31567.670271529074        4252.2672333559613     
 
   5.5188779672796772E-008  -2.3486241482065481E-012
  -4.0970642337169291E-007   2.3516868043859412E-004
 
   791.60086584861870        1860.8672971809463     
 
 
   2.2393898421912278E-005  -230.69270271999591     
  -9.9776061015780879E-003  0.12250087920563146     
   180783.33820299379       -229.21524399608188     
 
   18118911.413085803       0.18666122335535384     
   29232.924849470692        4252.1315497396972     
 
   5.5190957559566757E-008  -2.4227876150381103E-012
  -3.7943160879110343E-007   2.3517618378631424E-004
 
   791.59265051064915        1860.8587295694954     
 
 
   2.2469864434465636E-005  -230.30808915584950     
  -9.9775301355655346E-003  0.11762984421037004     
   180775.39514356144       -230.97195650909953     
 
   18118253.245480854       0.19227290482181397     
   26979.596149727524        4251.9965362180592     
 
   5.5192962245682427E-008  -2.4957948780779150E-012
  -3.5020814786931522E-007   2.3518365050809485E-004
 
   791.58445943233698        1860.8501972253630     
 
 
   2.2817228908367584E-005  -229.96538319285622     
  -9.9771827710916326E-003  0.11299473330697651     
   180763.12501777595       -232.93909616555970     
 
   18117654.203034531       0.19779095401970026     
   24806.493995976063        4251.8620701389918     
 
   5.5194786945727403E-008  -2.5675878913336077E-012
  -3.2202106474578240E-007   2.3519108738637048E-004
 
   791.57629264938214        1860.8416988176439     
 
 
   2.3466465795646610E-005  -229.66493433333792     
  -9.9765335342043536E-003  0.10866305981369351     
   180745.99097011675       -235.41640027255664     
 
   18117115.772932526       0.20321171914446501     
   22712.235285014853        4251.7280299517233     
 
   5.5196427094183936E-008  -2.6381181395952564E-012
  -2.9485287634202431E-007   2.3519850114423114E-004
 
   791.56815015336485        1860.8332330098174     
 
 
   2.4448209306991708E-005  -229.40708688528542     
  -9.9755517906930085E-003  0.10467038105269921     
   180723.44653988071       -238.56913406052149     
 
   18116638.774372492       0.20853224166192411     
   20695.282354743267        4251.5942957083080     
 
   5.5197880163282730E-008  -2.7073462058820377E-012
  -2.6868408317217092E-007   2.3520589841761843E-004
 
   791.56003189271746        1860.8247984606689     
 
 
   2.5793089706427699E-005  -229.19218055148215     
  -9.9742069102935725E-003  0.10101873500127567     
   180694.93919043386       -242.42111831760070     
 
   18116223.415891867       0.21375022194782281     
   18753.979155199268        4251.4607493101739     
 
   5.5199145489097947E-008  -2.7752413335908795E-012
  -2.4349363311311825E-007   2.3521328574162997E-004
 
   791.55193777343277        1860.8163938251585     
 
 
   2.7531584394212619E-005  -229.02055096621123     
  -9.9724684156057876E-003   9.7681613881064777E-002
   180659.91353476027       -246.87557200704470     
 
   18115869.349963073       0.21886398660885723     
   16886.585174319578        4251.3272744549595     
 
   5.5200224105723936E-008  -2.8417810085039775E-012
  -2.1925935733149155E-007   2.3522066955341183E-004
 
   791.54386765952358        1860.8080177552392     
 
 
   4.7577894626668992E-006  -228.99706410855100     
   4.3489094325860480E-006  -9.9202893779306578E-003
   144.51972047398419       -79.934896868638134     
 
  -33231253.507185128        8.7093513994838836E-004
   28066356.073166322        4246.1607914385604     
 
  -3.0092148842702806E-008   6.1722367924715273E-015
   1.9890366990551054E-004   2.3550682036913953E-004
 
   791.53582137324656        1860.7996689006293     
 
 
   1.6403390027376619E-005  -228.92282339834995     
  -9.9835966099726236E-003  0.11342293001811754     
   180744.56671828506       -261.41470093435311     
 
   18104157.164332300       0.31187657101824762     
   22111.404876898650        4251.0456009914751     
 
   5.5235937278187956E-008  -4.0523664839733635E-012
  -2.8730441579552520E-007   2.3523626501919552E-004
 
   797.69825258215860        1860.7912294308442     
 
 
   2.8574119673482890E-005  -228.89180466027608     
  -9.9714258803265173E-003  0.10402169298390618     
   180523.36514039643       -233.78343872994256     
 
   18104070.588015869       0.31589759979909765     
   20900.081142996631        4250.9118632450400     
 
   5.5236201213876508E-008  -4.1047624478771187E-012
  -2.7157492898938549E-007   2.3524366487958495E-004
 
   797.68995867305352        1860.7829224914126     
 
 
   3.3729324669844532E-005  -181.49880068569712     
  -9.9662706753301557E-003  0.13615010279829676     
   180897.00805341708       -225.54211100100156     
 
   18150923.304319248        4.8509596698717405E-002
   35498.520530672242        4255.0829068536350     
 
   5.5093617306963870E-008  -6.2808862124157556E-013
  -4.5962486463663388E-007   2.3501305243324945E-004
 
   779.20790706008870        1804.3719608042927     
 
 
   2.7223599127886022E-005  -180.70880579178106     
  -9.9727764008721142E-003  0.11948151117908878     
   181013.36164900952       -168.28023720721740     
 
   18150749.669138439        5.2807430956560722E-002
   34104.426260176020        4255.0186180515011     
 
   5.5094144404364896E-008  -6.8375264314979110E-013
  -4.4158542038685147E-007   2.3501660347068499E-004
 
   779.20093096972255        1804.3651460128688     
 
 
   2.1011708302411114E-005  -179.94402283866313     
  -9.9789882916975891E-003   9.5205427380790297E-002
   181123.77708826249       -79.194365726244996     
 
   18150515.585822538        5.7044386483760368E-002
   32658.667627182360        4254.9551926284685     
 
   5.5094854986041792E-008  -7.3863344237686920E-013
  -4.2287743947908174E-007   2.3502010687568279E-004
 
   779.19398085921250        1804.3583712307716     
 
 
   1.5072162087124627E-005  -179.20536376701457     
  -9.9849278379128756E-003   5.2349708923316030E-002
   181228.63997282393        88.407404397793471     
 
   18150220.624507818        6.1224496696707514E-002
   31161.949191598083        4254.8929908146301     
 
   5.5095750370902220E-008  -7.9278364787738161E-013
  -4.0350978918563004E-007   2.3502354274560183E-004
 
   779.18705639143514        1804.3516355526094     
 
 
   9.3847387323837267E-006  -178.49370016766105     
  -9.9906152612676165E-003  -7.4519866448156336E-002
   181328.32328773150        613.00097805822543     
 
   18149865.015870582        6.5354756084270410E-002
   29620.925635563617        4254.8346026792806     
 
   5.5096829876893587E-008  -8.4629373732963993E-013
  -3.8356816490847317E-007   2.3502676800604683E-004
 
   779.18015722347650        1804.3449380412358     
 
 
   3.9292624732182452E-006  -177.80994842138671     
  -9.9960707375267820E-003   1.9390927402582747E-003
   181423.15796954194        271.70554264615475     
 
   18149447.204595815        6.9416761088290785E-002
   28006.597820032028        4254.7682785027137     
 
   5.5098098245256861E-008  -8.9892827810028768E-013
  -3.6267786567839922E-007   2.3503043167554842E-004
 
   779.17328309326524        1804.3382777443969     
 
 
  -1.3116834097666452E-006  -177.15493468323476     
  -1.0001311683409767E-002   0.0000000000000000     
   181513.49891205304        263.51706028099488     
 
   18148969.321009032        7.3437629915926700E-002
   26348.249971859106        4254.7053064677311     
 
   5.5099549036129604E-008  -9.5103655816037199E-013
  -3.4121674399722891E-007   2.3503391023063641E-004
 
   779.16643328410942        1804.3316535993292     
 
 
  -9.8739517795346995E-005  -29.279321101273499     
  -1.0098739517795347E-002   0.0000000000000000     
   183713.99393653279        291.75172610973550     
 
   18191774.687603720       -6.6109518845431856E-004
   28889.914983511622        4260.6297787238400     
 
   5.4969898040514455E-008   8.5293341575651691E-015
  -3.7273261548634984E-007   2.3470708596819509E-004
 
   781.14014050785204        1923.0784799153869     
 
 
  -2.9216722854369331E-006   64.285863074214092     
  -2.0143349591125562E-005   8.4042684721978844E-002
   153.78457950172532       -152.52836213431192     
 
   7634497.4345787521       -2.7215272215771486E-003
   10188813.875493838        4256.9463735099280     
 
   1.3098427962763247E-007   8.3740139369280581E-014
  -3.1350511109239234E-004   2.3490997044503263E-004
 
   556.26189290212051        1312.4699078675076     
 
 
  -9.5584398815930921E-005  -264.38090645858478     
  -1.0095584398815931E-002   0.0000000000000000     
   183554.07450764225       -192.98438176641042     
 
   18181619.533503234      -0.58844948292384502     
  -19115.721699976169        4256.4667995532964     
 
   5.5000608912112472E-008   7.6037430570880596E-012
   2.4700682110418669E-007   2.3493667223152857E-004
 
   1371.2148332021620        3207.7020828422183     
 
 
  -9.6260385107170901E-005  -258.86451422966638     
  -1.0096260385107171E-002   0.0000000000000000     
   183381.93734849288        424.42929337315309     
 
   18163352.603207078      -0.65028077369394233     
   42038.267356815471        4275.1838571865901     
 
   5.5055895781112869E-008   8.3743276782757021E-012
  -5.4136957467333039E-007   2.3390798650139302E-004
 
   849.25676662146589        2097.9483110160668     
 
 
  -8.9756241508519644E-005   3.2828832813048545     
  -1.0089756241508520E-002   0.0000000000000000     
   183629.77456870905        452.49732118806833     
 
   18199624.467959847        7.0875879168855099E-002
   44847.200502875203        4262.0044434058300     
 
   5.4946190935923955E-008  -9.1373897922343529E-013
  -5.7817462991743886E-007   2.3463139334024732E-004
 
   555.37943418875568        1273.4456792461094     
 
 
   1.9470044400918089E-004  -285.87991829657170     
  -9.8052995559908193E-003 -0.25987785147270870     
   178315.43731330903        335.48049367495423     
 
   18185586.299331337        1.2161368925275398     
  -78557.745724897191        4254.9325257412211     
 
   5.4988535913554810E-008  -1.5716720955263561E-011
   1.0152394652436701E-006   2.3502106303216385E-004
 
   243.09047634734958        551.04483044500239     
 
 
  -9.7304289289968163E-005  -316.30864110362160     
  -1.0097304289289968E-002   0.0000000000000000     
   183783.67675332687       -649.31900145294549     
 
   18201261.592984077       -1.0666264940000589     
  -64306.173494415860        4243.3260227960918     
 
   5.4941295304309312E-008   1.3810355572830184E-011
   8.3261678430232362E-007   2.3566440163185534E-004
 
   202.88384308927112        355.65907790755278     
 
 
  -8.5700447292638010E-005  -300.76886680180360     
  -1.0085700447292638E-002   0.0000000000000000     
   183014.88261015789        712.21589450260763     
 
   18145976.431343012      -0.83983063327947083     
   70616.403711831808        4277.9470962857204     
 
   5.5108593346020033E-008   1.0818713697771663E-011
  -9.0968181422639173E-007   2.3375680285751642E-004
 
   183.34595754090839        212.91850700688741     
 
 
  -1.0579090454357690E-004  -258.65905338070814     
  -1.0105790904543577E-002   0.0000000000000000     
   183449.67535238242        757.13713007904516     
 
   18152926.088140536      -0.76990230127869308     
   74921.115747479926        4275.0930649449374     
 
   5.5087496741480448E-008   9.9207174834905157E-012
  -9.6540979504045912E-007   2.3391286260610492E-004
 
   371.91012416071499        944.82682447596824     
 
 
  -6.7305804087923124E-005  -187.06119006742213     
  -1.0067305804087923E-002   0.0000000000000000     
   182935.13714127531        625.36518214979731     
 
   18171210.917919349      -0.36083945335103695     
   62118.425159571991        4269.0994443747368     
 
   5.5032089802530661E-008   4.6515077617309407E-012
  -8.0075594310125737E-007   2.3424137200020784E-004
 
   396.55480175096187        1048.3398005985239     
 
 
  -5.9581112344877715E-005   46.538865091986274     
  -1.0059581112344878E-002   0.0000000000000000     
   183028.44269056758        112.81189703423888     
 
   18194439.773039799       0.10467011292541620     
   11214.373220352554        4263.3406086869509     
 
   5.4961847004172306E-008  -1.3493791044501987E-012
  -1.4457270055524257E-007   2.3455785190956788E-004
 
   398.58697370262843        1081.8634141654527     
 
 
   1.1795779996095698E-005  -236.03970229718962     
  -9.9882042200039045E-003   3.5204150556779723E-002
   181329.43758794470        184.41694509205627     
 
   18154357.635764118      -0.17154072262235670     
   33464.075915882611        4256.0060907556308     
 
   5.5083189709473905E-008   2.2201589860577233E-012
  -4.3310747278548397E-007   2.3496205230450848E-004
 
   854.84242168239768        1952.1884484841689     
 
 
  -1.6339597454305410E-005  -235.08506003656319     
  -1.0016339597454306E-002   0.0000000000000000     
   181845.59467209276        332.55274119031810     
 
   18154895.099434286      -0.16233431264132209     
   33201.024980701921        4255.8686624810070     
 
   5.5081559258111068E-008   2.1010110439275370E-012
  -4.2970410271976285E-007   2.3496964064236852E-004
 
   854.83423761273389        1952.1793076326283     
 
 
   4.3323921735380355E-005  -83.893779377608880     
  -9.9566760782646199E-003   9.1877116583077623E-002
   180507.10039903162       -176.64213988428946     
 
   18129252.687026821       -4.1939682379090959E-002
   21595.625642472864        4262.8981369882949     
 
   5.5159471024206924E-008   5.4267557436600820E-013
  -2.7943508115752866E-007   2.3458219177319446E-004
 
   870.26655578660552        2009.3938923243857     
 
 
  -9.3039979714803697E-005  -127.50395791996814     
  -1.0093039979714804E-002   0.0000000000000000     
   183612.53356728528        6.2788969645321231     
 
   18191995.071486238      -0.30166668985113404     
   622.10166383654348        4255.0097221343522     
 
   5.4969231997152403E-008   3.8971441531565124E-012
  -8.0367503057295518E-009   2.3501708876800661E-004
 
   875.46913195881439        2020.5743817247032     
 
 
   4.4165862009389946E-006  -9.7159292185052983     
  -9.4971962155250349E-006  0.24340761434566893     
   94.163460962058366       -972.10774935271229     
 
   9914845.6043111645       -9.3181669752456970E-004
   6855106.7727806000        4261.2144498455100     
 
   1.0085884225715060E-007   2.2055203842561105E-014
  -1.6225377548808177E-004   2.3467484694310041E-004
 
   1209.0046023594625        2797.7670730268360     
 
 
  -9.8534024897152864E-005  -73.506240107875286     
  -1.0098534024897153E-002   0.0000000000000000     
   183643.08042815424        257.82126727176706     
 
   18185122.709434502      -0.11288127908070726     
   25530.563806207203        4259.1740478218144     
 
   5.4990003574340632E-008   1.4574050908529398E-012
  -3.2962395506618192E-007   2.3478729715284508E-004
 
   1220.5659064759370        2893.6838281045025     
 
 
  -9.4723929254110842E-005   50.321001915100638     
  -1.0094723929254111E-002   0.0000000000000000     
   183595.21497321021        497.39137131392874     
 
   18187244.768641818       0.23489095329613480     
   49272.409508151235        4264.0375295633030     
 
   5.4983597678475725E-008  -3.0288545972696915E-012
  -6.3535424401453310E-007   2.3451954686275431E-004
 
   1220.6389198820436        3060.2479371577829     
 
 
  -9.6264588100612031E-005  -231.97316870724995     
  -1.0096264588100612E-002   0.0000000000000000     
   183203.35923176818        1051.1979417064931     
 
   18145657.498684257      -0.68878606786310470     
   104117.51123732145        4270.7910870220267     
 
   5.5109553053036493E-008   8.8879768585361368E-012
  -1.3435144431951692E-006   2.3414844093983941E-004
 
   824.12895355799071        1877.6840738940543     
 
 
  -1.0589040481286983E-004  -282.25971746380549     
  -1.0105890404812870E-002   0.0000000000000000     
   183780.49031515856        47.443458429955285     
 
   18185482.224073417      -0.69717052572999483     
   4694.6341717084060        4251.7233595990210     
 
   5.4988916177651254E-008   9.0167323596780914E-012
  -6.0717225256432749E-008   2.3519873545207556E-004
 
   654.88667834689318        1486.2538725039001     
 
 
  -6.3818652505905418E-005  -158.27968426402327     
  -1.0063818652505906E-002   0.0000000000000000     
   182982.18533152723        462.20159158252113     
 
   18182182.295779385      -0.32202435097688947     
   45927.058857264565        4268.9267490018401     
 
   5.4998888097680328E-008   4.1488135743362805E-012
  -5.9170309524212054E-007   2.3425087106285312E-004
 
   1244.8839851137000        2851.7413250136851     
 
 
  -8.4513606118309659E-005   65.474947980544783     
  -1.0084513606118310E-002   0.0000000000000000     
   182664.29154748895        112.08944889249369     
 
   18113346.729649495       0.31345338981774529     
   11115.007948868657        4259.6579126483348     
 
   5.5207911606885814E-008  -4.0625579313663221E-012
  -1.4405766588177999E-007   2.3476064643267067E-004
 
   1251.0435693692007        3011.4716957479054     
 
 
  -4.4593051817812951E-005  -282.79610902031715     
  -1.0044593051817813E-002   0.0000000000000000     
   182569.08878858297        29.730027749052169     
 
   18175857.184731111      -0.52260156197387542     
   2959.8041051141822        4255.8592039762198     
 
   5.5018036829849125E-008   6.7559828946296160E-012
  -3.8263157557507534E-008   2.3497017454649838E-004
 
   1347.4337030055965        3127.1919938508299     
 
 
  -1.1299425737712303E-004  -368.89600093880830     
  -1.0112994257377123E-002   0.0000000000000000     
   183967.54514464529       -164.88769621621395     
 
   18191204.351811681       -1.1169497321556292     
  -16304.537708584310        4242.3342951797576     
 
   5.4971634458098983E-008   1.4473294208307817E-011
   2.1127214984989994E-007   2.3571933902441294E-004
 
   1346.4005633879135        3082.3975421038299     
 
 
  -8.7217780246557144E-005  -319.74964509917237     
  -1.0087217780246557E-002   0.0000000000000000     
   182964.31372885176       -202.54127961351514     
 
   18138233.724580064      -0.83293542338842497     
  -20079.003351163130        4263.3273621115231     
 
   5.5132171713149317E-008   1.0771290798901154E-011
   2.5965612456205020E-007   2.3455862788390429E-004
 
   1332.7570358194323        3058.4684343932013     
 
 
  -4.8375091779318327E-005  -14.408654492610045     
  -1.0048375091779319E-002   0.0000000000000000     
   182121.00110928388       -5.3543401774327322     
 
   18124423.048088539       0.12935398101560955     
  -532.85632040263044        4261.0616190378651     
 
   5.5174170038640971E-008  -1.6749343665539131E-012
   6.8996667630208322E-009   2.3468329926036076E-004
 
   119.71031853403605        567.20083738821938     
 
 
  -8.7913155897423670E-005  -278.31911193440584     
  -1.0087913155897424E-002   0.0000000000000000     
   183768.85613415175       -291.64725311545999     
 
   18216736.533533692       -1.0270935349542212     
  -28910.563424603912        4246.4308617879378     
 
   5.4894595528595129E-008   1.3277476074956666E-011
   3.7373355115199388E-007   2.3549197347305195E-004
 
   328.64671228848596        748.56751027701512     
 
 
  -6.8194243026564738E-005  -267.51351162307077     
  -1.0068194243026565E-002   0.0000000000000000     
   183181.50105349661        20.796039159518841     
 
   18194076.974664237      -0.89175566880908519     
   2065.5182704543449        4248.0676775962529     
 
   5.4962940827441493E-008   1.1537837383283709E-011
  -2.6724376138286969E-008   2.3540114048612121E-004
 
   354.09764266652923        789.48660879282522     
 
 
   1.9987046018223259E-005  -324.10680027559027     
  -7.7836866826854400E-005   1.1824745141439053E-002
   1163.4797920133483        123.23396221153234     
 
   14947675.687906779        3.8045408641684479E-002
   2233381.6440495006        4279.6243626919440     
 
   6.6900122075789718E-008  -5.9473502037711637E-013
  -3.4912761487028341E-005   2.3366567799451972E-004
 
   355.42482014242563        659.20389473584146     
 
 
  -9.1079272903081287E-006  -322.46233079379061     
  -1.3295964265206398E-005   4.6859088525195602E-002
   45.157795210320103       -38.290242581696475     
 
   3396394.0929819252        1.1508557734431907E-002
   12211216.364529992        4281.9897978005638     
 
   2.9443275303413623E-007  -7.9133685440857039E-013
  -8.3965217618006075E-004   2.3353854408975929E-004
 
   355.57989768248979        659.19387622025874     
 
 
  -9.2436612579353122E-005  -282.47476425450225     
  -1.0092436612579353E-002   0.0000000000000000     
   183642.32430413752       -480.34578491440152     
 
   18196034.451704476      -0.91500132369860832     
  -47594.629855365871        4245.1529839629457     
 
   5.4957060365783925E-008   1.1845458378353590E-011
   6.1615234031135103E-007   2.3556290375351422E-004
 
   925.59168747535523        2061.5647128437108     
 
 
  -1.0634056299037298E-004  -330.61415126693907     
  -1.0106340562990373E-002   0.0000000000000000     
   183555.81569510713        366.23514441749916     
 
   18162441.147816874      -0.79799474410926452     
   36238.155852248310        4271.7640082802718     
 
   5.5058657541674436E-008   1.0285333939516032E-011
  -4.6707266813973725E-007   2.3409524153021876E-004
 
   925.03048830923387        2060.5952218791472     
 
 
  -6.9831569663371396E-005  -224.83220811339487     
  -1.0069831569663372E-002   0.0000000000000000     
   182632.59859178984        885.67205570456667     
 
   18136609.071197718      -0.51221856540775146     
   87953.015855076039        4268.9055354686034     
 
   5.5137066371929077E-008   6.6158008892837425E-012
  -1.1359987314126227E-006   2.3425194345758421E-004
 
   936.95701204586885        2094.3749579018863     
 
 
  -5.4997611408364247E-005   42.236177161136183     
  -1.0054997611408364E-002   0.0000000000000000     
   183008.81564520614       -201.33880839132098     
 
   18200781.613072190       0.16191791315938914     
  -20023.754969657559        4257.3516271715998     
 
   5.4942693089616115E-008  -2.0896103933838527E-012
   2.5841394372455644E-007   2.3488780014689796E-004
 
   170.48985911729946        398.31825696246301     
 
 
   1.4759795001331559E-004  -43.974264290381910     
  -9.8524020499866846E-003 -0.11359573438944182     
   178241.66270445142        651.77603827349230     
 
   18091188.116597358        3.3608593305354074E-002
   17038.408867618193        4259.9027720413269     
 
   5.5275529776453937E-008  -4.3609746499087633E-013
  -2.2108651936535072E-007   2.3474714352487706E-004
 
   802.20678498739767        1841.4208589594032     
 
 
