  -1.5425694307173721E-005  -468.38369041281072     
  -1.0015425694307174E-002   0.0000000000000000     
   82836.064677386632        2307.8642687963911     
 
   8270848.1102776425      -0.67644537120912474     
   230430.97110771848        2831.4618091752691     
 
   1.2090578024388401E-007   2.8884781399267802E-011
  -9.8395946093476046E-006   3.5317211089032623E-004
 
   290.25895180487043        951.41727487116611     
 
 
  -5.6046277279094350E-005  -368.03778662977544     
  -1.0056046277279095E-002   0.0000000000000000     
   83225.804329112463        3120.5445193373944     
 
   8276195.4384751711      -0.58176097633746726     
   310315.25047653262        2837.8038240442384     
 
   1.2082753734942249E-007   2.4770121705127435E-011
  -1.3212550916790977E-005   3.5238246737872111E-004
 
   20.011920198861613        65.349323553867663     
 
 
   1.7427007925769546E-006   190.57725297777145     
  -1.6018345978757933E-005 -0.77683148055999141     
   118.08151300515918        2109.7334580322763     
 
   7371656.3984628934       -2.9558784602542803E-004
  -6888134.2673723996        2857.8527408220430     
 
   1.3565473519009693E-007   1.4030775765743858E-014
   3.2696157385823130E-004   3.4991309466779024E-004
 
   389.32825801706980        1304.5376646189832     
 
 
  -2.2185186989607045E-005  -447.65858117406970     
  -1.0022185186989607E-002   0.0000000000000000     
   82777.105338824316        3822.4060965534609     
 
   8259386.9295373019      -0.58494740266046208     
   381394.47887229157        2892.7016191018361     
 
   1.2107323109106518E-007   2.4482812741819548E-011
  -1.5963161071448103E-005   3.4569436950807362E-004
 
   479.45189718066865        1549.2542544917828     
 
 
