  -1.1949007415167252E-004   142.93769810888602     
  -1.0119490074151673E-002   0.0000000000000000     
   108523.17278762437        7870.0530466781875     
 
   10724174.043593986       0.16677066442500474     
   777712.41327472904        3253.2894915228280     
 
   9.3247621071666482E-008  -4.7800749864696677E-012
  -2.2291232490911069E-005   3.0738233413576824E-004
 
  -342.86308230312471        324.90710439670869     
 
 
  -1.5790344274111030E-004   1068.4670385576799     
  -1.0157903442741111E-002   0.0000000000000000     
   109485.00929500972        5638.4045847871821     
 
   10778307.739600366        2.2190222710082166     
   555075.62328884995        3306.2492467305165     
 
   9.2782150004032848E-008  -6.2271668542403513E-011
  -1.5576898745458021E-005   3.0246799041970095E-004
 
  -1456.7410099291001        1376.1794775986480     
 
 
  -1.3438522421713346E-004   1092.0193119157889     
  -1.0134385224217134E-002   0.0000000000000000     
   108947.34395454409        8667.0375325981804     
 
   10750266.695428494        1.8658912128346012     
   855210.98131218355        3221.7762105475454     
 
   9.3025234005368127E-008  -5.3875550429059620E-011
  -2.4693273666890008E-005   3.1040209176800394E-004
 
  -1524.4272310543595        1452.8099349210031     
 
 
  -1.8191901892045462E-004   1109.0276029549448     
  -1.0181919018920455E-002   0.0000000000000000     
   109776.51663371934        6133.2984571508568     
 
   10781515.393093204        2.3217757921921178     
   602371.56136810698        3289.8344350441021     
 
   9.2754997369741662E-008  -6.5461138470642462E-011
  -1.6983521114355694E-005   3.0397865049849637E-004
 
  -1525.8791464123176        1456.2575552362598     
 
 
  -9.4206341976559374E-005  -1044.8397415914089     
  -1.0094206341976560E-002   0.0000000000000000     
   108863.93051245622        3993.5073107422650     
 
   10784793.457188180       -2.2783809883627244     
   395623.70487068983        3323.5885799506527     
 
   9.2720816342575614E-008   6.3561821837627279E-011
  -1.1037031809944782E-005   3.0087203315983337E-004
 
  -890.34283380277736        840.16542814762170     
 
 
  -1.3925800971164443E-004  -1089.3567030919369     
  -1.0139258009711645E-002   0.0000000000000000     
   109674.76690978021        5489.2868970375930     
 
   10816843.481518162       -2.5222311482833222     
   541389.40855239984        3310.8508961319981     
 
   9.2444886925207274E-008   7.0425211106514113E-011
  -1.5116561943215968E-005   3.0202564353014138E-004
 
  -890.07803387832166        840.18771299999958     
 
 
  -1.2223277374105376E-004  -1091.7608277747188     
  -1.0122232773741054E-002   0.0000000000000000     
   108992.25245440679        10637.232703902366     
 
   10767609.764631463       -2.0112512005401961     
   1050878.0959371910        3159.9455074048560     
 
   9.2865353350313373E-008   5.9107207063136667E-011
  -3.0883496401638540E-005   3.1644149659783110E-004
 
  -928.68191479703853        865.74356979044478     
 
 
  -1.6606818128834903E-004   745.87944194805596     
  -1.0166068181288349E-002   0.0000000000000000     
   109260.13348903785        13264.254964669162     
 
   10747531.055333851        2.1141699194093717     
   1304757.6239045220        3171.6817602293763     
 
   9.3052155355179283E-008  -6.2026420889686082E-011
  -3.8279536945610117E-005   3.1531566060184215E-004
 
  -185.42274342284335        177.06676703290239     
 
 
  -1.6946443159201498E-004  -1173.4555180512677     
  -1.0169464431592015E-002   0.0000000000000000     
   110305.23480171844        3805.7008077452738     
 
   10846710.320265146       -3.3448744098566321     
   374228.24312383105        3252.2976103946339     
 
   9.2190580194599606E-008   9.4814789254583224E-011
  -1.0607983337233824E-005   3.0746402618014385E-004
 
  -972.19288446975565        912.60161204458018     
 
 
  -1.7122715670922668E-004  -1208.4243015865666     
  -1.0171227156709227E-002   0.0000000000000000     
   110450.33263094812        4097.2900446465283     
 
   10859096.049004469       -3.3147063452695713     
   402831.43631728837        3254.3843106808517     
 
   9.2085217138847891E-008   9.3792073835252378E-011
  -1.1398414182949046E-005   3.0726617453332643E-004
 
  -971.98310272832384        912.57226966795633     
 
 
  -1.0762599571917386E-004  -1044.5053876309753     
  -1.0107625995719174E-002   0.0000000000000000     
   108830.26460149697        2691.6895659540896     
 
   10767144.000736594       -2.0861406492112060     
   266302.84570227331        3327.7617785623502     
 
   9.2873699409525470E-008   5.8221595316397958E-011
  -7.4321817754451897E-006   3.0049762031208142E-004
 
  -997.34216918253640        943.83325924691724     
 
 
  -1.2144857229466448E-004  -739.32726482431917     
  -1.0121448572294665E-002   0.0000000000000000     
   109117.01521358760        14656.067851961445     
 
   10780770.601578953       -2.7405058741353390     
   1448020.7795630379        3128.6027210671405     
 
   9.2746835747588593E-008   8.1241778146582829E-011
  -4.2926302050718627E-005   3.1959390480745462E-004
 
  -1049.4020691135972        969.63255997814599     
 
 
   5.2646955190591496E-005  -245.80781039815665     
  -9.9473530448094087E-003 -0.82294063691082897     
   106016.88100839090        8471.9106565274706     
 
   10657819.727780087      -0.26066494046505090     
   582855.80909226905        3249.3694311980025     
 
   9.3827409214406907E-008   7.5268499180304528E-012
  -1.6830296360771705E-005   3.0775066796978980E-004
 
  -40.229546494282737        54.043973236703529     
 
 
  -8.6429307262077606E-005  -593.73314896824138     
  -1.0086429307262078E-002   0.0000000000000000     
   108945.57429129253        2920.2763282963278     
 
   10801203.376585739       -1.6584532742522593     
   289525.28584062750        3266.3321951364678     
 
   9.2581016702320378E-008   4.7007248837759867E-011
  -8.2063132966288276E-006   3.0614962914727787E-004
 
  -1612.9269091451515        1526.6998632573143     
 
 
