   4.3913467909899870E-006   780.57267909826385     
  -2.1309171593191325E-005  0.18089939785943443     
   116.17509758225529       -378.47544542858668     
 
   5451171.7190082325       -8.3715248012677726E-002
   6321876.6242497591        2836.8773211974712     
 
   1.8344052059848578E-007   5.4132649877840779E-012
  -4.0879044379058975E-004   3.5248819909650461E-004
 
  -243.07295682515490        560.64676649009289     
 
 
   1.7044432421655514E-004   765.79409338612129     
  -9.8295556757834451E-003  -2.7471270283251670     
   71702.293963039425        11405.395356620680     
 
   7295346.5885575302       -2.8107558347395685     
   363628.33155120263        2850.6473656298726     
 
   1.3706694314125322E-007   1.3514884893490416E-010
  -1.7484247419099705E-005   3.5078027121344902E-004
 
  -243.52402118410231        560.67266920198085     
 
 
  -5.2972683253025427E-005  -295.89268069580197     
  -1.0052972683253026E-002   0.0000000000000000     
   74729.421915659579        1530.6550073851104     
 
   7433564.6052385373      -0.98615787087349782     
   152258.94425586221        2727.5028371444350     
 
   1.3452396628614354E-007   4.8638581184059236E-011
  -7.5096079846001510E-006   3.6663301710363144E-004
 
  -243.24554580063108        561.20797752013880     
 
 
  -8.9713274615092764E-006  -323.96228877777980     
  -1.0008971327461509E-002   0.0000000000000000     
   73134.885279848226        5081.7624916619679     
 
   7306933.2389022643       0.32891489324333995     
   507720.75624986633        2723.0906292298259     
 
   1.3685746950997188E-007  -1.6530650684276907E-011
  -2.5517100742878530E-005   3.6723287217116965E-004
 
  -209.74842730866916        459.22010028930418     
 
 
   7.6524708658712998E-005   19.132625223626121     
  -9.9234752913412872E-003   1.8271221296979725     
   72943.968310507669       -2462.2724495924704     
 
   7350608.8996941531      -0.20935550675943057     
   251308.08623678741        2712.5291480634401     
 
   1.3604279249977592E-007   1.0499908465533854E-011
  -1.2603976570661156E-005   3.6865866012980076E-004
 
  -626.76514239543485        1435.5188147572740     
 
 
  -5.9173202650558698E-005  -719.71236769310201     
  -1.0059173202650559E-002   0.0000000000000000     
   74658.416006495725       -10437.982971436984     
 
   7421923.7011271948       -1.6855319853894970     
  -1037658.1415942539        2766.3151931215721     
 
   1.3474743671525154E-007   8.2102399284629231E-011
   5.0544411972360688E-005   3.6152250354904195E-004
 
  -645.73959452410497        1473.7165997651200     
 
 
  -1.3105035699231132E-005   596.42282559144883     
  -1.0013105035699231E-002   0.0000000000000000     
   74860.520686632881       -7959.7842475233192     
 
   7476254.4105685847        2.1353763357895561     
  -794936.65742490266        2726.8110483302166     
 
   1.3374568145969031E-007  -1.0473676325242937E-010
   3.8990360197376874E-005   3.6669821384206915E-004
 
  -646.02785336123054        1473.0395235392725     
 
 
