  -3.9078887991112615E-005  -646.75468553158464     
  -1.0039078887991113E-002   0.0000000000000000     
   210714.30078344210       -58.080827730584133     
 
   20989405.814461876       -1.0139287575559592     
  -5785.4737848418035        4591.2280531617980     
 
   4.7643085741043988E-008   1.0521519334741356E-011
   6.0035750869303788E-008   2.1780666289998677E-004
 
   547.65132985767877        1466.9208281442061     
 
 
   4.9463306230436432E-005  -291.51163516469410     
  -9.9505366937695638E-003 -0.28051229877490869     
   208000.50217556467        1883.2790100879720     
 
   20903427.086300157       0.65568532709755800     
   59455.327346785620        4604.6700958388083     
 
   4.7839064900019612E-008  -6.8120782301770169E-012
  -6.1769620936907951E-007   2.1717091218283603E-004
 
   966.17364765969535        2562.7738966378001     
 
 
   4.9572030319796484E-005  -176.58972893087767     
  -9.9504279696802037E-003   5.0984120408998024E-002
   208065.69083016581        279.09251682188551     
 
   20910226.893939182       0.30808898318010497     
   51589.467929974940        4594.4652164299641     
 
   4.7823496632215562E-008  -3.2068786584448539E-012
  -5.3699149511116076E-007   2.1765322367990275E-004
 
   966.05137385433193        2562.6948036908311     
 
 
   5.4187830669676085E-005  -107.01544594549783     
  -9.9458121693303241E-003  0.24717521797903430     
   207991.11258620827       -913.65442791299756     
 
   20912433.637360573        9.8612496384359427E-002
   22153.590867287414        4587.7976393710578     
 
   4.7818443329507937E-008  -1.0278343642426314E-012
  -2.3090604963511736E-007   2.1796951421495394E-004
 
   966.05273704405818        2562.6292112104297     
 
 
   5.7827057129753931E-005  -103.50434638701955     
  -9.9421729428702463E-003  0.28583662817773359     
   207911.47194472767       -1352.4217275996771     
 
   20912077.948446654        8.2611918412478030E-002
  -4138.2187679341914        4587.5115771309156     
 
   4.7819255403585495E-008  -8.6112925483168086E-013
   4.3135921697993101E-008   2.1798310034170434E-004
 
   966.07447287292064        2562.5791933659671     
 
 
  -9.3882759755380228E-007  -152.88295095369767     
  -6.1128021678649901E-006  -9.7713315406622314E-003
   65.319278024688685        22.775119787165750     
 
   10685638.823991340        8.3771972923893240E-003
  -3617875.4080105838        4594.1002244670772     
 
   9.3583490804203536E-008  -1.7064655263768358E-013
   7.3697436589030359E-005   2.1767034539130786E-004
 
   966.09226572773264        2562.5200824463423     
 
 
  -2.7435818224707739E-005  -629.71389833570981     
  -1.0027435818224708E-002   0.0000000000000000     
   211376.02459617425        610.04654929621029     
 
   21079768.390240066       -1.4668182851380966     
   60837.741607646451        4565.0912842597581     
 
   4.7438807398581836E-008   1.5242654699437738E-011
  -6.3220420512528969E-007   2.1905346693050073E-004
 
   950.45522634303040        2570.0199616837403     
 
 
   5.6570995040060312E-006   582.31771875948789     
  -4.8416329181615660E-005   9.2196143650426166E-002
   871.86199661797355       -283.68256488493353     
 
   18007439.535685759       -8.5430256189477000E-002
   2844203.5516811428        4570.5649240620678     
 
   5.5532439567249066E-008   1.0379790283868008E-012
  -3.4557120284884790E-005   2.1879068876405288E-004
 
   746.79106919532592        1982.1925478961944     
 
 
   4.3970780338291326E-005   572.91472148334287     
  -9.9560292196617089E-003 -0.11611120462509916     
   208330.46504451212       -578.90028040733887     
 
   20925068.202380203       -1.0800146266426256     
  -111446.13814419825        4570.2800956023812     
 
   4.7789629592692065E-008   1.1293290100885561E-011
   1.1653486329146398E-006   2.1880524555941130E-004
 
   746.78235964174871        1982.2038513113396     
 
 
   4.6862916744111124E-005   525.59686438250947     
  -9.9531370832558891E-003 -0.25011552505395684     
   208415.48825096042       -268.88674401871685     
 
   20939699.118573740      -0.82984987234805041     
  -141978.04577839005        4574.8467960147382     
 
   4.7756236813624357E-008   8.6626959963189489E-012
   1.4820905439795088E-006   2.1858682366888754E-004
 
   746.80122913487548        1982.2676800172519     
 
 
   4.1582430951458624E-005   501.84565936039712     
  -9.9584175690485416E-003 -0.19796037875028105     
   208668.38479348843       -339.88350413452133     
 
   20953981.774198268      -0.58318847066938306     
  -125158.84250509007        4579.2017458883265     
 
   4.7723662809193566E-008   6.0778911856035200E-012
   1.3043841981116214E-006   2.1837883897553282E-004
 
   746.88728181912268        1982.3459901800784     
 
 
   3.7708538723283877E-005   527.44637924409869     
  -9.9622914612767163E-003   1.7057077527624642E-003
   208818.15013243072       -652.47460599442638     
 
   20960855.248220246      -0.51124169164056199     
  -64709.789453412850        4582.7446403153799     
 
   4.7707993426642171E-008   5.3222069258772485E-012
   6.7365180741782790E-007   2.1820992066668381E-004
 
   746.95979512544011        1982.4142763088414     
 
 
  -1.1078118661481216E-005   594.47750379407967     
  -1.1586532529901017E-005  -9.2145062105032594E-002
   16.688432903038660        29.054445677895274     
 
   1440378.9890708067       -6.1328214803210322E-003
  -33792120.500458688        4564.4111523973907     
 
   6.9428360911649033E-007   9.3285142141237957E-013
   5.1400530314704629E-003   2.1909321698646480E-004
 
   746.95653685059426        1982.4997314231759     
 
 
  -4.4453956100662037E-005  -678.39631860995735     
  -1.0044453956100662E-002   0.0000000000000000     
   211417.98920784608       -277.23122045559921     
 
   21048231.206180990       -1.5505252982092534     
  -27600.427227539614        4606.3861041751588     
 
   4.7509951386922381E-008   1.5992011932162129E-011
   2.8466891966571323E-007   2.1709001780809828E-004
 
   221.35786093634837        596.56513549821943     
 
 
   6.4041545077894176E-006   541.46321573201169     
  -5.9158730245453386E-005  0.34894796712262632     
   1096.7367825189153       -1400.1493137643556     
 
   18538189.535525382      -0.11757783838289880     
   3101091.1046516215        4538.2294069483833     
 
   5.3942466395067327E-008   1.3975579520205411E-012
  -3.6860301166043482E-005   2.2034929845423756E-004
 
   608.16321026082642        1655.0579290866624     
 
 
   6.3542352200480351E-005   555.09137356465703     
  -9.9364576477995199E-003 -0.40111950792311291     
   207530.48888160076        1411.4985405342886     
 
   20885822.422233671       -1.4984471554566317     
  -41119.210182272393        4537.4951730596003     
 
   4.7879400195090286E-008   1.5811532198044358E-011
   4.3388765055049701E-007   2.2038605266072879E-004
 
   608.17332168216103        1655.0706614135315     
 
 
  -1.8683774158451127E-005  -355.24855888802358     
  -1.0018683774158451E-002   0.0000000000000000     
   210050.49684327212       -98.775269073583331     
 
   20965877.512279890      -0.46264064549787376     
  -9859.1063756666681        4558.7743842020127     
 
   4.7696551080986950E-008   4.8404157171275990E-012
   1.0315170947907814E-007   2.1935721390108182E-004
 
   442.52173255678241        1226.5904817700703     
 
 
  -5.2070506454088283E-005  -615.69662100120468     
  -1.0052070506454088E-002   0.0000000000000000     
   211590.61137614155       -1199.7433927342427     
 
   21049455.556473315       -1.1842161624191354     
  -119352.86287177265        4540.8670872447865     
 
   4.7507237231539635E-008   1.2389448332345906E-011
   1.2486876761136657E-006   2.2022258293468092E-004
 
   1089.0839125454152        2865.5911879509649     
 
 
