  0.20000000000000001       -527.14014585345922        1165.7226777385522        1.0000000000000000      -0.69512617588043213     
  0.20000000000000001       -472.99998340513946        1046.0678043448593        1.0000000000000000      -0.35464334487915039     
  0.20000000000000001       -86.817151048456424        192.14506336492309        1.0000000000000000      -0.63103055953979492     
  0.20000000000000001       -138.08998400483603        305.69495345403590        1.0000000000000000       0.52305912971496582     
  0.20000000000000001       -388.04399616628638        858.30405443409381        1.0000000000000000       0.52751994132995605     
  0.20000000000000001       -105.19864654892183        232.49706715052383        1.0000000000000000      -0.74774372577667236     
  0.20000000000000001       -420.61818278048480        930.30831747701495        1.0000000000000000      -0.22423815727233887     
  0.20000000000000001       -89.129865954387171        196.86426648744381        1.0000000000000000      -0.51810348033905029     
  0.20000000000000001       -91.838992334480679        202.85370400586231        1.0000000000000000        2.9919266700744629E-002
  0.20000000000000001       -545.25339717252052        1205.3298741975716        1.0000000000000000      -0.78134882450103760     
  0.20000000000000001       -312.85389144939506        692.07986883894478        1.0000000000000000       0.78973257541656494     
  0.20000000000000001       -483.31675185348297        1069.0884370375634        1.0000000000000000       -5.7929754257202148E-002
  0.20000000000000001       -492.51722022115018        1088.9663454965753        1.0000000000000000       0.36424887180328369     
  0.20000000000000001       -348.01511244324610        769.68704713899820        1.0000000000000000       0.53318130970001221     
  0.20000000000000001       -544.16115488803052        1203.2338579106979        1.0000000000000000      -0.21920740604400635     
  0.20000000000000001       -427.52776743294049        945.24261985321095        1.0000000000000000      -0.52341449260711670     
  0.20000000000000001       -421.36496673910455        931.67022690764441        1.0000000000000000        5.2809715270996094E-004
  0.20000000000000001       -497.45185430608342        1100.4714272641256        1.0000000000000000       0.71829736232757568     
  0.20000000000000001       -364.63295192776127        806.12181165462823        1.0000000000000000       0.81877577304840088     
  0.20000000000000001       -428.05025774212123        946.86828896130407        1.0000000000000000      -0.90305244922637939     
  0.20000000000000001       -1.2554723553755649        2.6097482878074203        1.0000000000000000      -0.32990252971649170     
  0.20000000000000001       -268.59084179236083        593.86461972416248        1.0000000000000000       0.20277655124664307     
  0.20000000000000001       -548.04274599505368        1211.6779025342421        1.0000000000000000       0.60876679420471191     
  0.20000000000000001       -556.86743765695940        1231.1216480154669        1.0000000000000000      -0.18187570571899414     
  0.20000000000000001       -194.57706710064954        430.07793373466387        1.0000000000000000       0.15159773826599121     
  0.20000000000000001       -252.15591194756064        557.65597836533334        1.0000000000000000      -0.26257443428039551     
  0.20000000000000001       -94.982290929967149        209.77149703250518        1.0000000000000000       0.75001204013824463     
  0.20000000000000001       -22.841996874708013        50.555436008785968        1.0000000000000000       0.55734634399414062     
  0.20000000000000001       -372.12382959242939        822.95123289587048        1.0000000000000000       0.79599714279174805     
  0.20000000000000001       -278.84345776380826        616.94136946647109        1.0000000000000000       0.25157523155212402     
  0.20000000000000001       -487.24068309814942        1077.2472592263396        1.0000000000000000       0.18816876411437988     
  0.20000000000000001       -85.322966537774320        188.72803406233615        1.0000000000000000       0.64544820785522461     
  0.20000000000000001       -413.61539847612062        914.88377157260754        1.0000000000000000      -0.98551809787750244     
  0.20000000000000001       -186.50991085649000        412.62817068293577        1.0000000000000000      -0.70935571193695068     
  0.20000000000000001       -81.412886606050861        180.27397183369479        1.0000000000000000       0.13375377655029297     
  0.20000000000000001       -251.34805450248544        555.56266419414931        1.0000000000000000       0.51968646049499512     
  0.20000000000000001       -448.64634203545381        991.86833845168815        1.0000000000000000       0.72399604320526123     
  0.20000000000000001       -155.00191256129685        342.87574550558946        1.0000000000000000       0.41940736770629883     
  0.20000000000000001       -163.29189056320661        360.86425311957532        1.0000000000000000      -0.34095060825347900     
  0.20000000000000001       -93.826407279182391        207.53899071342025        1.0000000000000000      -0.44836378097534180     
  0.20000000000000001       -333.95391549821579        738.88335180431523        1.0000000000000000      -0.38557732105255127     
  0.20000000000000001       -163.31821419275389        360.98452842660612        1.0000000000000000      -0.25546944141387939     
  0.20000000000000001       -485.31796747776690        1073.1209744976525        1.0000000000000000      -0.56152617931365967     
  0.20000000000000001       -268.83714722791149        594.73558496266810        1.0000000000000000       0.67640507221221924     
  0.20000000000000001       -436.23305586650042        964.98090554657858        1.0000000000000000       0.71989321708679199     
  0.20000000000000001       -368.99865335048446        815.62294851460842        1.0000000000000000       0.81554198265075684     
  0.20000000000000001       -528.38840161770190        1168.3374130016518        1.0000000000000000       0.90158319473266602     
  0.20000000000000001       -17.571191728390012        38.975931565507032        1.0000000000000000       0.90949833393096924     
  0.20000000000000001       -430.97980762880729        953.16946747315535        1.0000000000000000       -1.5503048896789551E-002
  0.20000000000000001       -111.21262952808216        246.12172474564616        1.0000000000000000       0.28933024406433105     
  0.20000000000000001       -457.34950467370032        1010.9356357713228        1.0000000000000000        2.7670264244079590E-002
  0.20000000000000001       -78.012145334543973        172.37454351127445        1.0000000000000000       0.64056336879730225     
  0.20000000000000001       -143.64444901071684        317.84708990142371        1.0000000000000000       -2.5172948837280273E-002
  0.20000000000000001       -380.38231376556695        840.85966293549450        1.0000000000000000       0.34317481517791748     
  0.20000000000000001       -292.88813086088248        647.91175897763071        1.0000000000000000       0.75202429294586182     
  0.20000000000000001       -521.44404893865624        1153.2421060032734        1.0000000000000000       0.19149351119995117     
  0.20000000000000001       -191.37091249418586        422.97422903229091        1.0000000000000000      -0.27329552173614502     
  0.20000000000000001       -166.68319233345278        368.78532514522180        1.0000000000000000        3.0451655387878418E-002
  0.20000000000000001       -35.458896714021463        78.055971200402979        1.0000000000000000       0.69613492488861084     
  0.20000000000000001       -503.80364037873898        1113.9704253937271        1.0000000000000000      -0.84365189075469971     
  0.20000000000000001       -383.85738810643664        849.22465745031377        1.0000000000000000      -0.44140565395355225     
  0.20000000000000001       -177.15371367608009        391.55378296629800        1.0000000000000000      -0.99732947349548340     
  0.20000000000000001      -0.11978922758447542       0.56046395479339017        1.0000000000000000       0.61808145046234131     
  0.20000000000000001       -388.50503744750216        859.12041210162783        1.0000000000000000      -0.99550628662109375     
  0.20000000000000001       -219.97171115672049        486.09470171541051        1.0000000000000000      -0.54912412166595459     
  0.20000000000000001       -385.06871752727073        851.92366514181515        1.0000000000000000      -0.96224093437194824     
  0.20000000000000001       -257.73476638516547        570.06336155918245        1.0000000000000000       0.52650749683380127     
  0.20000000000000001       -349.83699981917255        773.82681389638151        1.0000000000000000      -0.90689051151275635     
  0.20000000000000001       -87.188636738463657        192.94318914106233        1.0000000000000000       0.39871942996978760     
  0.20000000000000001       -10.921508952374944        23.839898096717576        1.0000000000000000      -0.48329615592956543     
  0.20000000000000001       -84.567963880051721        186.99616481274313        1.0000000000000000       0.54080355167388916     
  0.20000000000000001       -146.22684095959741        323.39414040264336        1.0000000000000000      -0.52287340164184570     
  0.20000000000000001       -430.43617656754594        951.76649876301542        1.0000000000000000      -0.75929164886474609     
  0.20000000000000001       -543.15891458982185        1201.3514014933567        1.0000000000000000      -0.73537909984588623     
  0.20000000000000001       -50.013723539347772        110.91855917912710        1.0000000000000000       0.10975444316864014     
  0.20000000000000001       -220.00493423304400        486.17880813551193        1.0000000000000000       0.84561514854431152     
  0.20000000000000001       -206.42407763072526        456.68822333354120        1.0000000000000000      -0.66445374488830566     
  0.20000000000000001       -367.74867352609596        812.88614790374243        1.0000000000000000      -0.73227095603942871     
  0.20000000000000001       -191.97593168053720        424.77715154789445        1.0000000000000000      -0.56987428665161133     
  0.20000000000000001       -57.713775839468695        127.50989021178857        1.0000000000000000      -0.65667736530303955     
  0.20000000000000001       -433.36873868603101        958.46232581857942        1.0000000000000000       0.37772142887115479     
  0.20000000000000001       -38.461477237886740        85.429038401722238        1.0000000000000000       0.62977671623229980     
  0.20000000000000001       -76.708547475400877        169.90741001057276        1.0000000000000000      -0.55061995983123779     
  0.20000000000000001       -127.67648056195877        282.16752719926143        1.0000000000000000      -0.35111486911773682     
  0.20000000000000001       -182.63812076039127        403.81561039638660        1.0000000000000000      -0.52514863014221191     
  0.20000000000000001       -386.63286931320891        855.26196709862836        1.0000000000000000      -0.49722588062286377     
  0.20000000000000001       -269.81819754836914        596.34102327022435        1.0000000000000000       0.90319383144378662     
  0.20000000000000001       -440.51901728476753        974.51887553897814        1.0000000000000000       0.25881326198577881     
  0.20000000000000001       -560.74668021684170        1239.8174189384913        1.0000000000000000      -0.77836060523986816     
  0.20000000000000001       -500.22200252861273        1106.3163564742017        1.0000000000000000       0.22203767299652100     
  0.20000000000000001       -395.32219451449782        874.46338746893491        1.0000000000000000       0.11833548545837402     
  0.20000000000000001       -336.60975025816384        744.04561075334823        1.0000000000000000       0.38723146915435791     
  0.20000000000000001       -499.70129442886150        1104.7315847332598        1.0000000000000000      -0.18854928016662598     
  0.20000000000000001       -522.17996054966466        1154.6714465120831        1.0000000000000000       0.56137955188751221     
  0.20000000000000001       -498.45045778875760        1102.0535388706892        1.0000000000000000      -0.27598989009857178     
  0.20000000000000001       -64.301602253444898        142.55893719295906        1.0000000000000000       0.95283901691436768     
  0.20000000000000001       -235.88583706858796        521.67625584130553        1.0000000000000000       0.79631972312927246     
  0.20000000000000001       -79.317107539507276        174.99968561003166        1.0000000000000000       0.94228935241699219     
  0.20000000000000001       -317.89941781185388        702.64150969181526        1.0000000000000000      -0.42390942573547363     
  0.20000000000000001       -234.47706532321479        518.90096721708608        1.0000000000000000      -0.95266759395599365     
  0.20000000000000001       -44.776265382248191        99.027760964840226        1.0000000000000000       0.37119364738464355     
  0.20000000000000001       -250.96176378197976        554.74204765111165        1.0000000000000000       0.93231868743896484     
  0.20000000000000001       -475.06882594450752        1050.6208165865949        1.0000000000000000       0.53992068767547607     
  0.20000000000000001       -167.45662529478267        369.88427992127868        1.0000000000000000      -0.44150912761688232     
  0.20000000000000001       -90.965347467528645        201.31233117943600        1.0000000000000000       0.97294533252716064     
  0.20000000000000001       -346.38719086449919        765.70134064539479        1.0000000000000000       0.34734714031219482     
  0.20000000000000001       -185.44998006881372        410.04021191041295        1.0000000000000000      -0.58781361579895020     
  0.20000000000000001       -187.94874295935512        415.85754399757474        1.0000000000000000      -0.62846302986145020     
  0.20000000000000001       -387.01263156622076        855.88106064470514        1.0000000000000000      -0.17611956596374512     
  0.20000000000000001       -366.89246957935455        811.66318884819839        1.0000000000000000       0.42027163505554199     
  0.20000000000000001       -124.07326965193180        274.51734854020333        1.0000000000000000      -0.40545022487640381     
  0.20000000000000001       -230.10124014510092        508.51331441640571        1.0000000000000000      -0.39339196681976318     
  0.20000000000000001       -343.91065536915409        760.49825170297856        1.0000000000000000      -0.21877288818359375     
  0.20000000000000001       -350.60946407474808        774.91305878910009        1.0000000000000000       0.49207329750061035     
  0.20000000000000001       -392.50079886436004        868.22807393778032        1.0000000000000000      -0.73529934883117676     
  0.20000000000000001       -198.91249264502636        439.62984545748333        1.0000000000000000      -0.89239382743835449     
  0.20000000000000001       -208.86299360421660        462.21956579981003        1.0000000000000000      -0.49198055267333984     
  0.20000000000000001       -226.60738733687975        501.11725683530250        1.0000000000000000       0.54633188247680664     
  0.20000000000000001       -545.61578693765898        1206.5194808201149        1.0000000000000000      -0.64189374446868896     
  0.20000000000000001       -4.3673347177602464        9.6390819955022291        1.0000000000000000      -0.85698139667510986     
  0.20000000000000001       -176.05302576035058        389.07875654127395        1.0000000000000000      -0.28916847705841064     
  0.20000000000000001       -204.39853604712727        451.66515281659520        1.0000000000000000       -5.1403045654296875E-003
  0.20000000000000001       -23.201181256099861        51.449675556245012        1.0000000000000000       0.13524770736694336     
  0.20000000000000001       -278.51317758960039        616.27180160156593        1.0000000000000000      -0.66580832004547119     
  0.20000000000000001       -307.03132984850879        679.17262057991138        1.0000000000000000      -0.14527940750122070     
  0.20000000000000001       -520.34829549926360        1150.9005334537326        1.0000000000000000       0.27459204196929932     
  0.20000000000000001       -227.18765684257264        502.29839444751997        1.0000000000000000       0.59375083446502686     
  0.20000000000000001       -519.44979245718321        1148.4415235111619        1.0000000000000000      -0.69103002548217773     
  0.20000000000000001       -139.76161525614086        309.29253468703678        1.0000000000000000      -0.45307528972625732     
  0.20000000000000001       -38.623855622494965        85.818101305124529        1.0000000000000000       -4.3966889381408691E-002
  0.20000000000000001       -435.84595901903276        963.57559121912777        1.0000000000000000        7.0458650588989258E-003
  0.20000000000000001       -355.16373759079170        785.32572616489801        1.0000000000000000       0.79074883460998535     
  0.20000000000000001       -158.25478584936701        350.15510105869322        1.0000000000000000       0.46260821819305420     
  0.20000000000000001       -164.71937065005895        364.34135846106943        1.0000000000000000      -0.83587586879730225     
  0.20000000000000001       -559.68458541895438        1237.6344942759495        1.0000000000000000      -0.65380179882049561     
  0.20000000000000001       -201.82522671964705        446.67231909627219        1.0000000000000000       0.51205313205718994     
  0.20000000000000001       -458.04161152669212        1012.9823937991459        1.0000000000000000       0.82541191577911377     
  0.20000000000000001       -486.96136833171062        1076.5524698668055        1.0000000000000000       0.11147749423980713     
  0.20000000000000001       -522.70768093539334        1155.8966244307383        1.0000000000000000       0.40618181228637695     
  0.20000000000000001       -457.57254333860118        1011.9286868525986        1.0000000000000000       0.40984678268432617     
  0.20000000000000001       -289.56366657877129        640.02341538956125        1.0000000000000000       0.84627819061279297     
  0.20000000000000001       -305.74172126568476        676.33233913427625        1.0000000000000000       0.18487608432769775     
  0.20000000000000001       -114.82033976457836        253.67920839617892        1.0000000000000000       0.42927169799804688     
  0.20000000000000001       -128.06270153831625        283.59430912385062        1.0000000000000000       0.63264048099517822     
  0.20000000000000001       -495.95118829007845        1096.9570723622769        1.0000000000000000       -2.6798248291015625E-004
  0.20000000000000001       -66.685449177754364        147.10563037964650        1.0000000000000000       0.40246498584747314     
  0.20000000000000001       -442.66071318224778        978.79536617898043        1.0000000000000000       0.54503452777862549     
  0.20000000000000001       -419.98290430382207        928.51422237409508        1.0000000000000000       0.74804151058197021     
  0.20000000000000001       -174.28320918156260        385.10239502234890        1.0000000000000000      -0.68377923965454102     
  0.20000000000000001       -406.45559096249593        898.91139995464187        1.0000000000000000      -0.27184641361236572     
  0.20000000000000001       -525.43681261517190        1161.5200540213400        1.0000000000000000        3.9736151695251465E-002
  0.20000000000000001       -102.76699574843745        227.51967204814278        1.0000000000000000       0.87804627418518066     
  0.20000000000000001       -311.67628194852017        689.31707953960040        1.0000000000000000      -0.95674991607666016     
  0.20000000000000001       -156.71361806078602        346.78111054007019        1.0000000000000000       0.79433929920196533     
  0.20000000000000001       -139.45244090617783        308.81266429125003        1.0000000000000000      -0.50215530395507812     
  0.20000000000000001       -561.40392324635786        1241.8726622512120        1.0000000000000000       0.78401172161102295     
  0.20000000000000001       -274.71448297939884        607.59294099086799        1.0000000000000000       0.17098474502563477     
  0.20000000000000001       -273.11552166354670        604.25448663872578        1.0000000000000000       0.96094715595245361     
  0.20000000000000001       -264.56652942393674        585.41518608929300        1.0000000000000000       -7.1546316146850586E-002
  0.20000000000000001       -385.32349583564286        852.47005961575474        1.0000000000000000      -0.73930776119232178     
  0.20000000000000001       -452.70783979009326        1000.8974992149197        1.0000000000000000       0.70642089843750000     
  0.20000000000000001       -561.29775108664467        1241.6498616945955        1.0000000000000000       -5.2855014801025391E-002
  0.20000000000000001       -61.305187674174029        135.78264826391799        1.0000000000000000       -7.6316952705383301E-002
  0.20000000000000001       -173.83686479246003        384.52269150449723        1.0000000000000000       0.73235678672790527     
  0.20000000000000001       -422.88812343813737        935.01066777301014        1.0000000000000000       0.54384875297546387     
  0.20000000000000001       -423.59503124763711        937.09318193448041        1.0000000000000000      -0.13813447952270508     
  0.20000000000000001       -561.67128826414898        1242.2806361646799        1.0000000000000000      -0.38302075862884521     
  0.20000000000000001       -432.44502115056821        956.38100809641878        1.0000000000000000      -0.23223495483398438     
  0.20000000000000001       -233.00000763273351        515.42728164410562        1.0000000000000000       0.59619879722595215     
  0.20000000000000001       -503.10747580186961        1112.9305341569686        1.0000000000000000       0.65814018249511719     
  0.20000000000000001       -166.57406162427537        368.62241675909479        1.0000000000000000      -0.90018761157989502     
  0.20000000000000001       -492.58409994183774        1089.0693727826313        1.0000000000000000       0.93990957736968994     
  0.20000000000000001       -274.25006285798014        606.34870524400208        1.0000000000000000       0.53949570655822754     
  0.20000000000000001       -242.94036367193789        536.95683674811369        1.0000000000000000       0.63711643218994141     
  0.20000000000000001       -489.27281754056526        1082.0588293909655        1.0000000000000000      -0.56308615207672119     
  0.20000000000000001       -196.51166785584647        434.85441293891682        1.0000000000000000      -0.53032910823822021     
  0.20000000000000001       -86.697270431258886        191.51683750588055        1.0000000000000000       0.88096868991851807     
  0.20000000000000001       -28.876779770331961        64.017904879430091        1.0000000000000000       0.13899850845336914     
  0.20000000000000001       -565.82936875537575        1251.5435371118351        1.0000000000000000       0.85155010223388672     
  0.20000000000000001       -248.83771713479555        550.50180669820190        1.0000000000000000      -0.82177388668060303     
  0.20000000000000001       -353.31913737832554        781.12569739917637        1.0000000000000000      -0.29914903640747070     
  0.20000000000000001       -177.74102941869825        393.48986301444313        1.0000000000000000      -0.72833096981048584     
  0.20000000000000001       -549.94597357425721        1216.3729417996956        1.0000000000000000      -0.67812073230743408     
  0.20000000000000001       -152.31818804337516        337.23560050310181        1.0000000000000000       0.14538824558258057     
  0.20000000000000001       -178.83029199070646        395.19938982046591        1.0000000000000000      -0.51765596866607666     
  0.20000000000000001       -63.690567018466609        140.56660974348833        1.0000000000000000      -0.94861590862274170     
  0.20000000000000001       -278.27388715329676        615.20524252214341        1.0000000000000000       0.30359840393066406     
  0.20000000000000001       -224.76697909150207        497.28348323031622        1.0000000000000000      -0.26136040687561035     
  0.20000000000000001       -351.03036215092482        776.39203127681913        1.0000000000000000       0.19043266773223877     
  0.20000000000000001       -546.08382613754281        1207.7149694948055        1.0000000000000000       0.33330905437469482     
  0.20000000000000001       -6.9254785564628047        15.058833498894726        1.0000000000000000       -3.7599921226501465E-002
  0.20000000000000001       -490.38568146821143        1084.7823804767675        1.0000000000000000        7.3318362236022949E-002
  0.20000000000000001       -155.76561332092845        344.20096388037393        1.0000000000000000        1.9185066223144531E-002
  0.20000000000000001       -362.17263904016215        800.50045337414883        1.0000000000000000       0.60519874095916748     
  0.20000000000000001       -19.940767769444193        44.455946978775906        1.0000000000000000       0.13086175918579102     
  0.20000000000000001       -379.20890161036380        838.53984553042119        1.0000000000000000       -6.1012744903564453E-002
  0.20000000000000001       -49.701614031066860        109.68967862069283        1.0000000000000000       0.13287293910980225     
  0.20000000000000001       -530.91529412360535        1173.8008349778117        1.0000000000000000      -0.13372027873992920     
  0.20000000000000001       -37.361178254309017        82.864563240524930        1.0000000000000000       0.76474285125732422     
  0.20000000000000001       -288.51273714171248        638.18135495207162        1.0000000000000000      -0.62259352207183838     
  0.20000000000000001       -86.041931634467986        190.11483828189657        1.0000000000000000      -0.99711823463439941     
  0.20000000000000001       -319.96223921729421        707.84857643702503        1.0000000000000000       0.96010506153106689     
  0.20000000000000001       -489.92560350889090        1083.0417933093704        1.0000000000000000       0.44450819492340088     
  0.20000000000000001       -499.58825526589777        1104.5691213979135        1.0000000000000000      -0.68478775024414062     
  0.20000000000000001       -458.19357807052296        1013.1760354985677        1.0000000000000000        7.5106143951416016E-002
  0.20000000000000001       -210.84984687541373        466.33873600273495        1.0000000000000000      -0.23775434494018555     
  0.20000000000000001       -311.08805148770108        687.80461647102027        1.0000000000000000      -0.13442766666412354     
  0.20000000000000001       -405.13424373557865        896.22319284101593        1.0000000000000000      -0.93836748600006104     
  0.20000000000000001       -457.65390262345716        1012.2716534071469        1.0000000000000000      -0.23141157627105713     
  0.20000000000000001       -34.401330815276047        76.388230314962200        1.0000000000000000      -0.95038592815399170     
  0.20000000000000001       -153.48513019606619        339.67680596893678        1.0000000000000000       -4.7364830970764160E-002
  0.20000000000000001       -368.06495577693653        814.04106146557115        1.0000000000000000      -0.52601218223571777     
  0.20000000000000001       -163.45983926692503        361.70224006208531        1.0000000000000000      -0.75054550170898438     
  0.20000000000000001       -91.181103166559325        201.93502561687148        1.0000000000000000      -0.74475407600402832     
  0.20000000000000001       -481.71729568488547        1065.2620541538447        1.0000000000000000       0.59519338607788086     
  0.20000000000000001       -380.82114410048354        842.12858921697432        1.0000000000000000       0.73157811164855957     
  0.20000000000000001       -194.92659266442894        431.39671303077500        1.0000000000000000       0.22679889202117920     
  0.20000000000000001       -261.06305203852605        576.98778403718802        1.0000000000000000       0.79924511909484863     
  0.20000000000000001       -524.23036986989814        1159.4151704434832        1.0000000000000000      -0.89770162105560303     
  0.20000000000000001       -45.340060232200614        100.21460453690364        1.0000000000000000        9.0057611465454102E-002
  0.20000000000000001       -87.319372805633293        193.11482743749863        1.0000000000000000       0.59412658214569092     
  0.20000000000000001       -538.18232392796176        1189.7011346588665        1.0000000000000000       0.96599745750427246     
  0.20000000000000001       -211.32974913896612        466.97079509173170        1.0000000000000000      -0.56166923046112061     
  0.20000000000000001       -375.51178524253737        830.55497718887284        1.0000000000000000      -0.72798252105712891     
  0.20000000000000001       -23.566299183634339        51.927914752583511        1.0000000000000000      -0.21893370151519775     
  0.20000000000000001       -25.725016893384257        57.273822690946794        1.0000000000000000      -0.48012244701385498     
  0.20000000000000001       -26.043955358247789        57.860894861968774        1.0000000000000000      -0.34918880462646484     
  0.20000000000000001       -335.98856287563996        743.00140524074106        1.0000000000000000       0.43549168109893799     
  0.20000000000000001       -393.11936780383922        869.04034641902183        1.0000000000000000        2.5884747505187988E-002
  0.20000000000000001       -252.71490380967535        558.69059891873837        1.0000000000000000       0.32871401309967041     
  0.20000000000000001       -112.50678207150857        249.09205061757092        1.0000000000000000      -0.85007953643798828     
  0.20000000000000001       -64.126457126437515        142.24855168877571        1.0000000000000000      -0.73338687419891357     
  0.20000000000000001       -423.30561408552080        936.19335996730899        1.0000000000000000       0.34663236141204834     
  0.20000000000000001       -428.84356895623029        948.13165169955016        1.0000000000000000      -0.40743923187255859     
  0.20000000000000001       -383.37304510385201        847.44083519836579        1.0000000000000000       0.91023623943328857     
  0.20000000000000001       -525.04398773636308        1160.9299104214781        1.0000000000000000       0.57010293006896973     
  0.20000000000000001       -509.83716537430820        1127.1991149654830        1.0000000000000000       0.12225997447967529     
  0.20000000000000001       -99.595772149607996        220.41597648719278        1.0000000000000000      -0.24520397186279297     
  0.20000000000000001       -288.49550130466577        638.09900754229670        1.0000000000000000       0.40019714832305908     
  0.20000000000000001       -66.989044078940296        148.34658134588673        1.0000000000000000       0.12961721420288086     
  0.20000000000000001       -92.202392098532911        203.46451722264638        1.0000000000000000       0.74219393730163574     
  0.20000000000000001       -433.35696616399940        958.40212823767922        1.0000000000000000       0.37628376483917236     
  0.20000000000000001       -494.30222761806328        1092.6739819160775        1.0000000000000000       0.76459050178527832     
  0.20000000000000001       -91.440132569268314        202.34448218462640        1.0000000000000000       0.39886188507080078     
  0.20000000000000001       -349.49936120322394        772.65998112807176        1.0000000000000000      -0.90604877471923828     
  0.20000000000000001       -80.587325975693744        177.86537254192123        1.0000000000000000       0.39833462238311768     
  0.20000000000000001       -301.67538816221224        667.32172376072049        1.0000000000000000      -0.22740662097930908     
  0.20000000000000001       -333.78899881371899        738.14466708521638        1.0000000000000000      -0.58493852615356445     
  0.20000000000000001       -508.79848628768406        1125.4587691371078        1.0000000000000000       0.74819517135620117     
  0.20000000000000001       -402.65531396743671        890.54024236769021        1.0000000000000000       0.61368799209594727     
  0.20000000000000001       -102.66570658718146        227.37608009169395        1.0000000000000000       0.68159902095794678     
  0.20000000000000001       -82.761438394820132        183.37564083934998        1.0000000000000000       0.81668257713317871     
  0.20000000000000001       -346.54475686469317        766.29694939041406        1.0000000000000000       0.93833041191101074     
  0.20000000000000001       -172.78717728987115        381.94102220439106        1.0000000000000000      -0.92591738700866699     
  0.20000000000000001       -407.75101486523408        901.54761532668147        1.0000000000000000      -0.78778719902038574     
  0.20000000000000001       -559.51793600678718        1236.9738010205917        1.0000000000000000      -0.53525853157043457     
  0.20000000000000001       -428.40751143342965        947.33638667197567        1.0000000000000000      -0.85374128818511963     
  0.20000000000000001       -250.66156738227016        554.35469627303121        1.0000000000000000      -0.74078762531280518     
  0.20000000000000001       -80.188484157574607        177.33874073457750        1.0000000000000000      -0.27022790908813477     
  0.20000000000000001       -15.717061466448710        34.960236646131975        1.0000000000000000        7.1188926696777344E-002
  0.20000000000000001       -119.00143433335134        262.81249173562639        1.0000000000000000      -0.53981220722198486     
  0.20000000000000001       -178.40888879958959        394.47178437672648        1.0000000000000000      -0.31452131271362305     
  0.20000000000000001       -422.52290461850328        934.53216791149282        1.0000000000000000      -0.62383365631103516     
  0.20000000000000001       -514.23236473372958        1136.8048879179987        1.0000000000000000      -0.88449549674987793     
  0.20000000000000001       -46.310691425893665        102.34243616239327        1.0000000000000000      -0.10192143917083740     
  0.20000000000000001       -128.06270153831625        283.59430912385062        1.0000000000000000      -0.94922876358032227     
  0.20000000000000001       -143.72359363575401        318.10397295722737        1.0000000000000000      -0.85978150367736816     
  0.20000000000000001       -215.89002320888702        477.54365240511515        1.0000000000000000       0.48730242252349854     
  0.20000000000000001       -365.05398044018807        807.27825984430626        1.0000000000000000      -0.25443685054779053     
  0.20000000000000001       -537.13818882487021        1188.0782529984615        1.0000000000000000      -0.59380710124969482     
  0.20000000000000001       -130.57425998722215        288.30841304844972        1.0000000000000000      -0.46617484092712402     
  0.20000000000000001       -551.96497685539521        1220.5096635083337        1.0000000000000000       0.77794981002807617     
  0.20000000000000001       -204.94045455557514        453.41083366048639        1.0000000000000000      -0.31630241870880127     
  0.20000000000000001       -381.39420505163827        843.38074916663220        1.0000000000000000      -0.42903137207031250     
  0.20000000000000001       -215.39900322559606        476.23509400612465        1.0000000000000000      -0.38923645019531250     
  0.20000000000000001       -365.23350999908109        808.05610624266774        1.0000000000000000      -0.52380859851837158     
  0.20000000000000001       -37.581977558377623        83.166979234170157        1.0000000000000000      -0.18792068958282471     
  0.20000000000000001       -434.58523550627615        960.88553691654261        1.0000000000000000      -0.67461431026458740     
  0.20000000000000001       -98.602020470861618        218.10030425154315        1.0000000000000000      -0.40837645530700684     
  0.20000000000000001       -243.16542116560652        537.94076451455305        1.0000000000000000      -0.89131665229797363     
  0.20000000000000001       -464.14345569853009        1026.0734369519787        1.0000000000000000       0.57161772251129150     
  0.20000000000000001       -555.04960435246346        1227.2389430653107        1.0000000000000000      -0.57670891284942627     
  0.20000000000000001       -450.56656950378391        996.56674085364614        1.0000000000000000       0.61338829994201660     
  0.20000000000000001       -64.789891523428039        143.20343829102353        1.0000000000000000       0.33534097671508789     
  0.20000000000000001       -385.57125924069686        852.81882330313033        1.0000000000000000      -0.74050807952880859     
  0.20000000000000001       -339.62060305324371        751.30171016617192        1.0000000000000000       0.65282869338989258     
  0.20000000000000001       -117.98221713432801        260.77298169512369        1.0000000000000000      -0.77295637130737305     
  0.20000000000000001       -283.18853907637447        626.47351815321997        1.0000000000000000      -0.41510808467864990     
  0.20000000000000001       -149.65460834761666        331.09692692761359        1.0000000000000000      -0.50391483306884766     
  0.20000000000000001       -194.08435100035064        428.99710398481676        1.0000000000000000       0.10366988182067871     
  0.20000000000000001       -251.86823454989002        557.27036778860781        1.0000000000000000      -0.56641685962677002     
  0.20000000000000001       -316.74553512617462        700.45713405953313        1.0000000000000000       0.40708029270172119     
  0.20000000000000001       -42.048757485836511        92.786832964876609        1.0000000000000000      -0.29550385475158691     
  0.20000000000000001       -222.91069906784946        492.69698392813507        1.0000000000000000       0.79395663738250732     
  0.20000000000000001       -413.52177352481664        914.47610049675222        1.0000000000000000      -0.54710257053375244     
  0.20000000000000001       -272.56005448537377        602.50919376227250        1.0000000000000000       0.93012464046478271     
  0.20000000000000001       -63.248723128647477        139.85600499023198        1.0000000000000000       0.35873866081237793     
  0.20000000000000001       -58.001541408394402        128.02491808168222        1.0000000000000000      -0.37653505802154541     
  0.20000000000000001       -426.06375654033212        941.74400062609379        1.0000000000000000      -0.28690505027770996     
  0.20000000000000001       -118.87826995045050        262.61987057563340        1.0000000000000000       0.16919505596160889     
  0.20000000000000001       -92.449146040088607        204.41612670268930        1.0000000000000000      -0.39556336402893066     
  0.20000000000000001       -81.535683551319877        180.44675395968491        1.0000000000000000       0.62614727020263672     
  0.20000000000000001       -211.89328774525384        468.77619782924182        1.0000000000000000       0.54170799255371094     
  0.20000000000000001       -421.22984524213410        931.49749196011783        1.0000000000000000       0.60287213325500488     
  0.20000000000000001       -443.17853781637427        979.79327542852081        1.0000000000000000      -0.10925281047821045     
  0.20000000000000001       -308.77294633240791        683.05938270189642        1.0000000000000000       0.71770036220550537     
  0.20000000000000001       -481.15317392509456        1063.7420304752286        1.0000000000000000      -0.17034506797790527     
  0.20000000000000001       -327.81804319780400        724.67622933044879        1.0000000000000000      -0.69135379791259766     
  0.20000000000000001       -185.82522528923406        410.56848769843424        1.0000000000000000      -0.40187954902648926     
  0.20000000000000001       -559.02467859205387        1236.1993866765256        1.0000000000000000       0.66390764713287354     
  0.20000000000000001       -433.18224745017778        957.58382251651631        1.0000000000000000      -0.98758721351623535     
  0.20000000000000001       -351.57734935989095        777.48544477846292        1.0000000000000000       0.95468199253082275     
  0.20000000000000001       -38.503091766808041        85.550187719268678        1.0000000000000000      -0.28650081157684326     
  0.20000000000000001       -51.372731329007550        114.03220380246195        1.0000000000000000      -0.61636710166931152     
  0.20000000000000001       -181.70378656070616        401.43993968964531        1.0000000000000000       0.13020443916320801     
  0.20000000000000001       -193.27893445311062        427.27653903966308        1.0000000000000000      -0.11266303062438965     
  0.20000000000000001       -129.09288315486464        285.12130964369913        1.0000000000000000       0.95175147056579590     
  0.20000000000000001       -7.0515060413124768        15.659139856357363        1.0000000000000000      -0.85342144966125488     
  0.20000000000000001       -234.97890735633115        519.79514865103977        1.0000000000000000       0.10210216045379639     
  0.20000000000000001       -194.19272405328766        429.14711972489573        1.0000000000000000       -2.2203922271728516E-003
  0.20000000000000001       -326.06394837035532        720.99033152144978        1.0000000000000000       0.57409203052520752     
  0.20000000000000001       -356.51494971484698        787.97292063975522        1.0000000000000000       0.21920144557952881     
  0.20000000000000001       -209.62467229348044        463.54387508864767        1.0000000000000000      -0.62798619270324707     
  0.20000000000000001       -508.66131814692858        1124.9256374968350        1.0000000000000000       0.17344498634338379     
  0.20000000000000001       -147.36647249587472        325.64502562669088        1.0000000000000000      -0.73286163806915283     
  0.20000000000000001       -244.86353798280962        541.66472389223327        1.0000000000000000       0.61178743839263916     
  0.20000000000000001       -484.85333978505287        1072.5095989834081        1.0000000000000000       -3.5541176795959473E-002
  0.20000000000000001       -343.96936953678568        760.78382916592113        1.0000000000000000       -6.3701510429382324E-002
  0.20000000000000001       -176.36403093751207        390.38495507152714        1.0000000000000000      -0.31707465648651123     
  0.20000000000000001       -412.10835463408631        911.42861996870988        1.0000000000000000       0.84350597858428955     
  0.20000000000000001       -479.88720280794143        1060.9640445596410        1.0000000000000000      -0.85015046596527100     
  0.20000000000000001       -300.59640583297312        664.55614029039816        1.0000000000000000       -9.3233585357666016E-003
  0.20000000000000001       -482.47016665393164        1066.7040471621983        1.0000000000000000      -0.78383743762969971     
  0.20000000000000001       -103.54892192715420        228.71592382570196        1.0000000000000000       0.14771211147308350     
  0.20000000000000001       -434.58970060210504        960.90684074209014        1.0000000000000000      -0.56398987770080566     
  0.20000000000000001       -11.456005137602789        25.321549657580434        1.0000000000000000        1.0855674743652344E-002
  0.20000000000000001       -95.186335338228915        210.74007052132566        1.0000000000000000      -0.44999217987060547     
  0.20000000000000001       -452.75211797866086        1000.9622303849293        1.0000000000000000       0.81650638580322266     
  0.20000000000000001       -51.681902290371127        114.51360398429051        1.0000000000000000       0.56526660919189453     
  0.20000000000000001       -334.87677881408604        740.33873810407272        1.0000000000000000       0.85620796680450439     
  0.20000000000000001       -192.08939868142457        425.03265888633518        1.0000000000000000      -0.61480247974395752     
  0.20000000000000001       -251.50859130969388        556.36204030680574        1.0000000000000000      -0.13648736476898193     
  0.20000000000000001       -42.755024349478489        94.648884541005785        1.0000000000000000       0.99370765686035156     
  0.20000000000000001       -287.63581250877007        636.05216885512573        1.0000000000000000       -6.3192844390869141E-003
  0.20000000000000001       -477.50827257701519        1056.2589544955497        1.0000000000000000      -0.48980093002319336     
  0.20000000000000001       -440.92008636246817        975.26870231284795        1.0000000000000000      -0.84210014343261719     
  0.20000000000000001       -117.59040234526444        259.64076387324599        1.0000000000000000      -0.96124494075775146     
  0.20000000000000001       -490.64919020184527        1085.2093351514375        1.0000000000000000       0.58879864215850830     
  0.20000000000000001       -48.944064878293489        108.24213448564261        1.0000000000000000      -0.12431716918945312     
  0.20000000000000001       -67.953385176386334        149.84030712500609        1.0000000000000000       0.78568184375762939     
  0.20000000000000001       -70.724743435581516        156.16148163780048        1.0000000000000000      -0.97241175174713135     
  0.20000000000000001       -205.44168206032288        454.09084703889226        1.0000000000000000      -0.99790573120117188     
  0.20000000000000001       -67.240709556501812        148.83815930620278        1.0000000000000000      -0.84703040122985840     
  0.20000000000000001       -233.47399503322580        516.55418044297539        1.0000000000000000       0.32878422737121582     
  0.20000000000000001       -222.84996641439923        492.52392284051342        1.0000000000000000      -0.52444458007812500     
  0.20000000000000001       -305.52558688456060        675.59904809144473        1.0000000000000000      -0.38923859596252441     
  0.20000000000000001       -319.64707298003913        706.62759527752416        1.0000000000000000        7.0025086402893066E-002
  0.20000000000000001       -319.92076542566713        707.76274197950147        1.0000000000000000      -0.89646780490875244     
  0.20000000000000001       -19.211425804438804        42.468083667891108        1.0000000000000000      -0.55456113815307617     
  0.20000000000000001       -34.020357589113530        75.212103629686013        1.0000000000000000        7.0990920066833496E-002
  0.20000000000000001       -92.641162136669408        205.09962690643124        1.0000000000000000       -6.7577242851257324E-002
  0.20000000000000001       -228.37263675292172        504.79843873930270        1.0000000000000000       0.34206044673919678     
  0.20000000000000001       -28.191992197288751        62.041641183326249        1.0000000000000000      -0.76684725284576416     
  0.20000000000000001       -235.75012473799990        521.09975043700183        1.0000000000000000      -0.83552885055541992     
  0.20000000000000001       -129.28951405675764        285.76015125669841        1.0000000000000000      -0.26079618930816650     
  0.20000000000000001       -101.53871589206481        224.62202155605189        1.0000000000000000       0.53035771846771240     
  0.20000000000000001       -162.09216242988475        358.54322889996678        1.0000000000000000      -0.67107200622558594     
  0.20000000000000001       -287.80204070717969        636.26283628086287        1.0000000000000000      -0.63576519489288330     
  0.20000000000000001       -51.189217759311447        113.52789772169200        1.0000000000000000       0.41311669349670410     
  0.20000000000000001       -138.66700725717882        306.51403221227258        1.0000000000000000       0.12963831424713135     
  0.20000000000000001       -234.37086200330930        518.49165110427907        1.0000000000000000       0.85487806797027588     
  0.20000000000000001       -318.16351940653436        703.21167886174305        1.0000000000000000       0.65325021743774414     
  0.20000000000000001       -365.27098778054494        808.15753477711371        1.0000000000000000      -0.32493114471435547     
  0.20000000000000001       -482.79556542153296        1067.2078085725802        1.0000000000000000       0.57254183292388916     
  0.20000000000000001       -157.59007102121348        348.34054067730176        1.0000000000000000      -0.21086227893829346     
  0.20000000000000001       -274.15072541450400        605.92434254984255        1.0000000000000000      -0.71425783634185791     
  0.20000000000000001       -444.92151817126188        984.13378864469644        1.0000000000000000       0.46869289875030518     
  0.20000000000000001       -76.505939789148314        168.94291319163491        1.0000000000000000       0.62786948680877686     
  0.20000000000000001       -400.17668445054005        884.63120846913955        1.0000000000000000       0.63728666305541992     
  0.20000000000000001       -206.54273248690191        456.85963996032410        1.0000000000000000      -0.75281214714050293     
  0.20000000000000001       -512.31772116189723        1132.7496183947869        1.0000000000000000       0.33818852901458740     
  0.20000000000000001       -250.12290501856742        553.06704902445836        1.0000000000000000      -0.74408924579620361     
  0.20000000000000001       -338.36094720270563        748.50623959533539        1.0000000000000000       0.57335948944091797     
  0.20000000000000001       -194.33629720654636        429.38159723112022        1.0000000000000000      -0.10488700866699219     
  0.20000000000000001       -6.0710901557353223        13.702293554433728        1.0000000000000000      -0.56033170223236084     
  0.20000000000000001       -232.50514976822799        513.93641448319136        1.0000000000000000      -0.11728596687316895     
  0.20000000000000001       -342.49048991137346        757.59202297643697        1.0000000000000000      -0.61739170551300049     
  0.20000000000000001       -293.26473037224343        648.54024185513686        1.0000000000000000      -0.39854896068572998     
  0.20000000000000001       -318.65408194912999        704.83475731600447        1.0000000000000000       0.68003046512603760     
  0.20000000000000001       -75.009872792547952        165.50863489563170        1.0000000000000000       0.42059683799743652     
  0.20000000000000001       -179.65468202074817        397.28856811586360        1.0000000000000000       -7.2164297103881836E-002
  0.20000000000000001       -541.08546716179740        1196.2746285671967        1.0000000000000000      -0.76562821865081787     
  0.20000000000000001       -199.97807944870212        441.84325297840275        1.0000000000000000       0.96782624721527100     
  0.20000000000000001       -140.51531556441611        310.63726338357702        1.0000000000000000       0.58673238754272461     
  0.20000000000000001       -120.68746979310342        266.99305671611876        1.0000000000000000       0.10076081752777100     
  0.20000000000000001       -392.00230623117153        866.80774418225030        1.0000000000000000       0.67184925079345703     
  0.20000000000000001       -107.99885987278813        239.15806819627272        1.0000000000000000       0.21586787700653076     
  0.20000000000000001       -257.28650573865082        569.21039522737874        1.0000000000000000      -0.14496052265167236     
  0.20000000000000001       -518.64410261936359        1147.0559002653818        1.0000000000000000       0.13639831542968750     
  0.20000000000000001       -149.52209498064980        330.88330642419203        1.0000000000000000       0.27468335628509521     
  0.20000000000000001       -543.57320487447384        1201.8793129191720        1.0000000000000000       0.94493114948272705     
  0.20000000000000001       -297.10324864321046        657.44283252771197        1.0000000000000000       0.20828819274902344     
  0.20000000000000001       -307.89187674623366        680.57254427392240        1.0000000000000000       0.72376000881195068     
  0.20000000000000001       -380.91843606696028        842.53326459187292        1.0000000000000000       0.43453943729400635     
  0.20000000000000001       -236.37007017060282        522.79333622088416        1.0000000000000000      -0.67844307422637939     
  0.20000000000000001       -430.68591526186339        952.67259943770443        1.0000000000000000      -0.44132173061370850     
  0.20000000000000001       -490.13845995507666        1083.9096984453381        1.0000000000000000       0.33646810054779053     
  0.20000000000000001       -373.85122957181704        827.02819551674509        1.0000000000000000      -0.46858215332031250     
  0.20000000000000001       -428.09512353221328        946.93225220695899        1.0000000000000000        6.3413977622985840E-002
  0.20000000000000001       -154.98209678985793        342.78588546943928        1.0000000000000000      -0.13190031051635742     
  0.20000000000000001       -150.65876024130168        333.30573631663481        1.0000000000000000      -0.41983723640441895     
  0.20000000000000001       -320.26235841528995        708.30145841203944        1.0000000000000000       0.17467296123504639     
  0.20000000000000001       -476.03056886396718        1052.6649100669263        1.0000000000000000        1.5623211860656738E-002
  0.20000000000000001       -302.38194712624369        668.39951698624532        1.0000000000000000      -0.23280501365661621     
  0.20000000000000001       -161.60669321285721        356.99027507492536        1.0000000000000000       0.31681334972381592     
  0.20000000000000001       -113.76059097489842        251.93211004682075        1.0000000000000000      -0.59676766395568848     
  0.20000000000000001       -216.33202431237345        478.68244337503484        1.0000000000000000       0.87971484661102295     
  0.20000000000000001       -342.77893383915188        758.22560371399652        1.0000000000000000       0.17271769046783447     
  0.20000000000000001       -31.518801578016731        70.050054043121236        1.0000000000000000       0.40341353416442871     
  0.20000000000000001       -517.64178480512021        1144.9098809376994        1.0000000000000000       0.52904427051544189     
  0.20000000000000001       -424.24136676009124        937.98707305997834        1.0000000000000000       -5.6577801704406738E-002
  0.20000000000000001       -14.094487743113167        31.162747716738654        1.0000000000000000      -0.17303192615509033     
  0.20000000000000001       -464.06876842330826        1025.9669287613553        1.0000000000000000       0.43048739433288574     
  0.20000000000000001       -192.82845670355906        426.06009336035129        1.0000000000000000       0.92309772968292236     
  0.20000000000000001       -102.27436015268761        226.44499508287592        1.0000000000000000       0.93723690509796143     
  0.20000000000000001       -17.432051370651823        38.763629437953220        1.0000000000000000       0.30322325229644775     
  0.20000000000000001       -183.19457361417699        405.15827287588047        1.0000000000000000      -0.19109678268432617     
  0.20000000000000001       -269.43175918069534        595.56717126031981        1.0000000000000000       0.58031940460205078     
  0.20000000000000001       -22.120797088489034        48.817485027920220        1.0000000000000000       0.57544708251953125     
  0.20000000000000001       -148.83878523225442        328.75135850599901        1.0000000000000000       0.89444887638092041     
  0.20000000000000001       -28.252685008401482        62.189864499941123        1.0000000000000000       0.90214896202087402     
  0.20000000000000001       -240.30999027700545        531.85231022443588        1.0000000000000000      -0.22383403778076172     
  0.20000000000000001       -385.36284478073941        852.53154797043180        1.0000000000000000       -7.4159026145935059E-002
  0.20000000000000001       -512.78028881309501        1133.5860053354438        1.0000000000000000      -0.16598081588745117     
  0.20000000000000001       -228.10355815166409        504.40385459644853        1.0000000000000000       0.44397687911987305     
  0.20000000000000001       -157.82581640360581        349.40288176283798        1.0000000000000000        8.8452339172363281E-002
  0.20000000000000001       -220.32776173522942        487.56937932006861        1.0000000000000000       0.85003924369812012     
  0.20000000000000001       -429.18571980800380        949.51590494308152        1.0000000000000000       0.90158331394195557     
  0.20000000000000001       -163.47439516865543        361.76265459739551        1.0000000000000000       0.94062590599060059     
  0.20000000000000001       -19.058089746234867        42.273704751739594        1.0000000000000000       0.89078605175018311     
  0.20000000000000001       -465.09871558180492        1028.6693703766143        1.0000000000000000      -0.10592520236968994     
  0.20000000000000001       -408.37073224343237        903.12049592352264        1.0000000000000000      -0.97255837917327881     
  0.20000000000000001       -70.145231390079886        155.33487104131990        1.0000000000000000       0.13426613807678223     
  0.20000000000000001       -317.08790444582684        701.52336715144679        1.0000000000000000        5.9892058372497559E-002
  0.20000000000000001       -522.63819933398167        1155.5550667964385        1.0000000000000000      -0.74665355682373047     
  0.20000000000000001       -326.81774485145439        722.90531881485765        1.0000000000000000      -0.33025658130645752     
  0.20000000000000001       -367.86613285323881        813.20210053327537        1.0000000000000000       0.92494416236877441     
  0.20000000000000001       -73.922690954164622        163.27983211770334        1.0000000000000000      -0.80570590496063232     
  0.20000000000000001       -110.04982547585047        243.39721393208544        1.0000000000000000        5.5443048477172852E-002
  0.20000000000000001       -247.94572830747111        548.27975446197104        1.0000000000000000      -0.16466295719146729     
  0.20000000000000001       -137.41940342362255        303.54980735599503        1.0000000000000000       0.43001925945281982     
  0.20000000000000001       -233.78601905657982        516.95642925353036        1.0000000000000000      -0.79393696784973145     
  0.20000000000000001       -508.36375667357163        1123.7794814335527        1.0000000000000000       0.61868214607238770     
  0.20000000000000001       -61.786710834861729        136.59712433391590        1.0000000000000000       0.21367585659027100     
  0.20000000000000001       -316.66886337555366        700.11981360720620        1.0000000000000000      -0.36071252822875977     
  0.20000000000000001       -69.636388008776819        154.20339691730467        1.0000000000000000       0.73075509071350098     
  0.20000000000000001       -357.83479744328218        790.93656838274194        1.0000000000000000      -0.44143700599670410     
  0.20000000000000001       -169.05982801368310        373.68191119523527        1.0000000000000000       0.74620878696441650     
  0.20000000000000001       -203.45109170325978        450.27772194477706        1.0000000000000000      -0.70273280143737793     
  0.20000000000000001       -258.90661372214817        572.91365289116595        1.0000000000000000      -0.64528059959411621     
  0.20000000000000001       -270.67886486695386        598.54830054577417        1.0000000000000000      -0.78588867187500000     
  0.20000000000000001       -536.29775470397840        1186.0081279577016        1.0000000000000000       0.20566582679748535     
  0.20000000000000001       -175.07331200189103        387.41760941745991        1.0000000000000000      -0.75325381755828857     
  0.20000000000000001       -167.18689648948165        369.43647813193775        1.0000000000000000       0.82039391994476318     
  0.20000000000000001       -48.317984761316431        106.58110036018714        1.0000000000000000       0.39184641838073730     
  0.20000000000000001       -390.48693864160185        863.26140064532262        1.0000000000000000      -0.68048441410064697     
  0.20000000000000001       -58.290537321319263        129.27635817872221        1.0000000000000000        8.3703398704528809E-002
  0.20000000000000001       -525.58402663693619        1161.8859502227131        1.0000000000000000       -1.8250107765197754E-002
  0.20000000000000001       -410.87341619958568        908.95300170945166        1.0000000000000000       0.55665016174316406     
  0.20000000000000001       -319.62093621735784        706.50868900155183        1.0000000000000000       0.88092195987701416     
  0.20000000000000001       -529.07853590403045        1170.1524409365975        1.0000000000000000      -0.80647230148315430     
  0.20000000000000001       -248.74784773503734        550.21343351213341        1.0000000000000000      -0.84318828582763672     
  0.20000000000000001       -208.77431430098090        461.81430021998131        1.0000000000000000      -0.98134350776672363     
  0.20000000000000001       -119.90808668342925        265.31966979530500        1.0000000000000000      -0.31492733955383301     
  0.20000000000000001       -309.54121329547291        684.36946998958638        1.0000000000000000       0.60069119930267334     
  0.20000000000000001       -358.09828857446576        792.09957077629110        1.0000000000000000      -0.87583196163177490     
  0.20000000000000001       -528.69081209537592        1169.5433716675047        1.0000000000000000      -0.40705275535583496     
  0.20000000000000001       -514.02077008453455        1136.2587460043515        1.0000000000000000      -0.59651565551757812     
  0.20000000000000001       -143.21645728960991        316.28109705511645        1.0000000000000000       0.89391779899597168     
  0.20000000000000001       -359.35759942004722        794.75912516927167        1.0000000000000000      -0.94855654239654541     
  0.20000000000000001       -132.81780270425173        293.76130275371924        1.0000000000000000       0.33302378654479980     
  0.20000000000000001       -54.185971839549183        120.03434325456828        1.0000000000000000       0.55662226676940918     
  0.20000000000000001       -6.4210215112266393        14.177664664384375        1.0000000000000000      -0.11186695098876953     
  0.20000000000000001       -480.90044933065838        1063.4166510948121        1.0000000000000000       0.41057109832763672     
  0.20000000000000001       -369.45622506232661        816.93975788922819        1.0000000000000000      -0.17387664318084717     
  0.20000000000000001       -19.344623880904894        42.640595536861412        1.0000000000000000        4.7981023788452148E-002
  0.20000000000000001       -234.87065259558111        519.65215175658068        1.0000000000000000       0.87556564807891846     
  0.20000000000000001       -461.95000269070857        1021.8291937275953        1.0000000000000000        8.4312796592712402E-002
  0.20000000000000001       -436.85448744086847        966.02534386811499        1.0000000000000000       0.93430888652801514     
  0.20000000000000001       -182.79740842484512        404.03105265453434        1.0000000000000000      -0.50409257411956787     
  0.20000000000000001       -35.250024249124273        77.567437237079830        1.0000000000000000       0.26545989513397217     
  0.20000000000000001       -225.46830821081906        498.28520927044212        1.0000000000000000      -0.53640377521514893     
  0.20000000000000001       -33.105134331783361        73.529486889218873        1.0000000000000000        1.0417342185974121E-002
  0.20000000000000001       -304.33172611234795        673.32318392173238        1.0000000000000000      -0.29188239574432373     
  0.20000000000000001       -88.830755721709579        196.43721587400219        1.0000000000000000       0.99783933162689209     
  0.20000000000000001       -195.14372566578635        431.73991209901470        1.0000000000000000      -0.19193947315216064     
  0.20000000000000001       -345.34669131311085        763.92669183505689        1.0000000000000000      -0.13991880416870117     
  0.20000000000000001       -143.20479755114565        316.26035060155397        1.0000000000000000       0.65469324588775635     
  0.20000000000000001       -248.58622192553369        549.50207097284078        1.0000000000000000       0.70381498336791992     
  0.20000000000000001       -391.67309582327300        865.95593933361863        1.0000000000000000       0.20281863212585449     
  0.20000000000000001       -23.173382603394337        51.407994787500868        1.0000000000000000       0.31600713729858398     
  0.20000000000000001       -234.37086200330930        518.49165110427907        1.0000000000000000       0.75356972217559814     
  0.20000000000000001       -395.89613445522770        875.24083928628693        1.0000000000000000      -0.12681996822357178     
  0.20000000000000001       -32.224542494307777        71.059154216653781        1.0000000000000000      -0.66329848766326904     
  0.20000000000000001       -348.61727195109523        771.05998398903762        1.0000000000000000      -0.42725169658660889     
  0.20000000000000001       -177.43210037921008        392.24969985008886        1.0000000000000000        8.6307764053344727E-002
  0.20000000000000001       -326.72930802206992        722.44730579113912        1.0000000000000000       0.30504238605499268     
  0.20000000000000001       -285.54460910924416        631.53740326394984        1.0000000000000000      -0.48047280311584473     
  0.20000000000000001       -205.51996056532042        454.19440861469468        1.0000000000000000      -0.35469901561737061     
  0.20000000000000001       -372.42522887181292        824.00492543432927        1.0000000000000000      -0.49731540679931641     
  0.20000000000000001       -453.04873126649721        1001.6456881852786        1.0000000000000000       0.28627133369445801     
  0.20000000000000001       -312.90988297413617        692.18747036856564        1.0000000000000000       0.56870234012603760     
  0.20000000000000001       -265.39025054727466        586.62960369558039        1.0000000000000000       0.21466660499572754     
  0.20000000000000001       -322.17851683691805        712.21922528343055        1.0000000000000000       0.79511916637420654     
  0.20000000000000001       -109.55443273419705        242.62270845507115        1.0000000000000000      -0.45940685272216797     
  0.20000000000000001       -395.89613445522770        875.24083928628693        1.0000000000000000       0.31581091880798340     
  0.20000000000000001       -450.48231162285470        996.23227206921626        1.0000000000000000       0.22661983966827393     
  0.20000000000000001       -490.07398423828539        1083.5710988095741        1.0000000000000000       0.12207639217376709     
  0.20000000000000001       -122.12798671142035        270.07670618087803        1.0000000000000000      -0.50802445411682129     
  0.20000000000000001       -450.45198167073437        996.07749811225142        1.0000000000000000       0.30721557140350342     
  0.20000000000000001       -450.63321944744337        996.74205137453998        1.0000000000000000       0.67295169830322266     
  0.20000000000000001       -548.16738905057798        1211.9827207546305        1.0000000000000000      -0.15085995197296143     
  0.20000000000000001       -548.48781328715438        1213.3276466768170        1.0000000000000000       0.71666765213012695     
  0.20000000000000001       -322.01637834718474        711.94313838068592        1.0000000000000000       0.77939522266387939     
  0.20000000000000001       -327.69834547794801        724.48336299788434        1.0000000000000000      -0.82316339015960693     
  0.20000000000000001       -366.21755066139877        809.60681974266186        1.0000000000000000      -0.89785826206207275     
  0.20000000000000001       -509.83097817241440        1127.1776689194228        1.0000000000000000       0.12786865234375000     
  0.20000000000000001       -132.98307197297558        293.97442778825825        1.0000000000000000      -0.96898579597473145     
  0.20000000000000001       -458.80696515061220        1014.4374845086870        1.0000000000000000       0.33450627326965332     
  0.20000000000000001       -288.26378787117875        637.05700896407564        1.0000000000000000       0.55998802185058594     
  0.20000000000000001       -538.26405171158365        1189.8633720469040        1.0000000000000000       0.56848382949829102     
  0.20000000000000001       -213.12415819677994        471.21156059398533        1.0000000000000000        6.4355373382568359E-002
  0.20000000000000001       -169.27730828921079        374.64288773133615        1.0000000000000000       0.34734237194061279     
  0.20000000000000001       -173.55300194352156        384.01701160107103        1.0000000000000000       0.36431169509887695     
  0.20000000000000001       -38.062418193623373        83.857565243790276        1.0000000000000000      -0.45450997352600098     
  0.20000000000000001       -479.78108011724623        1060.7751335551691        1.0000000000000000       0.91215384006500244     
  0.20000000000000001       -166.86852005007898        369.02903302297909        1.0000000000000000       0.50704932212829590     
  0.20000000000000001       -439.20614832318637        971.52923377832064        1.0000000000000000      -0.68259024620056152     
  0.20000000000000001       -554.05131764484338        1225.4587478782983        1.0000000000000000       0.34280145168304443     
  0.20000000000000001       -417.26638880817137        922.52409557290582        1.0000000000000000      -0.14510118961334229     
  0.20000000000000001       -106.74703872440006        236.38721252871977        1.0000000000000000       -4.6974301338195801E-002
  0.20000000000000001       -441.61896054072946        976.37673330135499        1.0000000000000000        3.0930042266845703E-003
  0.20000000000000001       -435.91249723199024        963.72631359517845        1.0000000000000000      -0.44100022315979004     
  0.20000000000000001       -326.72553992380858        722.42739597459877        1.0000000000000000       0.45699667930603027     
  0.20000000000000001       -346.71025702896321        767.08245883960649        1.0000000000000000       0.15557193756103516     
  0.20000000000000001       -238.38588410084051        526.79167747735835        1.0000000000000000      -0.25938546657562256     
  0.20000000000000001       -501.03652625382932        1107.6690204488123        1.0000000000000000       0.23855423927307129     
  0.20000000000000001       -549.69146216068464        1215.3506757723510        1.0000000000000000      -0.22410833835601807     
  0.20000000000000001       -287.89860892726381        636.38976507567247        1.0000000000000000       0.63765048980712891     
  0.20000000000000001       -373.29881282970678        825.25858244782387        1.0000000000000000       -8.0432176589965820E-002
  0.20000000000000001       -185.65301758903561        410.30420301495292        1.0000000000000000      -0.43152129650115967     
  0.20000000000000001       -5.8934257399725780        13.338791583174789        1.0000000000000000      -0.52817201614379883     
  0.20000000000000001       -299.52633524629215        661.93717320651433        1.0000000000000000       0.13090169429779053     
  0.20000000000000001       -51.228093394247743        113.66702232556192        1.0000000000000000      -0.61268353462219238     
  0.20000000000000001       -451.52625402769235        998.07331236673815        1.0000000000000000      -0.88281989097595215     
  0.20000000000000001       -355.68923550902144        786.66627169726144        1.0000000000000000        2.6639938354492188E-002
  0.20000000000000001       -302.96008107788106        670.32454820407759        1.0000000000000000      -0.41876435279846191     
  0.20000000000000001       -538.99176296566418        1191.9854699041634        1.0000000000000000        7.5790166854858398E-002
  0.20000000000000001       -126.37108326379929        279.45110084519632        1.0000000000000000       0.36705911159515381     
  0.20000000000000001       -87.285782048234964        193.07188834012479        1.0000000000000000      -0.77369725704193115     
  0.20000000000000001       -178.24727780912806        394.26758173566094        1.0000000000000000      -0.69708812236785889     
  0.20000000000000001       -65.608482520932796        145.43687244751760        1.0000000000000000       0.80263018608093262     
  0.20000000000000001       -548.36323294824172        1212.9047726328172        1.0000000000000000       0.10202944278717041     
  0.20000000000000001       -261.59010796789437        578.66045858584437        1.0000000000000000       0.29423272609710693     
  0.20000000000000001       -124.69299737208826        275.36027545533142        1.0000000000000000       0.72024869918823242     
  0.20000000000000001       -206.04979766209348        455.49130871526347        1.0000000000000000       0.15206599235534668     
  0.20000000000000001       -118.04026854994964        261.08992193254375        1.0000000000000000       0.72527980804443359     
  0.20000000000000001       -69.813028698753243        154.78678960725335        1.0000000000000000      -0.80456089973449707     
  0.20000000000000001       -489.79170620442045        1082.7671301366136        1.0000000000000000      -0.72973799705505371     
  0.20000000000000001       -41.773751968428698        92.436998057093589        1.0000000000000000       0.17465984821319580     
  0.20000000000000001       -410.46013924489978        907.65893299165714        1.0000000000000000       -9.0347647666931152E-002
  0.20000000000000001       -346.64461083884527        766.82452280549990        1.0000000000000000      -0.84976184368133545     
  0.20000000000000001       -446.18834144438983        986.93944552246637        1.0000000000000000       0.18961429595947266     
  0.20000000000000001       -194.45882002887572        429.65342222864393        1.0000000000000000      -0.76375448703765869     
  0.20000000000000001       -133.59044665557772        295.79785848896853        1.0000000000000000        8.5930228233337402E-002
  0.20000000000000001       -38.966664904439007        86.324365213963645        1.0000000000000000      -0.47141158580780029     
  0.20000000000000001       -97.769138649709518        215.84674427357729        1.0000000000000000      -0.42994308471679688     
  0.20000000000000001       -242.33420055039383        535.75399222938643        1.0000000000000000       0.15292084217071533     
  0.20000000000000001       -224.85868412248195        497.45526139115185        1.0000000000000000      -0.85333681106567383     
  0.20000000000000001       -80.140415901194856        177.27592579753031        1.0000000000000000      -0.29172766208648682     
  0.20000000000000001       -3.3801828142136259        7.6033408799719489        1.0000000000000000       0.97508287429809570     
  0.20000000000000001       -283.21951480231417        626.51652765146434        1.0000000000000000       0.95543098449707031     
  0.20000000000000001       -121.02993961429900        268.06219773030381        1.0000000000000000      -0.38853061199188232     
  0.20000000000000001       -102.63871765278158        227.33508662712896        1.0000000000000000       0.61941957473754883     
  0.20000000000000001       -230.76867760195964        510.32920486628961        1.0000000000000000      -0.79558849334716797     
  0.20000000000000001       -104.62380369967896        231.11372418828742        1.0000000000000000        7.6340556144714355E-002
  0.20000000000000001       -566.11586107565881        1251.9306063007468        1.0000000000000000      -0.24255084991455078     
  0.20000000000000001       -64.514285110786730        142.85112198392395        1.0000000000000000       0.37094783782958984     
  0.20000000000000001       -205.93157212306613        454.98997763868260        1.0000000000000000      -0.52429354190826416     
  0.20000000000000001       -421.61708932808619        932.05805878633112        1.0000000000000000       0.20569360256195068     
  0.20000000000000001       -402.43965231522219        890.23914150677865        1.0000000000000000       0.40506851673126221     
  0.20000000000000001       -404.90785913196851        895.56431874478812        1.0000000000000000      -0.53048789501190186     
  0.20000000000000001       -281.49959072062040        622.72048571614562        1.0000000000000000      -0.68463122844696045     
  0.20000000000000001       -556.89472900720978        1231.2263739155676        1.0000000000000000      -0.90421390533447266     
  0.20000000000000001       -17.498203867435933        38.869998928579122        1.0000000000000000      -0.67216122150421143     
  0.20000000000000001       -475.42201524100352        1051.0714740099454        1.0000000000000000      -0.36403417587280273     
  0.20000000000000001       -330.72586161563419        730.96487411879809        1.0000000000000000      -0.54194438457489014     
  0.20000000000000001       -330.50407342162811        730.63844722177384        1.0000000000000000      -0.98487889766693115     
  0.20000000000000001       -91.181103166559325        201.93502561687148        1.0000000000000000      -0.43517494201660156     
  0.20000000000000001       -272.40127690477465        602.16596618505832        1.0000000000000000       -9.7255945205688477E-002
