Problem type:
least_squares
nparams:
24
function_evaluation,seconds,x(0),x(1),x(2),x(3),x(4),x(5),x(6),x(7),x(8),x(9),x(10),x(11),x(12),x(13),x(14),x(15),x(16),x(17),x(18),x(19),x(20),x(21),x(22),x(23),objective_function
     0,  1.3027e+01,  1.0833587912018280e-01,  0.0000000000000000e+00,  0.0000000000000000e+00, -9.8978358861474852e-02,  1.6270539213332599e-01,  3.0659186342287320e-03,  0.0000000000000000e+00,  0.0000000000000000e+00,  0.0000000000000000e+00,  0.0000000000000000e+00,  0.0000000000000000e+00,  0.0000000000000000e+00,  1.0425935708511970e-01,  0.0000000000000000e+00,  0.0000000000000000e+00,  1.0282374012821600e-01,  1.8559756265247759e-01,  3.1042091023180509e-03,  0.0000000000000000e+00,  0.0000000000000000e+00,  0.0000000000000000e+00,  0.0000000000000000e+00,  0.0000000000000000e+00,  0.0000000000000000e+00,  3.0052534308236900e-01
     1,  1.1833e+02,  1.5290642512116481e-01,  7.8591209925846905e-03,  1.1756325249494687e-02, -1.2576731961181642e-02,  6.9606926281514103e-02,  6.3535264387540097e-04, -3.5651295130187761e-03,  1.8135874258757107e-03, -1.0722070040404846e-02, -8.1547953963618906e-03, -1.4925911432784600e-03,  6.1227817554652746e-04,  1.2423349980539852e-01,  7.9754841227484136e-03, -7.9517685422149757e-03, -9.0523553441408527e-03,  6.1949253835502024e-02,  5.8036286770913031e-04, -3.7032172272548477e-03, -1.3706581027377795e-03, -1.6295146356033142e-03, -4.2853885638262298e-03, -1.1167325038174431e-03,  6.6639070987625174e-04,  7.2426148611137995e+00
     2,  1.2673e+02,  1.1177655867012727e-01,  5.7513152560227376e-03, -1.2316985914052211e-02, -8.8627962578301564e-02,  1.4643376868490088e-01,  1.0116163996188445e-02, -5.8287961050730217e-04,  1.2023564475969787e-02,  1.9670085407905376e-02,  7.8252285484749027e-03,  1.0605040572247655e-04,  2.8128606215140566e-04,  8.3012470126843360e-02,  5.4227981128439334e-03,  1.2003051874583981e-02,  9.2346955441475032e-02,  1.5957593453968966e-01,  8.6945437434414064e-03, -7.6703563833650291e-04, -9.4398711464466125e-03,  1.0887129771674596e-02,  8.2776254550990941e-03,  1.2289433379007668e-04,  3.3272019299839141e-04,  2.3159859520421577e-01
     3,  2.0016e+02,  1.1388686858779745e-01,  4.2026368809919556e-03, -1.4775265818426005e-02, -8.4596061409219075e-02,  1.5276346586831585e-01,  1.1035102975001364e-02,  3.8119788157899503e-04,  1.1837939151433238e-02,  2.5067805315104896e-02,  5.1740116376703333e-03, -2.1916808424940989e-03, -2.6066473552779500e-05,  8.4400777218191669e-02,  4.3918136090649595e-03,  1.2195934784341665e-02,  8.5442514384219750e-02,  1.6151109616570575e-01,  8.0995121394697150e-03,  3.1483079503121609e-04, -1.0060134046197189e-02,  8.7052939379910956e-03,  8.1774665714784787e-03, -2.9509229324177675e-03,  6.5949899162116225e-05,  1.0926719042332475e-01
     4,  2.7305e+02,  1.1376827579885591e-01,  2.4462402283395154e-03, -1.8320725606243003e-02, -8.7627151872637088e-02,  1.5017438541323525e-01,  1.3364593507395375e-02,  1.1075382384747355e-03,  1.1028335333200641e-02,  2.8383503325784612e-02,  4.0194460964614138e-03, -2.9876603531670855e-03,  1.7840390013917275e-04,  9.1407959736044070e-02,  5.0883468494358434e-03,  1.4054503095760803e-02,  7.6869817193415971e-02,  1.3857758988691729e-01,  9.0965844583897372e-03,  1.2032381529609682e-03, -7.5378920418297220e-03,  1.3129804712277239e-02,  8.4676688755619105e-03, -4.0263264668910226e-03,  5.2677340954925293e-04,  1.0621777010351249e-01
     5,  3.4639e+02,  1.1340887969015744e-01,  3.1781255003251489e-03, -1.3777919215520719e-02, -8.7999406263846155e-02,  1.4881179819654594e-01,  1.2023246298167069e-02, -4.4693903631562318e-05,  1.0236951434370525e-02,  2.7585571316088620e-02,  4.7045293878288010e-03, -3.8087352921753184e-03, -3.7611296690057952e-04,  9.2020684504811864e-02,  4.7742268799155678e-03,  1.3266615924945050e-02,  7.8220781564122155e-02,  1.4111862590491839e-01,  8.5368066803260881e-03, -1.3007587002061838e-04, -8.0080803453458638e-03,  1.4914422821165447e-02,  7.3659320884205274e-03, -4.2391884816124535e-03, -2.0159002009846204e-04,  1.0298281481676344e-01
     6,  4.2104e+02,  1.1322544771664447e-01,  2.5927756186288542e-03, -1.4603305311847694e-02, -8.7652053150006404e-02,  1.4901048322547794e-01,  1.2573040690259519e-02,  1.0365851132250592e-04,  1.0309687253526559e-02,  2.8119497611198294e-02,  4.7755136101715629e-03, -3.7076224511698838e-03, -2.8554057434115269e-04,  9.2275726375686248e-02,  4.6501314670085352e-03,  1.3545095216031042e-02,  7.7607797071740106e-02,  1.4165600269829631e-01,  8.7439150973024019e-03,  8.2029314655404905e-05, -7.8534700473794940e-03,  1.5026444311067182e-02,  7.5456709473517075e-03, -4.2307083564603115e-03, -3.5556894735526022e-05,  1.0086807179709463e-01
     7,  4.9576e+02,  1.1287024063319864e-01,  2.0916163375443741e-03, -1.5683363332900983e-02, -8.7685238035718038e-02,  1.4876539990276250e-01,  1.2760447811522590e-02,  3.4344476341248258e-04,  1.0282232530223928e-02,  2.8625808365454142e-02,  4.7888224030954640e-03, -3.8774852967543940e-03, -1.8301279745050160e-04,  9.2752487205112574e-02,  4.7393278612148319e-03,  1.4063144557852871e-02,  7.6891386592908131e-02,  1.3880686051079527e-01,  8.7069767325561823e-03,  3.3306050779028349e-04, -7.5390570751863364e-03,  1.5218052163451627e-02,  7.7696217496651676e-03, -4.4546356876044736e-03,  1.1052151660873030e-04,  1.0018876971174619e-01
     8,  5.7138e+02,  1.1273706288874856e-01,  1.8065082922707851e-03, -1.6035499632470321e-02, -8.7527176587554642e-02,  1.4839662525691028e-01,  1.3017319404036071e-02,  4.1922952891783078e-04,  1.0314441362821078e-02,  2.8815065724192113e-02,  4.9418709760188717e-03, -3.7662060208018392e-03, -1.2090329697919155e-04,  9.2925163881734427e-02,  4.7205837705913533e-03,  1.4187299341058413e-02,  7.6765512101456268e-02,  1.3897306263836323e-01,  8.8313023025906150e-03,  4.5436011413655492e-04, -7.5760902334523232e-03,  1.5399504829368922e-02,  7.9193628753684905e-03, -4.4171669381478521e-03,  1.8834375406722343e-04,  9.9611326891162755e-02
     9,  6.4723e+02,  1.1267414562792130e-01,  1.6820683487019643e-03, -1.6359047970027903e-02, -8.7599224186244426e-02,  1.4829266920007042e-01,  1.3153033270064731e-02,  4.2143019389087952e-04,  1.0300271822064826e-02,  2.8879982173641076e-02,  4.8707752222690477e-03, -3.5868530485745234e-03, -1.0794716026526098e-04,  9.2996198605414790e-02,  4.7419043876346821e-03,  1.4271150116534173e-02,  7.6604591506528333e-02,  1.3836170971950904e-01,  8.8094818253039876e-03,  4.5768300334519447e-04, -7.2915238729471732e-03,  1.5458811693038560e-02,  7.9496354822707720e-03, -4.2931054417479813e-03,  2.3106632252380588e-04,  9.9179408817216388e-02
    10,  7.2307e+02,  1.1264930503137943e-01,  1.6276435598122788e-03, -1.6428688295545255e-02, -8.7569798478054156e-02,  1.4823196537629119e-01,  1.3201019055027274e-02,  4.3840164279511156e-04,  1.0312437875444115e-02,  2.8913649254617535e-02,  4.8785767774233088e-03, -3.5610094850326815e-03, -8.2542782823568497e-05,  9.3026596405319087e-02,  4.7358400707225275e-03,  1.4286904937557876e-02,  7.6592408979200374e-02,  1.3849351144123151e-01,  8.8448105145165542e-03,  4.8843116201035424e-04, -7.3263350886950971e-03,  1.5497849997422391e-02,  7.9876363522788964e-03, -4.2618584354496419e-03,  2.5163433531973453e-04,  9.8956374703586272e-02
    11,  7.9405e+02,  1.1262503902547244e-01,  1.6186220429510367e-03, -1.6423828301801165e-02, -8.7528847312867294e-02,  1.4823332241735654e-01,  1.3084076699190260e-02,  4.3520383685773036e-04,  1.0317001693628159e-02,  2.8916529205728726e-02,  4.8806329575853879e-03, -3.5584685759800613e-03, -8.1108322146636647e-05,  9.3032985226479445e-02,  4.7289949274083492e-03,  1.4250663962373551e-02,  7.6613751941353114e-02,  1.3842957683712506e-01,  8.6954759910858985e-03,  4.8806499714816029e-04, -7.3161374282774069e-03,  1.5507691479902146e-02,  8.0009712438535770e-03, -4.2615995598492369e-03,  2.5358141864229152e-04,  9.9686309661066522e-02
    12,  8.0209e+02,  1.1264395502714285e-01,  1.6262483215640007e-03, -1.6430051898349028e-02, -8.7567186949992382e-02,  1.4822893154364647e-01,  1.3169764777875915e-02,  4.3829433377852228e-04,  1.0313154628245936e-02,  2.8914396322646665e-02,  4.8779228421806349e-03, -3.5608133009728234e-03, -8.1636947085917980e-05,  9.3027739103916277e-02,  4.7349391502737289e-03,  1.4283673994891246e-02,  7.6591479899788026e-02,  1.3848216740517322e-01,  8.8045323217706053e-03,  4.8903806226619330e-04, -7.3256637073972576e-03,  1.5498857553521872e-02,  7.9886309534687415e-03, -4.2623776117584567e-03,  2.5219453364765549e-04,  9.8983725003485554e-02
    13,  8.1073e+02,  1.1264811713071093e-01,  1.6274620284628997e-03, -1.6429213877374046e-02, -8.7570293710910019e-02,  1.4823071644198829e-01,  1.3193277283786805e-02,  4.3869732505066167e-04,  1.0312592031755918e-02,  2.8913806658036133e-02,  4.8781986863436653e-03, -3.5610207682307458e-03, -8.2148401900616723e-05,  9.3026799321336923e-02,  4.7357780956119051e-03,  1.4287190748082157e-02,  7.6591279302283669e-02,  1.3849145546289807e-01,  8.8345640406454484e-03,  4.8879523239751246e-04, -7.3263999539073376e-03,  1.5497885802448473e-02,  7.9875714336019085e-03, -4.2620043268113928e-03,  2.5183437675708412e-04,  9.8954074117489271e-02
    14,  8.8197e+02,  1.1264794393640160e-01,  1.6272270893058964e-03, -1.6429574898501081e-02, -8.7570739874852643e-02,  1.4822977141245147e-01,  1.3193474801256811e-02,  4.3878416152425616e-04,  1.0312658176806367e-02,  2.8913977965563064e-02,  4.8781812307859785e-03, -3.5610141418488533e-03, -8.1939663842390688e-05,  9.3026961449309359e-02,  4.7357718603084535e-03,  1.4287210248287923e-02,  7.6590367372447538e-02,  1.3848853498087019e-01,  8.8346224507561705e-03,  4.8888695774901758e-04, -7.3266322844469543e-03,  1.5498051175217619e-02,  7.9876507607856296e-03, -4.2619715942106310e-03,  2.5183409791403397e-04,  9.8953954898982566e-02
    15,  9.5245e+02,  1.1264790075260105e-01,  1.6271682175085492e-03, -1.6429665004103644e-02, -8.7570850884834683e-02,  1.4822953532758282e-01,  1.3193524342057297e-02,  4.3880474869668960e-04,  1.0312674658359042e-02,  2.8914020729988638e-02,  4.8781771565428716e-03, -3.5610127136007446e-03, -8.1888952219940402e-05,  9.3027001904245094e-02,  4.7357703651813958e-03,  1.4287214497626337e-02,  7.6590140155964742e-02,  1.3848780236850650e-01,  8.8346382618267327e-03,  4.8891034111994615e-04, -7.3266531164703852e-03,  1.5498092576459458e-02,  7.9876706925443124e-03, -4.2619632384486711e-03,  2.5183417761123316e-04,  9.8953929940634552e-02
    16,  1.0230e+03,  1.1264788996709098e-01,  1.6271534964794256e-03, -1.6429687513370577e-02, -8.7570878594094737e-02,  1.4822947633705014e-01,  1.3193536731435158e-02,  4.3880982782935381e-04,  1.0312678774419236e-02,  2.8914031414222871e-02,  4.8781761559656767e-03, -3.5610123700832688e-03, -8.1876367757675129e-05,  9.3027012009978205e-02,  4.7357699962225636e-03,  1.4287215523976672e-02,  7.6590083418654392e-02,  1.3848761916887958e-01,  8.8346422835249763e-03,  4.8891621369888817e-04, -7.3266583158235815e-03,  1.5498102926944200e-02,  7.9876756812208589e-03, -4.2619611385118989e-03,  2.5183420766301237e-04,  9.8953923798733509e-02
    17,  1.0941e+03,  1.1264788727135608e-01,  1.6271498160886921e-03, -1.6429693139616047e-02, -8.7570885518715821e-02,  1.4822946159130088e-01,  1.3193539829039104e-02,  4.3881109343351711e-04,  1.0312679803181644e-02,  2.8914034084860367e-02,  4.8781759069444243e-03, -3.5610122850316559e-03, -8.1873227439779257e-05,  9.3027014535920674e-02,  4.7357699042735032e-03,  1.4287215778425367e-02,  7.6590069238477332e-02,  1.3848757336609471e-01,  8.8346432931810468e-03,  4.8891768353303601e-04, -7.3266596150705762e-03,  1.5498105514621096e-02,  7.9876769287895097e-03, -4.2619606127835552e-03,  2.5183421581519106e-04,  9.8953922236031902e-02
    18,  1.1648e+03,  1.1264788659746076e-01,  1.6271488959644705e-03, -1.6429694546121677e-02, -8.7570887249704160e-02,  1.4822945790498049e-01,  1.3193540603447459e-02,  4.3881140956719461e-04,  1.0312680060338237e-02,  2.8914034752490637e-02,  4.8781758447540699e-03, -3.5610122638480811e-03, -8.1872442723878233e-05,  9.3027015167374674e-02,  4.7357698812900599e-03,  1.4287215841887914e-02,  7.6590065693691492e-02,  1.3848756191521991e-01,  8.8346435458478458e-03,  4.8891805110027264e-04, -7.3266599398601933e-03,  1.5498106161532970e-02,  7.9876772406928150e-03, -4.2619604813272302e-03,  2.5183421788949452e-04,  9.8953921860775299e-02
    19,  1.2353e+03,  1.1264788642898974e-01,  1.6271486659347756e-03, -1.6429694897743503e-02, -8.7570887682440646e-02,  1.4822945698340770e-01,  1.3193540797048958e-02,  4.3881148858727692e-04,  1.0312680124627225e-02,  2.8914034919396196e-02,  4.8781758292093655e-03, -3.5610122585530623e-03, -8.1872246566218931e-05,  9.3027015325236079e-02,  4.7357698755485858e-03,  1.4287215857746175e-02,  7.6590064807510988e-02,  1.3848755905248997e-01,  8.8346436090307456e-03,  4.8891814300170192e-04, -7.3266600210540097e-03,  1.5498106323261100e-02,  7.9876773186710673e-03, -4.2619604484597558e-03,  2.5183421840835351e-04,  9.8953921754671589e-02
    20,  1.3057e+03,  1.1264788638687205e-01,  1.6271486084272675e-03, -1.6429694985648825e-02, -8.7570887790624108e-02,  1.4822945675301494e-01,  1.3193540845449566e-02,  4.3881150834004193e-04,  1.0312680140699387e-02,  2.8914034961122586e-02,  4.8781758253231130e-03, -3.5610122572293677e-03, -8.1872197528730614e-05,  9.3027015364701315e-02,  4.7357698741130006e-03,  1.4287215861709782e-02,  7.6590064585966858e-02,  1.3848755833680670e-01,  8.8346436248269346e-03,  4.8891816597640728e-04, -7.3266600413528548e-03,  1.5498106363692914e-02,  7.9876773381647153e-03, -4.2619604402425772e-03,  2.5183421853819756e-04,  9.8953921726966348e-02
