Problem type:
least_squares
nparams:
8
function_evaluation,seconds,x(0),x(1),x(2),x(3),x(4),x(5),x(6),x(7)
     0,  2.5520e+02,  1.7981978773720611e-01, -8.7317624295586732e-02,  1.3803904747342879e-01,  2.9031890841335770e-02,  1.5268742859250550e-01,  4.5172102831767418e-02,  1.3109680060010340e-01,  3.2701916078913547e-02
     1,  2.5520e+02,  1.8161798561457818e-01, -8.7317624295586732e-02,  1.3803904747342879e-01,  2.9031890841335770e-02,  1.5268742859250550e-01,  4.5172102831767418e-02,  1.3109680060010340e-01,  3.2701916078913547e-02
     2,  2.5520e+02,  1.7981978773720611e-01, -8.6444448052630865e-02,  1.3803904747342879e-01,  2.9031890841335770e-02,  1.5268742859250550e-01,  4.5172102831767418e-02,  1.3109680060010340e-01,  3.2701916078913547e-02
     3,  2.5520e+02,  1.7981978773720611e-01, -8.7317624295586732e-02,  1.3941943794816308e-01,  2.9031890841335770e-02,  1.5268742859250550e-01,  4.5172102831767418e-02,  1.3109680060010340e-01,  3.2701916078913547e-02
     4,  2.5520e+02,  1.7981978773720611e-01, -8.7317624295586732e-02,  1.3803904747342879e-01,  2.9322209749749126e-02,  1.5268742859250550e-01,  4.5172102831767418e-02,  1.3109680060010340e-01,  3.2701916078913547e-02
     5,  2.5520e+02,  1.7981978773720611e-01, -8.7317624295586732e-02,  1.3803904747342879e-01,  2.9031890841335770e-02,  1.5421430287843055e-01,  4.5172102831767418e-02,  1.3109680060010340e-01,  3.2701916078913547e-02
     6,  2.5520e+02,  1.7981978773720611e-01, -8.7317624295586732e-02,  1.3803904747342879e-01,  2.9031890841335770e-02,  1.5268742859250550e-01,  4.5623823860085094e-02,  1.3109680060010340e-01,  3.2701916078913547e-02
     7,  2.5520e+02,  1.7981978773720611e-01, -8.7317624295586732e-02,  1.3803904747342879e-01,  2.9031890841335770e-02,  1.5268742859250550e-01,  4.5172102831767418e-02,  1.3240776860610443e-01,  3.2701916078913547e-02
     8,  2.5520e+02,  1.7981978773720611e-01, -8.7317624295586732e-02,  1.3803904747342879e-01,  2.9031890841335770e-02,  1.5268742859250550e-01,  4.5172102831767418e-02,  1.3109680060010340e-01,  3.3028935239702684e-02
     9,  4.4433e+02,  1.0621063289856646e-01, -7.8896743326890548e-02,  1.2057299602290922e-01,  1.3266722827619488e-02,  8.2917753162942184e-02,  6.8634680026223277e-02,  1.6819402336748046e-01,  1.9751905150937686e-02
    10,  4.4433e+02,  1.0727273922755212e-01, -7.8896743326890548e-02,  1.2057299602290922e-01,  1.3266722827619488e-02,  8.2917753162942184e-02,  6.8634680026223277e-02,  1.6819402336748046e-01,  1.9751905150937686e-02
    11,  4.4433e+02,  1.0621063289856646e-01, -7.8107775893621639e-02,  1.2057299602290922e-01,  1.3266722827619488e-02,  8.2917753162942184e-02,  6.8634680026223277e-02,  1.6819402336748046e-01,  1.9751905150937686e-02
    12,  4.4433e+02,  1.0621063289856646e-01, -7.8896743326890548e-02,  1.2177872598313831e-01,  1.3266722827619488e-02,  8.2917753162942184e-02,  6.8634680026223277e-02,  1.6819402336748046e-01,  1.9751905150937686e-02
    13,  4.4433e+02,  1.0621063289856646e-01, -7.8896743326890548e-02,  1.2057299602290922e-01,  1.3399390055895683e-02,  8.2917753162942184e-02,  6.8634680026223277e-02,  1.6819402336748046e-01,  1.9751905150937686e-02
    14,  4.4433e+02,  1.0621063289856646e-01, -7.8896743326890548e-02,  1.2057299602290922e-01,  1.3266722827619488e-02,  8.3746930694571606e-02,  6.8634680026223277e-02,  1.6819402336748046e-01,  1.9751905150937686e-02
    15,  4.4433e+02,  1.0621063289856646e-01, -7.8896743326890548e-02,  1.2057299602290922e-01,  1.3266722827619488e-02,  8.2917753162942184e-02,  6.9321026826485513e-02,  1.6819402336748046e-01,  1.9751905150937686e-02
    16,  4.4433e+02,  1.0621063289856646e-01, -7.8896743326890548e-02,  1.2057299602290922e-01,  1.3266722827619488e-02,  8.2917753162942184e-02,  6.8634680026223277e-02,  1.6987596360115526e-01,  1.9751905150937686e-02
    17,  4.4433e+02,  1.0621063289856646e-01, -7.8896743326890548e-02,  1.2057299602290922e-01,  1.3266722827619488e-02,  8.2917753162942184e-02,  6.8634680026223277e-02,  1.6819402336748046e-01,  1.9949424202447063e-02
    18,  6.3065e+02,  1.2738513784516267e-01, -6.1435340834613821e-02,  1.2434910762842440e-01,  1.3565208078539446e-02,  1.2689784664680948e-01,  3.1965787912681100e-02,  1.3248491491780051e-01,  1.0310459840391896e-02
    19,  6.3065e+02,  1.2865898922361430e-01, -6.1435340834613821e-02,  1.2434910762842440e-01,  1.3565208078539446e-02,  1.2689784664680948e-01,  3.1965787912681100e-02,  1.3248491491780051e-01,  1.0310459840391896e-02
    20,  6.3065e+02,  1.2738513784516267e-01, -6.0820987426267681e-02,  1.2434910762842440e-01,  1.3565208078539446e-02,  1.2689784664680948e-01,  3.1965787912681100e-02,  1.3248491491780051e-01,  1.0310459840391896e-02
    21,  6.3065e+02,  1.2738513784516267e-01, -6.1435340834613821e-02,  1.2559259870470865e-01,  1.3565208078539446e-02,  1.2689784664680948e-01,  3.1965787912681100e-02,  1.3248491491780051e-01,  1.0310459840391896e-02
    22,  6.3065e+02,  1.2738513784516267e-01, -6.1435340834613821e-02,  1.2434910762842440e-01,  1.3700860159324840e-02,  1.2689784664680948e-01,  3.1965787912681100e-02,  1.3248491491780051e-01,  1.0310459840391896e-02
    23,  6.3065e+02,  1.2738513784516267e-01, -6.1435340834613821e-02,  1.2434910762842440e-01,  1.3565208078539446e-02,  1.2816682511327757e-01,  3.1965787912681100e-02,  1.3248491491780051e-01,  1.0310459840391896e-02
    24,  6.3065e+02,  1.2738513784516267e-01, -6.1435340834613821e-02,  1.2434910762842440e-01,  1.3565208078539446e-02,  1.2689784664680948e-01,  3.2285445791807914e-02,  1.3248491491780051e-01,  1.0310459840391896e-02
    25,  6.3065e+02,  1.2738513784516267e-01, -6.1435340834613821e-02,  1.2434910762842440e-01,  1.3565208078539446e-02,  1.2689784664680948e-01,  3.1965787912681100e-02,  1.3380976406697850e-01,  1.0310459840391896e-02
    26,  6.3065e+02,  1.2738513784516267e-01, -6.1435340834613821e-02,  1.2434910762842440e-01,  1.3565208078539446e-02,  1.2689784664680948e-01,  3.1965787912681100e-02,  1.3248491491780051e-01,  1.0413564438795814e-02
    27,  8.1645e+02,  1.2742491572260364e-01, -5.9443959035347278e-02,  1.2959941900159233e-01,  8.1792120970187523e-03,  1.3097273479425670e-01,  4.5729558234238431e-02,  1.3980439928371566e-01,  6.0667849242429846e-03
    28,  8.1645e+02,  1.2869916487982969e-01, -5.9443959035347278e-02,  1.2959941900159233e-01,  8.1792120970187523e-03,  1.3097273479425670e-01,  4.5729558234238431e-02,  1.3980439928371566e-01,  6.0667849242429846e-03
    29,  8.1645e+02,  1.2742491572260364e-01, -5.8849519444993809e-02,  1.2959941900159233e-01,  8.1792120970187523e-03,  1.3097273479425670e-01,  4.5729558234238431e-02,  1.3980439928371566e-01,  6.0667849242429846e-03
    30,  8.1645e+02,  1.2742491572260364e-01, -5.9443959035347278e-02,  1.3089541319160825e-01,  8.1792120970187523e-03,  1.3097273479425670e-01,  4.5729558234238431e-02,  1.3980439928371566e-01,  6.0667849242429846e-03
    31,  8.1645e+02,  1.2742491572260364e-01, -5.9443959035347278e-02,  1.2959941900159233e-01,  8.2792120970187517e-03,  1.3097273479425670e-01,  4.5729558234238431e-02,  1.3980439928371566e-01,  6.0667849242429846e-03
    32,  8.1645e+02,  1.2742491572260364e-01, -5.9443959035347278e-02,  1.2959941900159233e-01,  8.1792120970187523e-03,  1.3228246214219927e-01,  4.5729558234238431e-02,  1.3980439928371566e-01,  6.0667849242429846e-03
    33,  8.1645e+02,  1.2742491572260364e-01, -5.9443959035347278e-02,  1.2959941900159233e-01,  8.1792120970187523e-03,  1.3097273479425670e-01,  4.6186853816580817e-02,  1.3980439928371566e-01,  6.0667849242429846e-03
    34,  8.1645e+02,  1.2742491572260364e-01, -5.9443959035347278e-02,  1.2959941900159233e-01,  8.1792120970187523e-03,  1.3097273479425670e-01,  4.5729558234238431e-02,  1.4120244327655282e-01,  6.0667849242429846e-03
    35,  8.1645e+02,  1.2742491572260364e-01, -5.9443959035347278e-02,  1.2959941900159233e-01,  8.1792120970187523e-03,  1.3097273479425670e-01,  4.5729558234238431e-02,  1.3980439928371566e-01,  6.1667849242429849e-03
    36,  1.0024e+03,  1.2670555643988202e-01, -5.7131991589820109e-02,  1.3028422070824772e-01,  6.6500429929062122e-03,  1.3147241954200051e-01,  4.6312895930087479e-02,  1.3869314284457718e-01,  2.8047479910780454e-03
    37,  1.0024e+03,  1.2797261200428084e-01, -5.7131991589820109e-02,  1.3028422070824772e-01,  6.6500429929062122e-03,  1.3147241954200051e-01,  4.6312895930087479e-02,  1.3869314284457718e-01,  2.8047479910780454e-03
    38,  1.0024e+03,  1.2670555643988202e-01, -5.6560671673921911e-02,  1.3028422070824772e-01,  6.6500429929062122e-03,  1.3147241954200051e-01,  4.6312895930087479e-02,  1.3869314284457718e-01,  2.8047479910780454e-03
    39,  1.0024e+03,  1.2670555643988202e-01, -5.7131991589820109e-02,  1.3158706291533021e-01,  6.6500429929062122e-03,  1.3147241954200051e-01,  4.6312895930087479e-02,  1.3869314284457718e-01,  2.8047479910780454e-03
    40,  1.0024e+03,  1.2670555643988202e-01, -5.7131991589820109e-02,  1.3028422070824772e-01,  6.7500429929062125e-03,  1.3147241954200051e-01,  4.6312895930087479e-02,  1.3869314284457718e-01,  2.8047479910780454e-03
    41,  1.0024e+03,  1.2670555643988202e-01, -5.7131991589820109e-02,  1.3028422070824772e-01,  6.6500429929062122e-03,  1.3278714373742051e-01,  4.6312895930087479e-02,  1.3869314284457718e-01,  2.8047479910780454e-03
    42,  1.0024e+03,  1.2670555643988202e-01, -5.7131991589820109e-02,  1.3028422070824772e-01,  6.6500429929062122e-03,  1.3147241954200051e-01,  4.6776024889388354e-02,  1.3869314284457718e-01,  2.8047479910780454e-03
    43,  1.0024e+03,  1.2670555643988202e-01, -5.7131991589820109e-02,  1.3028422070824772e-01,  6.6500429929062122e-03,  1.3147241954200051e-01,  4.6312895930087479e-02,  1.4008007427302294e-01,  2.8047479910780454e-03
    44,  1.0024e+03,  1.2670555643988202e-01, -5.7131991589820109e-02,  1.3028422070824772e-01,  6.6500429929062122e-03,  1.3147241954200051e-01,  4.6312895930087479e-02,  1.3869314284457718e-01,  2.9047479910780452e-03
    45,  1.1874e+03,  1.2668038009996646e-01, -5.7346506297180994e-02,  1.3015058549247599e-01,  5.6754575381374106e-03,  1.3141687590547449e-01,  4.6288031256991206e-02,  1.3866189598117132e-01,  2.2552231114257981e-03
    46,  1.1874e+03,  1.2794718390096613e-01, -5.7346506297180994e-02,  1.3015058549247599e-01,  5.6754575381374106e-03,  1.3141687590547449e-01,  4.6288031256991206e-02,  1.3866189598117132e-01,  2.2552231114257981e-03
    47,  1.1874e+03,  1.2668038009996646e-01, -5.6773041234209183e-02,  1.3015058549247599e-01,  5.6754575381374106e-03,  1.3141687590547449e-01,  4.6288031256991206e-02,  1.3866189598117132e-01,  2.2552231114257981e-03
    48,  1.1874e+03,  1.2668038009996646e-01, -5.7346506297180994e-02,  1.3145209134740074e-01,  5.6754575381374106e-03,  1.3141687590547449e-01,  4.6288031256991206e-02,  1.3866189598117132e-01,  2.2552231114257981e-03
    49,  1.1874e+03,  1.2668038009996646e-01, -5.7346506297180994e-02,  1.3015058549247599e-01,  5.7754575381374108e-03,  1.3141687590547449e-01,  4.6288031256991206e-02,  1.3866189598117132e-01,  2.2552231114257981e-03
    50,  1.1874e+03,  1.2668038009996646e-01, -5.7346506297180994e-02,  1.3015058549247599e-01,  5.6754575381374106e-03,  1.3273104466452923e-01,  4.6288031256991206e-02,  1.3866189598117132e-01,  2.2552231114257981e-03
    51,  1.1874e+03,  1.2668038009996646e-01, -5.7346506297180994e-02,  1.3015058549247599e-01,  5.6754575381374106e-03,  1.3141687590547449e-01,  4.6750911569561120e-02,  1.3866189598117132e-01,  2.2552231114257981e-03
    52,  1.1874e+03,  1.2668038009996646e-01, -5.7346506297180994e-02,  1.3015058549247599e-01,  5.6754575381374106e-03,  1.3141687590547449e-01,  4.6288031256991206e-02,  1.4004851494098303e-01,  2.2552231114257981e-03
    53,  1.1874e+03,  1.2668038009996646e-01, -5.7346506297180994e-02,  1.3015058549247599e-01,  5.6754575381374106e-03,  1.3141687590547449e-01,  4.6288031256991206e-02,  1.3866189598117132e-01,  2.3552231114257979e-03
