  -1.0928515484116483E-004  -383.21098194884058     
  -1.0109285154841165E-002   0.0000000000000000     
   116668.51908614795        6963.3328837295967     
 
   11540728.874412784      -0.64210661771985855     
   688805.66499748919        3377.4590927681224     
 
   8.6648656599135501E-008   1.6473234550189761E-011
  -1.7671297827915451E-005   2.9607720646681262E-004
 
  -450.86932751665648        427.22003282401522     
 
 
  -1.0635643264167438E-004  -484.71287651407687     
  -1.0106356432641675E-002   0.0000000000000000     
   116427.02490412655        4106.1106258863210     
 
   11520177.987003172      -0.73028736105738390     
   406289.90806462185        3402.8897320745209     
 
   8.6803557415516283E-008   1.8628737886468272E-011
  -1.0363958911043521E-005   2.9386565832744934E-004
 
  -1229.6808007494994        1160.6273435199403     
 
 
