  0.28595959809972016       -5.3371014489506305E-003
  -5.5511151231257827E-017  -8.2130482970121932E-015
   8.0829920534597477E-010   9.9475983006414026E-013
 
   10460905.659219207       -1.1319637795341493     
  -326172.08494639571        3189.6249223776122     
 
   9.5595075434529170E-008   3.3925670110785211E-011
   9.7755835949030045E-006   3.1351995608973495E-004
 
   249.49225528692656        461.15671063731799     
 
 
  0.38076472942271156        2.6139599410490540E-002
   5.5511151231257827E-017   4.0141501234103316E-015
  -7.0167516241781414E-010   1.1183942660863977E-011
 
   10463231.253596637       0.77143841308968097     
  -356308.10774875019        3166.4949741662076     
 
   9.5571977678061534E-008  -2.3283755508002985E-011
   1.0754184294653003E-005   3.1580397631057305E-004
 
   463.29318487588688        988.97084847582744     
 
 
