Problem type:
least_squares
nparams:
8
function_evaluation,seconds,x(0),x(1),x(2),x(3),x(4),x(5),x(6),x(7)
     0,  9.1972e+00,  1.3015827346154271e-01, -8.1457441913000167e-02,  1.6416533097091621e-01,  2.2248218278970570e-03,  1.1397577430357700e-01,  7.6165216576151565e-02,  1.5826223398724620e-01,  5.4905173990073214e-03
     1,  9.1974e+00,  1.3015957504427733e-01, -8.1457441913000167e-02,  1.6416533097091621e-01,  2.2248218278970570e-03,  1.1397577430357700e-01,  7.6165216576151565e-02,  1.5826223398724620e-01,  5.4905173990073214e-03
     2,  9.1974e+00,  1.3015827346154271e-01, -8.1456627338581042e-02,  1.6416533097091621e-01,  2.2248218278970570e-03,  1.1397577430357700e-01,  7.6165216576151565e-02,  1.5826223398724620e-01,  5.4905173990073214e-03
     3,  9.1974e+00,  1.3015827346154271e-01, -8.1457441913000167e-02,  1.6416697262422592e-01,  2.2248218278970570e-03,  1.1397577430357700e-01,  7.6165216576151565e-02,  1.5826223398724620e-01,  5.4905173990073214e-03
     4,  9.1975e+00,  1.3015827346154271e-01, -8.1457441913000167e-02,  1.6416533097091621e-01,  2.2249218278970568e-03,  1.1397577430357700e-01,  7.6165216576151565e-02,  1.5826223398724620e-01,  5.4905173990073214e-03
     5,  9.1975e+00,  1.3015827346154271e-01, -8.1457441913000167e-02,  1.6416533097091621e-01,  2.2248218278970570e-03,  1.1397691406132003e-01,  7.6165216576151565e-02,  1.5826223398724620e-01,  5.4905173990073214e-03
     6,  9.1975e+00,  1.3015827346154271e-01, -8.1457441913000167e-02,  1.6416533097091621e-01,  2.2248218278970570e-03,  1.1397577430357700e-01,  7.6165978228317333e-02,  1.5826223398724620e-01,  5.4905173990073214e-03
     7,  9.1976e+00,  1.3015827346154271e-01, -8.1457441913000167e-02,  1.6416533097091621e-01,  2.2248218278970570e-03,  1.1397577430357700e-01,  7.6165216576151565e-02,  1.5826381660958608e-01,  5.4905173990073214e-03
     8,  9.1976e+00,  1.3015827346154271e-01, -8.1457441913000167e-02,  1.6416533097091621e-01,  2.2248218278970570e-03,  1.1397577430357700e-01,  7.6165216576151565e-02,  1.5826223398724620e-01,  5.4906173990073217e-03
     9,  2.2206e+01,  1.2122928677346394e-01, -7.3612093245639110e-02,  1.4913745087200422e-01,  2.5679231909613541e-03,  1.1697082988972014e-01,  7.6025216569834339e-02,  1.7071633209319068e-01,  2.6785321529056555e-03
    10,  2.2206e+01,  1.2123049906633167e-01, -7.3612093245639110e-02,  1.4913745087200422e-01,  2.5679231909613541e-03,  1.1697082988972014e-01,  7.6025216569834339e-02,  1.7071633209319068e-01,  2.6785321529056555e-03
    11,  2.2206e+01,  1.2122928677346394e-01, -7.3611357124706650e-02,  1.4913745087200422e-01,  2.5679231909613541e-03,  1.1697082988972014e-01,  7.6025216569834339e-02,  1.7071633209319068e-01,  2.6785321529056555e-03
    12,  2.2206e+01,  1.2122928677346394e-01, -7.3612093245639110e-02,  1.4913894224651295e-01,  2.5679231909613541e-03,  1.1697082988972014e-01,  7.6025216569834339e-02,  1.7071633209319068e-01,  2.6785321529056555e-03
    13,  2.2206e+01,  1.2122928677346394e-01, -7.3612093245639110e-02,  1.4913745087200422e-01,  2.5680231909613539e-03,  1.1697082988972014e-01,  7.6025216569834339e-02,  1.7071633209319068e-01,  2.6785321529056555e-03
    14,  2.2206e+01,  1.2122928677346394e-01, -7.3612093245639110e-02,  1.4913745087200422e-01,  2.5679231909613541e-03,  1.1697199959801904e-01,  7.6025216569834339e-02,  1.7071633209319068e-01,  2.6785321529056555e-03
    15,  2.2206e+01,  1.2122928677346394e-01, -7.3612093245639110e-02,  1.4913745087200422e-01,  2.5679231909613541e-03,  1.1697082988972014e-01,  7.6025976822000033e-02,  1.7071633209319068e-01,  2.6785321529056555e-03
    16,  2.2207e+01,  1.2122928677346394e-01, -7.3612093245639110e-02,  1.4913745087200422e-01,  2.5679231909613541e-03,  1.1697082988972014e-01,  7.6025216569834339e-02,  1.7071803925651161e-01,  2.6785321529056555e-03
    17,  2.2207e+01,  1.2122928677346394e-01, -7.3612093245639110e-02,  1.4913745087200422e-01,  2.5679231909613541e-03,  1.1697082988972014e-01,  7.6025216569834339e-02,  1.7071633209319068e-01,  2.6786321529056554e-03
    18,  4.2160e+01,  1.1054408169739272e-01, -8.3165803970052743e-02,  1.5593740178963414e-01,  2.9482756521881492e-03,  1.0839905156482860e-01,  8.3417530103876494e-02,  1.7279838545660400e-01,  2.5196780804798377e-03
    19,  4.2162e+01,  1.1054518713820968e-01, -8.3165803970052743e-02,  1.5593740178963414e-01,  2.9482756521881492e-03,  1.0839905156482860e-01,  8.3417530103876494e-02,  1.7279838545660400e-01,  2.5196780804798377e-03
    20,  4.2162e+01,  1.1054408169739272e-01, -8.3164972312013044e-02,  1.5593740178963414e-01,  2.9482756521881492e-03,  1.0839905156482860e-01,  8.3417530103876494e-02,  1.7279838545660400e-01,  2.5196780804798377e-03
    21,  4.2162e+01,  1.1054408169739272e-01, -8.3165803970052743e-02,  1.5593896116365202e-01,  2.9482756521881492e-03,  1.0839905156482860e-01,  8.3417530103876494e-02,  1.7279838545660400e-01,  2.5196780804798377e-03
    22,  4.2162e+01,  1.1054408169739272e-01, -8.3165803970052743e-02,  1.5593740178963414e-01,  2.9483756521881490e-03,  1.0839905156482860e-01,  8.3417530103876494e-02,  1.7279838545660400e-01,  2.5196780804798377e-03
    23,  4.2162e+01,  1.1054408169739272e-01, -8.3165803970052743e-02,  1.5593740178963414e-01,  2.9482756521881492e-03,  1.0840013555534425e-01,  8.3417530103876494e-02,  1.7279838545660400e-01,  2.5196780804798377e-03
    24,  4.2162e+01,  1.1054408169739272e-01, -8.3165803970052743e-02,  1.5593740178963414e-01,  2.9482756521881492e-03,  1.0839905156482860e-01,  8.3418364279177537e-02,  1.7279838545660400e-01,  2.5196780804798377e-03
    25,  4.2162e+01,  1.1054408169739272e-01, -8.3165803970052743e-02,  1.5593740178963414e-01,  2.9482756521881492e-03,  1.0839905156482860e-01,  8.3417530103876494e-02,  1.7280011344045856e-01,  2.5196780804798377e-03
    26,  4.2162e+01,  1.1054408169739272e-01, -8.3165803970052743e-02,  1.5593740178963414e-01,  2.9482756521881492e-03,  1.0839905156482860e-01,  8.3417530103876494e-02,  1.7279838545660400e-01,  2.5197780804798375e-03
    27,  6.2413e+01,  1.1367138167797236e-01, -7.8819767552470124e-02,  1.5420164294890534e-01,  1.6637826465696268e-03,  1.1070472618929876e-01,  8.1045996805021739e-02,  1.7157121409914639e-01,  1.4634787961626372e-03
    28,  6.2413e+01,  1.1367251839178914e-01, -7.8819767552470124e-02,  1.5420164294890534e-01,  1.6637826465696268e-03,  1.1070472618929876e-01,  8.1045996805021739e-02,  1.7157121409914639e-01,  1.4634787961626372e-03
    29,  6.2413e+01,  1.1367138167797236e-01, -7.8818979354794594e-02,  1.5420164294890534e-01,  1.6637826465696268e-03,  1.1070472618929876e-01,  8.1045996805021739e-02,  1.7157121409914639e-01,  1.4634787961626372e-03
    30,  6.2413e+01,  1.1367138167797236e-01, -7.8819767552470124e-02,  1.5420318496533483e-01,  1.6637826465696268e-03,  1.1070472618929876e-01,  8.1045996805021739e-02,  1.7157121409914639e-01,  1.4634787961626372e-03
    31,  6.2413e+01,  1.1367138167797236e-01, -7.8819767552470124e-02,  1.5420164294890534e-01,  1.6638826465696268e-03,  1.1070472618929876e-01,  8.1045996805021739e-02,  1.7157121409914639e-01,  1.4634787961626372e-03
    32,  6.2413e+01,  1.1367138167797236e-01, -7.8819767552470124e-02,  1.5420164294890534e-01,  1.6637826465696268e-03,  1.1070583323656065e-01,  8.1045996805021739e-02,  1.7157121409914639e-01,  1.4634787961626372e-03
    33,  6.2413e+01,  1.1367138167797236e-01, -7.8819767552470124e-02,  1.5420164294890534e-01,  1.6637826465696268e-03,  1.1070472618929876e-01,  8.1046807264989792e-02,  1.7157121409914639e-01,  1.4634787961626372e-03
    34,  6.2413e+01,  1.1367138167797236e-01, -7.8819767552470124e-02,  1.5420164294890534e-01,  1.6637826465696268e-03,  1.1070472618929876e-01,  8.1045996805021739e-02,  1.7157292981128738e-01,  1.4634787961626372e-03
    35,  6.2413e+01,  1.1367138167797236e-01, -7.8819767552470124e-02,  1.5420164294890534e-01,  1.6637826465696268e-03,  1.1070472618929876e-01,  8.1045996805021739e-02,  1.7157121409914639e-01,  1.4635787961626372e-03
    36,  8.0990e+01,  1.1439095128784220e-01, -7.7924916518593970e-02,  1.5416159410662000e-01,  1.2289155493271529e-03,  1.1136562653213991e-01,  8.0648352233000764e-02,  1.7093644116080237e-01,  1.0037756465852102e-03
    37,  8.1001e+01,  1.1439209519735508e-01, -7.7924916518593970e-02,  1.5416159410662000e-01,  1.2289155493271529e-03,  1.1136562653213991e-01,  8.0648352233000764e-02,  1.7093644116080237e-01,  1.0037756465852102e-03
    38,  8.1001e+01,  1.1439095128784220e-01, -7.7924137269428789e-02,  1.5416159410662000e-01,  1.2289155493271529e-03,  1.1136562653213991e-01,  8.0648352233000764e-02,  1.7093644116080237e-01,  1.0037756465852102e-03
    39,  8.1001e+01,  1.1439095128784220e-01, -7.7924916518593970e-02,  1.5416313572256107e-01,  1.2289155493271529e-03,  1.1136562653213991e-01,  8.0648352233000764e-02,  1.7093644116080237e-01,  1.0037756465852102e-03
    40,  8.1001e+01,  1.1439095128784220e-01, -7.7924916518593970e-02,  1.5416159410662000e-01,  1.2290155493271530e-03,  1.1136562653213991e-01,  8.0648352233000764e-02,  1.7093644116080237e-01,  1.0037756465852102e-03
    41,  8.1001e+01,  1.1439095128784220e-01, -7.7924916518593970e-02,  1.5416159410662000e-01,  1.2289155493271529e-03,  1.1136674018840523e-01,  8.0648352233000764e-02,  1.7093644116080237e-01,  1.0037756465852102e-03
    42,  8.1001e+01,  1.1439095128784220e-01, -7.7924916518593970e-02,  1.5416159410662000e-01,  1.2289155493271529e-03,  1.1136562653213991e-01,  8.0649158716523089e-02,  1.7093644116080237e-01,  1.0037756465852102e-03
    43,  8.1001e+01,  1.1439095128784220e-01, -7.7924916518593970e-02,  1.5416159410662000e-01,  1.2289155493271529e-03,  1.1136562653213991e-01,  8.0648352233000764e-02,  1.7093815052521397e-01,  1.0037756465852102e-03
    44,  8.1001e+01,  1.1439095128784220e-01, -7.7924916518593970e-02,  1.5416159410662000e-01,  1.2289155493271529e-03,  1.1136562653213991e-01,  8.0648352233000764e-02,  1.7093644116080237e-01,  1.0038756465852103e-03
    45,  9.9646e+01,  1.1463846602602625e-01, -7.7574138089487918e-02,  1.5417726176064872e-01,  1.0108424234591528e-03,  1.1160701824597392e-01,  8.0590383612040919e-02,  1.7069829051651123e-01,  7.7326101570442043e-04
    46,  9.9647e+01,  1.1463961241068650e-01, -7.7574138089487918e-02,  1.5417726176064872e-01,  1.0108424234591528e-03,  1.1160701824597392e-01,  8.0590383612040919e-02,  1.7069829051651123e-01,  7.7326101570442043e-04
    47,  9.9647e+01,  1.1463846602602625e-01, -7.7573362348107022e-02,  1.5417726176064872e-01,  1.0108424234591528e-03,  1.1160701824597392e-01,  8.0590383612040919e-02,  1.7069829051651123e-01,  7.7326101570442043e-04
    48,  9.9647e+01,  1.1463846602602625e-01, -7.7574138089487918e-02,  1.5417880353326632e-01,  1.0108424234591528e-03,  1.1160701824597392e-01,  8.0590383612040919e-02,  1.7069829051651123e-01,  7.7326101570442043e-04
    49,  9.9647e+01,  1.1463846602602625e-01, -7.7574138089487918e-02,  1.5417726176064872e-01,  1.0109424234591529e-03,  1.1160701824597392e-01,  8.0590383612040919e-02,  1.7069829051651123e-01,  7.7326101570442043e-04
    50,  9.9647e+01,  1.1463846602602625e-01, -7.7574138089487918e-02,  1.5417726176064872e-01,  1.0108424234591528e-03,  1.1160813431615639e-01,  8.0590383612040919e-02,  1.7069829051651123e-01,  7.7326101570442043e-04
    51,  9.9647e+01,  1.1463846602602625e-01, -7.7574138089487918e-02,  1.5417726176064872e-01,  1.0108424234591528e-03,  1.1160701824597392e-01,  8.0591189515877043e-02,  1.7069829051651123e-01,  7.7326101570442043e-04
    52,  9.9647e+01,  1.1463846602602625e-01, -7.7574138089487918e-02,  1.5417726176064872e-01,  1.0108424234591528e-03,  1.1160701824597392e-01,  8.0590383612040919e-02,  1.7069999749941639e-01,  7.7326101570442043e-04
    53,  9.9647e+01,  1.1463846602602625e-01, -7.7574138089487918e-02,  1.5417726176064872e-01,  1.0108424234591528e-03,  1.1160701824597392e-01,  8.0590383612040919e-02,  1.7069829051651123e-01,  7.7336101570442037e-04
    54,  1.1557e+02,  1.1509695175335700e-01, -7.6887085961702600e-02,  1.5406938863511446e-01,  7.3547262686810542e-04,  1.1206228079039299e-01,  8.0253331624840843e-02,  1.7028356098260533e-01,  4.8250276565464851e-04
    55,  1.1557e+02,  1.1509810272287453e-01, -7.6887085961702600e-02,  1.5406938863511446e-01,  7.3547262686810542e-04,  1.1206228079039299e-01,  8.0253331624840843e-02,  1.7028356098260533e-01,  4.8250276565464851e-04
    56,  1.1557e+02,  1.1509695175335700e-01, -7.6886317090842982e-02,  1.5406938863511446e-01,  7.3547262686810542e-04,  1.1206228079039299e-01,  8.0253331624840843e-02,  1.7028356098260533e-01,  4.8250276565464851e-04
    57,  1.1557e+02,  1.1509695175335700e-01, -7.6887085961702600e-02,  1.5407092932900082e-01,  7.3547262686810542e-04,  1.1206228079039299e-01,  8.0253331624840843e-02,  1.7028356098260533e-01,  4.8250276565464851e-04
    58,  1.1557e+02,  1.1509695175335700e-01, -7.6887085961702600e-02,  1.5406938863511446e-01,  7.3557262686810537e-04,  1.1206228079039299e-01,  8.0253331624840843e-02,  1.7028356098260533e-01,  4.8250276565464851e-04
    59,  1.1557e+02,  1.1509695175335700e-01, -7.6887085961702600e-02,  1.5406938863511446e-01,  7.3547262686810542e-04,  1.1206340141320090e-01,  8.0253331624840843e-02,  1.7028356098260533e-01,  4.8250276565464851e-04
    60,  1.1557e+02,  1.1509695175335700e-01, -7.6887085961702600e-02,  1.5406938863511446e-01,  7.3547262686810542e-04,  1.1206228079039299e-01,  8.0254134158157089e-02,  1.7028356098260533e-01,  4.8250276565464851e-04
    61,  1.1557e+02,  1.1509695175335700e-01, -7.6887085961702600e-02,  1.5406938863511446e-01,  7.3547262686810542e-04,  1.1206228079039299e-01,  8.0253331624840843e-02,  1.7028526381821515e-01,  4.8250276565464851e-04
    62,  1.1557e+02,  1.1509695175335700e-01, -7.6887085961702600e-02,  1.5406938863511446e-01,  7.3547262686810542e-04,  1.1206228079039299e-01,  8.0253331624840843e-02,  1.7028356098260533e-01,  4.8260276565464851e-04
    63,  1.3124e+02,  1.1499774474750817e-01, -7.7033910172256206e-02,  1.5415049860101226e-01,  7.2739788792860224e-04,  1.1195746121641331e-01,  8.0427658804596514e-02,  1.7035204642705642e-01,  4.7331190095613735e-04
    64,  1.3124e+02,  1.1499889472495564e-01, -7.7033910172256206e-02,  1.5415049860101226e-01,  7.2739788792860224e-04,  1.1195746121641331e-01,  8.0427658804596514e-02,  1.7035204642705642e-01,  4.7331190095613735e-04
    65,  1.3124e+02,  1.1499774474750817e-01, -7.7033139833154490e-02,  1.5415049860101226e-01,  7.2739788792860224e-04,  1.1195746121641331e-01,  8.0427658804596514e-02,  1.7035204642705642e-01,  4.7331190095613735e-04
    66,  1.3124e+02,  1.1499774474750817e-01, -7.7033910172256206e-02,  1.5415204010599828e-01,  7.2739788792860224e-04,  1.1195746121641331e-01,  8.0427658804596514e-02,  1.7035204642705642e-01,  4.7331190095613735e-04
    67,  1.3124e+02,  1.1499774474750817e-01, -7.7033910172256206e-02,  1.5415049860101226e-01,  7.2749788792860219e-04,  1.1195746121641331e-01,  8.0427658804596514e-02,  1.7035204642705642e-01,  4.7331190095613735e-04
    68,  1.3124e+02,  1.1499774474750817e-01, -7.7033910172256206e-02,  1.5415049860101226e-01,  7.2739788792860224e-04,  1.1195858079102547e-01,  8.0427658804596514e-02,  1.7035204642705642e-01,  4.7331190095613735e-04
    69,  1.3124e+02,  1.1499774474750817e-01, -7.7033910172256206e-02,  1.5415049860101226e-01,  7.2739788792860224e-04,  1.1195746121641331e-01,  8.0428463081184565e-02,  1.7035204642705642e-01,  4.7331190095613735e-04
    70,  1.3124e+02,  1.1499774474750817e-01, -7.7033910172256206e-02,  1.5415049860101226e-01,  7.2739788792860224e-04,  1.1195746121641331e-01,  8.0427658804596514e-02,  1.7035374994752070e-01,  4.7331190095613735e-04
    71,  1.3124e+02,  1.1499774474750817e-01, -7.7033910172256206e-02,  1.5415049860101226e-01,  7.2739788792860224e-04,  1.1195746121641331e-01,  8.0427658804596514e-02,  1.7035204642705642e-01,  4.7341190095613736e-04
    72,  1.4705e+02,  1.1475202414336474e-01, -7.7286146671797062e-02,  1.5425861941090283e-01,  7.2573462691419093e-04,  1.1168026852617927e-01,  8.0735974875961181e-02,  1.7052276005589431e-01,  4.8027615886178611e-04
    73,  1.4705e+02,  1.1475317166360618e-01, -7.7286146671797062e-02,  1.5425861941090283e-01,  7.2573462691419093e-04,  1.1168026852617927e-01,  8.0735974875961181e-02,  1.7052276005589431e-01,  4.8027615886178611e-04
    74,  1.4705e+02,  1.1475202414336474e-01, -7.7285373810330349e-02,  1.5425861941090283e-01,  7.2573462691419093e-04,  1.1168026852617927e-01,  8.0735974875961181e-02,  1.7052276005589431e-01,  4.8027615886178611e-04
    75,  1.4705e+02,  1.1475202414336474e-01, -7.7286146671797062e-02,  1.5426016199709694e-01,  7.2573462691419093e-04,  1.1168026852617927e-01,  8.0735974875961181e-02,  1.7052276005589431e-01,  4.8027615886178611e-04
    76,  1.4705e+02,  1.1475202414336474e-01, -7.7286146671797062e-02,  1.5425861941090283e-01,  7.2583462691419088e-04,  1.1168026852617927e-01,  8.0735974875961181e-02,  1.7052276005589431e-01,  4.8027615886178611e-04
    77,  1.4705e+02,  1.1475202414336474e-01, -7.7286146671797062e-02,  1.5425861941090283e-01,  7.2573462691419093e-04,  1.1168138532886453e-01,  8.0735974875961181e-02,  1.7052276005589431e-01,  4.8027615886178611e-04
    78,  1.4705e+02,  1.1475202414336474e-01, -7.7286146671797062e-02,  1.5425861941090283e-01,  7.2573462691419093e-04,  1.1168026852617927e-01,  8.0736782235709945e-02,  1.7052276005589431e-01,  4.8027615886178611e-04
    79,  1.4705e+02,  1.1475202414336474e-01, -7.7286146671797062e-02,  1.5425861941090283e-01,  7.2573462691419093e-04,  1.1168026852617927e-01,  8.0735974875961181e-02,  1.7052446528349488e-01,  4.8027615886178611e-04
    80,  1.4705e+02,  1.1475202414336474e-01, -7.7286146671797062e-02,  1.5425861941090283e-01,  7.2573462691419093e-04,  1.1168026852617927e-01,  8.0735974875961181e-02,  1.7052276005589431e-01,  4.8037615886178611e-04
    81,  1.6582e+02,  1.1477612499068229e-01, -7.7202185614255403e-02,  1.5423636909414681e-01,  6.9425245552292680e-04,  1.1169659701608280e-01,  8.0703022114435058e-02,  1.7049014406670537e-01,  4.4923677738462422e-04
    82,  1.6582e+02,  1.1477727275193220e-01, -7.7202185614255403e-02,  1.5423636909414681e-01,  6.9425245552292680e-04,  1.1169659701608280e-01,  8.0703022114435058e-02,  1.7049014406670537e-01,  4.4923677738462422e-04
    83,  1.6582e+02,  1.1477612499068229e-01, -7.7201413592399265e-02,  1.5423636909414681e-01,  6.9425245552292680e-04,  1.1169659701608280e-01,  8.0703022114435058e-02,  1.7049014406670537e-01,  4.4923677738462422e-04
    84,  1.6582e+02,  1.1477612499068229e-01, -7.7202185614255403e-02,  1.5423791145783775e-01,  6.9425245552292680e-04,  1.1169659701608280e-01,  8.0703022114435058e-02,  1.7049014406670537e-01,  4.4923677738462422e-04
    85,  1.6582e+02,  1.1477612499068229e-01, -7.7202185614255403e-02,  1.5423636909414681e-01,  6.9435245552292675e-04,  1.1169659701608280e-01,  8.0703022114435058e-02,  1.7049014406670537e-01,  4.4923677738462422e-04
    86,  1.6582e+02,  1.1477612499068229e-01, -7.7202185614255403e-02,  1.5423636909414681e-01,  6.9425245552292680e-04,  1.1169771398205296e-01,  8.0703022114435058e-02,  1.7049014406670537e-01,  4.4923677738462422e-04
    87,  1.6582e+02,  1.1477612499068229e-01, -7.7202185614255403e-02,  1.5423636909414681e-01,  6.9425245552292680e-04,  1.1169659701608280e-01,  8.0703829144656208e-02,  1.7049014406670537e-01,  4.4923677738462422e-04
    88,  1.6582e+02,  1.1477612499068229e-01, -7.7202185614255403e-02,  1.5423636909414681e-01,  6.9425245552292680e-04,  1.1169659701608280e-01,  8.0703022114435058e-02,  1.7049184896814604e-01,  4.4923677738462422e-04
    89,  1.6582e+02,  1.1477612499068229e-01, -7.7202185614255403e-02,  1.5423636909414681e-01,  6.9425245552292680e-04,  1.1169659701608280e-01,  8.0703022114435058e-02,  1.7049014406670537e-01,  4.4933677738462422e-04
    90,  1.8150e+02,  1.1480800234359756e-01, -7.7122439128232897e-02,  1.5421834690791070e-01,  6.6025778663462347e-04,  1.1171762889084853e-01,  8.0676044501621247e-02,  1.7045372254930569e-01,  4.1542108407796320e-04
    91,  1.8150e+02,  1.1480915042362100e-01, -7.7122439128232897e-02,  1.5421834690791070e-01,  6.6025778663462347e-04,  1.1171762889084853e-01,  8.0676044501621247e-02,  1.7045372254930569e-01,  4.1542108407796320e-04
    92,  1.8150e+02,  1.1480800234359756e-01, -7.7121667903841618e-02,  1.5421834690791070e-01,  6.6025778663462347e-04,  1.1171762889084853e-01,  8.0676044501621247e-02,  1.7045372254930569e-01,  4.1542108407796320e-04
    93,  1.8150e+02,  1.1480800234359756e-01, -7.7122439128232897e-02,  1.5421988909137976e-01,  6.6025778663462347e-04,  1.1171762889084853e-01,  8.0676044501621247e-02,  1.7045372254930569e-01,  4.1542108407796320e-04
    94,  1.8150e+02,  1.1480800234359756e-01, -7.7122439128232897e-02,  1.5421834690791070e-01,  6.6035778663462341e-04,  1.1171762889084853e-01,  8.0676044501621247e-02,  1.7045372254930569e-01,  4.1542108407796320e-04
    95,  1.8150e+02,  1.1480800234359756e-01, -7.7122439128232897e-02,  1.5421834690791070e-01,  6.6025778663462347e-04,  1.1171874606713744e-01,  8.0676044501621247e-02,  1.7045372254930569e-01,  4.1542108407796320e-04
    96,  1.8150e+02,  1.1480800234359756e-01, -7.7122439128232897e-02,  1.5421834690791070e-01,  6.6025778663462347e-04,  1.1171762889084853e-01,  8.0676851262066265e-02,  1.7045372254930569e-01,  4.1542108407796320e-04
    97,  1.8150e+02,  1.1480800234359756e-01, -7.7122439128232897e-02,  1.5421834690791070e-01,  6.6025778663462347e-04,  1.1171762889084853e-01,  8.0676044501621247e-02,  1.7045542708653119e-01,  4.1542108407796320e-04
    98,  1.8150e+02,  1.1480800234359756e-01, -7.7122439128232897e-02,  1.5421834690791070e-01,  6.6025778663462347e-04,  1.1171762889084853e-01,  8.0676044501621247e-02,  1.7045372254930569e-01,  4.1552108407796320e-04
    99,  1.9761e+02,  1.1476041834666770e-01, -7.7165740834281960e-02,  1.5424009940968925e-01,  6.5520227213327210e-04,  1.1166224577567377e-01,  8.0737231214828564e-02,  1.7048279589313686e-01,  4.1194307262841512e-04
   100,  1.9761e+02,  1.1476156595085116e-01, -7.7165740834281960e-02,  1.5424009940968925e-01,  6.5520227213327210e-04,  1.1166224577567377e-01,  8.0737231214828564e-02,  1.7048279589313686e-01,  4.1194307262841512e-04
   101,  1.9761e+02,  1.1476041834666770e-01, -7.7164969176873613e-02,  1.5424009940968925e-01,  6.5520227213327210e-04,  1.1166224577567377e-01,  8.0737231214828564e-02,  1.7048279589313686e-01,  4.1194307262841512e-04
   102,  1.9761e+02,  1.1476041834666770e-01, -7.7165740834281960e-02,  1.5424164181068334e-01,  6.5520227213327210e-04,  1.1166224577567377e-01,  8.0737231214828564e-02,  1.7048279589313686e-01,  4.1194307262841512e-04
   103,  1.9761e+02,  1.1476041834666770e-01, -7.7165740834281960e-02,  1.5424009940968925e-01,  6.5530227213327205e-04,  1.1166224577567377e-01,  8.0737231214828564e-02,  1.7048279589313686e-01,  4.1194307262841512e-04
   104,  1.9763e+02,  1.1476041834666770e-01, -7.7165740834281960e-02,  1.5424009940968925e-01,  6.5520227213327210e-04,  1.1166336239813153e-01,  8.0737231214828564e-02,  1.7048279589313686e-01,  4.1194307262841512e-04
   105,  1.9763e+02,  1.1476041834666770e-01, -7.7165740834281960e-02,  1.5424009940968925e-01,  6.5520227213327210e-04,  1.1166224577567377e-01,  8.0738038587140709e-02,  1.7048279589313686e-01,  4.1194307262841512e-04
   106,  1.9763e+02,  1.1476041834666770e-01, -7.7165740834281960e-02,  1.5424009940968925e-01,  6.5520227213327210e-04,  1.1166224577567377e-01,  8.0737231214828564e-02,  1.7048450072109581e-01,  4.1194307262841512e-04
   107,  1.9763e+02,  1.1476041834666770e-01, -7.7165740834281960e-02,  1.5424009940968925e-01,  6.5520227213327210e-04,  1.1166224577567377e-01,  8.0737231214828564e-02,  1.7048279589313686e-01,  4.1204307262841512e-04
   108,  2.2251e+02,  1.1476095371817166e-01, -7.7164473134287190e-02,  1.5424007916823576e-01,  6.5449094598012082e-04,  1.1166302878010748e-01,  8.0736890945447531e-02,  1.7048230812808893e-01,  4.1123201649594055e-04
   109,  2.2251e+02,  1.1476210132770884e-01, -7.7164473134287190e-02,  1.5424007916823576e-01,  6.5449094598012082e-04,  1.1166302878010748e-01,  8.0736890945447531e-02,  1.7048230812808893e-01,  4.1123201649594055e-04
   110,  2.2251e+02,  1.1476095371817166e-01, -7.7163701489555842e-02,  1.5424007916823576e-01,  6.5449094598012082e-04,  1.1166302878010748e-01,  8.0736890945447531e-02,  1.7048230812808893e-01,  4.1123201649594055e-04
   111,  2.2251e+02,  1.1476095371817166e-01, -7.7164473134287190e-02,  1.5424162156902743e-01,  6.5449094598012082e-04,  1.1166302878010748e-01,  8.0736890945447531e-02,  1.7048230812808893e-01,  4.1123201649594055e-04
   112,  2.2251e+02,  1.1476095371817166e-01, -7.7164473134287190e-02,  1.5424007916823576e-01,  6.5459094598012077e-04,  1.1166302878010748e-01,  8.0736890945447531e-02,  1.7048230812808893e-01,  4.1123201649594055e-04
   113,  2.2251e+02,  1.1476095371817166e-01, -7.7164473134287190e-02,  1.5424007916823576e-01,  6.5449094598012082e-04,  1.1166414541039528e-01,  8.0736890945447531e-02,  1.7048230812808893e-01,  4.1123201649594055e-04
   114,  2.2251e+02,  1.1476095371817166e-01, -7.7164473134287190e-02,  1.5424007916823576e-01,  6.5449094598012082e-04,  1.1166302878010748e-01,  8.0737698314356982e-02,  1.7048230812808893e-01,  4.1123201649594055e-04
   115,  2.2251e+02,  1.1476095371817166e-01, -7.7164473134287190e-02,  1.5424007916823576e-01,  6.5449094598012082e-04,  1.1166302878010748e-01,  8.0736890945447531e-02,  1.7048401295117022e-01,  4.1123201649594055e-04
   116,  2.2251e+02,  1.1476095371817166e-01, -7.7164473134287190e-02,  1.5424007916823576e-01,  6.5449094598012082e-04,  1.1166302878010748e-01,  8.0736890945447531e-02,  1.7048230812808893e-01,  4.1133201649594056e-04
