  -2.1821217415484914E-005  -328.67290398205034     
  -1.0021821217415485E-002   0.0000000000000000     
   212857.65927414663       -548.70851758312278     
 
   21239418.929590549      -0.20886465744718086     
  -54751.377586890798        4575.4837058553903     
 
   4.7082272871447651E-008   2.1492422282140259E-012
   5.6339820341502668E-007   2.1855615317660103E-004
 
   109.59766996679582        248.97015929433519     
 
 
   5.3803447776848789E-005  -72.808483739488977     
   5.1637182042492768E-005 -0.12707545702227208     
   69.175129301665152       -716.67767020451765     
 
  -1339644.9458550252       -2.8379969240687961E-003
   25223890.092338476        4609.9612627063825     
 
  -7.4647509749357706E-007  -4.5954703518203020E-013
   4.0844173611974434E-003   2.1692407692311673E-004
 
   736.52922670859334        1724.5666296276816     
 
 
  -1.9183425584145056E-005  -71.921553121911799     
  -1.0019183425584145E-002   0.0000000000000000     
   213164.96544667814       -310.83854439433730     
 
   21275682.497473594       -6.2400586420563238E-002
  -31024.339129335782        4607.6637138751557     
 
   4.7002018377879065E-008   6.3653810083788867E-013
   3.1647417182974200E-007   2.1702973173516385E-004
 
   736.49324864847119        1724.5639126896024     
 
 
   1.2399740317775576E-005   198.25680934967738     
  -9.9876002596822246E-003   1.7205624776494233E-002
   211925.37416081139        335.45263930036936     
 
   21218848.116202354       -7.0050992032774498E-002
   41559.239920835593        4627.8142851290158     
 
   4.7127910284120713E-008   7.1337280721112917E-013
  -4.2322358024589252E-007   2.1608472353053598E-004
 
   735.06024171603917        1753.8686550381774     
 
 
  -1.6828835190252009E-005  -190.68167304031616     
  -1.0016828835190252E-002   0.0000000000000000     
   213222.61820028222       -44.547933203575212     
 
   21286439.222282313      -0.17775685143679584     
  -4447.3090173054597        4600.4754398138730     
 
   4.6978266192398165E-008   1.8151838420983341E-012
   4.5414190247971714E-008   2.1736883962435451E-004
 
   1019.9336879573898        2381.5572817359266     
 
 
  -3.3134190134051500E-006  -344.90500350451543     
  -1.0003313419013405E-002   0.0000000000000000     
   212772.44446526963       -17.941243170073449     
 
   21270196.739097543      -0.49840114822463633     
  -1793.5300453445402        4598.0574943727106     
 
   4.7014140085586040E-008   5.0960435858244259E-012
   1.8338455511426617E-008   2.1748314595103428E-004
 
   108.37847783891053        242.07194758852887     
 
 
  -3.0006030094058278E-006  -179.17914070371967     
  -1.0003000603009406E-002   0.0000000000000000     
   212764.28607357017        1.7107040034727561     
 
   21270046.310859960      -0.21408049146281374     
   171.01908431080670        4606.8676378253758     
 
   4.7014472136611656E-008   2.1847559105521877E-012
  -1.7453012776279017E-009   2.1706723054418049E-004
 
   277.89342064156017        659.70936094198760     
 
 
  -1.8222105134382133E-005   120.20171189252322     
  -1.0018222105134382E-002   0.0000000000000000     
   213256.75927105325        70.853801331479417     
 
   21286886.738292441       0.34048671361860749     
   7072.4925628410892        4608.3346575379428     
 
   4.6977279338323730E-008  -3.4709153404225099E-012
  -7.2096860022815609E-008   2.1699813465419736E-004
 
   278.29394707243574        669.24611515171182     
 
 
  -4.0730156220128892E-006  -3.7626554095942231     
  -1.1574494759461676E-005   2.0278920377073906E-002
   103.40455761747955       -39.888411542516906     
 
   8933831.0980815254        1.1642227672800159E-003
   4624493.0365469437        4606.4869441868668     
 
   1.1193407619272429E-007  -2.8289714378215596E-014
  -1.1237161033502976E-004   2.1708519810037286E-004
 
   1241.3161191577012        2883.7534840810727     
 
 
  -2.6394992550258026E-005  -134.13411380114846     
  -1.0026394992550258E-002   0.0000000000000000     
   213287.93474633689        366.95922504716418     
 
   21272644.345730707      -0.22300510188427033     
   36599.318630457114        4613.7695724743771     
 
   4.7008726352418837E-008   2.2721520104110411E-012
  -3.7290274842690956E-007   2.1674249247443061E-004
 
   415.59964918064986        976.57133276617424     
 
 
  -1.6243855001358762E-005  -237.73129926276624     
  -1.0016243855001359E-002   0.0000000000000000     
   213104.03656880418       -78.479766064156138     
 
   21275843.485219866      -0.36700879740057951     
  -7835.2491413183707        4613.0229591674643     
 
   4.7001663177018916E-008   3.7394186049180244E-012
   7.9832626958079632E-008   2.1677759641581135E-004
 
   843.15751425303188        1978.9902934219620     
 
 
  -2.3380529107601411E-005  -50.457722638802352     
  -1.0023380529107602E-002   0.0000000000000000     
   213270.04115118459       -123.64916839649709     
 
   21277256.763010710        5.5460406962449527E-003
  -12336.074444887883        4606.6443324323218     
 
   4.6998539823067591E-008  -5.6582578491618627E-014
   1.2585679384374469E-007   2.1707775272808834E-004
 
   359.72297220081657        845.03246950485004     
 
 
   6.7200324317381822E-005   38.679967518684563     
   6.5012377183062216E-005 -0.31069649586036263     
   127.35245120051968       -53.768824233160331     
 
  -1958890.7877608575        9.7988290496091182E-004
   22840512.663402352        4606.2547185522890     
 
  -5.1049171595138395E-007   1.0859627531456594E-013
   2.5313173532909182E-003   2.1709557562628453E-004
 
   359.67207352626241        845.07199627193131     
 
 
  -3.2523393051483301E-005   39.321432601164901     
  -1.0032523393051484E-002   0.0000000000000000     
   213415.83936046614       -2.4005889205000130     
 
   21272398.877063945       0.18415565676213680     
  -239.28067012165707        4606.3555536518643     
 
   4.7009272688493613E-008  -1.8793650175346831E-012
   2.4419327035918574E-009   2.1709136168559894E-004
 
   359.59658971912927        845.07484683065150     
 
 
  -8.4805723620552664E-006  -22.472302029087707     
  -1.0008480572362055E-002   0.0000000000000000     
   212886.22106676004       -28.734264478647674     
 
   21270583.434476085        6.5880809936278512E-002
  -2870.9916825930113        4606.4338561943805     
 
   4.7013284856529566E-008  -6.7237984540864901E-013
   2.9301354151209310E-008   2.1708767113303481E-004
 
   359.51870013716240        867.03390954456222     
 
 
  -1.9530213105413766E-005  -189.89673551535282     
  -1.0019530213105414E-002   0.0000000000000000     
   213032.94307809134        404.13434207045339     
 
   21261769.618644103      -0.30547981646259026     
   40334.659756982634        4622.6045204958127     
 
   4.7032767853837286E-008   3.1081095577211065E-012
  -4.1038567768505584E-007   2.1632823448374948E-004
 
   371.47624124950443        875.72496125753457     
 
 
  -1.2911842282366248E-005  -45.849221235795781     
  -1.0012911842282366E-002   0.0000000000000000     
   213091.23066666731        303.64803898932132     
 
   21281644.542882025        2.4249098310303904E-002
   30325.647900652693        4604.3832921871081     
 
   4.6988850203265471E-008  -2.4746793995203836E-013
  -3.0948060491373082E-007   2.1718435326647620E-004
 
   806.19503386930296        1894.9406161574630     
 
 
