Problem type:
least_squares
nparams:
24
function_evaluation,seconds,x(0),x(1),x(2),x(3),x(4),x(5),x(6),x(7),x(8),x(9),x(10),x(11),x(12),x(13),x(14),x(15),x(16),x(17),x(18),x(19),x(20),x(21),x(22),x(23)
     0,  2.6308e+02,  1.0833587912018280e-01,  0.0000000000000000e+00,  0.0000000000000000e+00, -9.8978358861474852e-02,  1.6270539213332599e-01,  3.0659186342287320e-03,  0.0000000000000000e+00,  0.0000000000000000e+00,  0.0000000000000000e+00,  0.0000000000000000e+00,  0.0000000000000000e+00,  0.0000000000000000e+00,  1.0425935708511970e-01,  0.0000000000000000e+00,  0.0000000000000000e+00,  1.0282374012821600e-01,  1.8559756265247759e-01,  3.1042091023180509e-03,  0.0000000000000000e+00,  0.0000000000000000e+00,  0.0000000000000000e+00,  0.0000000000000000e+00,  0.0000000000000000e+00,  0.0000000000000000e+00
     1,  2.6308e+02,  1.0844421499930298e-01,  0.0000000000000000e+00,  0.0000000000000000e+00, -9.8978358861474852e-02,  1.6270539213332599e-01,  3.0659186342287320e-03,  0.0000000000000000e+00,  0.0000000000000000e+00,  0.0000000000000000e+00,  0.0000000000000000e+00,  0.0000000000000000e+00,  0.0000000000000000e+00,  1.0425935708511970e-01,  0.0000000000000000e+00,  0.0000000000000000e+00,  1.0282374012821600e-01,  1.8559756265247759e-01,  3.1042091023180509e-03,  0.0000000000000000e+00,  0.0000000000000000e+00,  0.0000000000000000e+00,  0.0000000000000000e+00,  0.0000000000000000e+00,  0.0000000000000000e+00
     2,  2.6308e+02,  1.0833587912018280e-01,  1.0000000000000001e-05,  0.0000000000000000e+00, -9.8978358861474852e-02,  1.6270539213332599e-01,  3.0659186342287320e-03,  0.0000000000000000e+00,  0.0000000000000000e+00,  0.0000000000000000e+00,  0.0000000000000000e+00,  0.0000000000000000e+00,  0.0000000000000000e+00,  1.0425935708511970e-01,  0.0000000000000000e+00,  0.0000000000000000e+00,  1.0282374012821600e-01,  1.8559756265247759e-01,  3.1042091023180509e-03,  0.0000000000000000e+00,  0.0000000000000000e+00,  0.0000000000000000e+00,  0.0000000000000000e+00,  0.0000000000000000e+00,  0.0000000000000000e+00
     3,  2.6308e+02,  1.0833587912018280e-01,  0.0000000000000000e+00,  1.0000000000000001e-05, -9.8978358861474852e-02,  1.6270539213332599e-01,  3.0659186342287320e-03,  0.0000000000000000e+00,  0.0000000000000000e+00,  0.0000000000000000e+00,  0.0000000000000000e+00,  0.0000000000000000e+00,  0.0000000000000000e+00,  1.0425935708511970e-01,  0.0000000000000000e+00,  0.0000000000000000e+00,  1.0282374012821600e-01,  1.8559756265247759e-01,  3.1042091023180509e-03,  0.0000000000000000e+00,  0.0000000000000000e+00,  0.0000000000000000e+00,  0.0000000000000000e+00,  0.0000000000000000e+00,  0.0000000000000000e+00
     4,  2.6308e+02,  1.0833587912018280e-01,  0.0000000000000000e+00,  0.0000000000000000e+00, -9.8879380502613370e-02,  1.6270539213332599e-01,  3.0659186342287320e-03,  0.0000000000000000e+00,  0.0000000000000000e+00,  0.0000000000000000e+00,  0.0000000000000000e+00,  0.0000000000000000e+00,  0.0000000000000000e+00,  1.0425935708511970e-01,  0.0000000000000000e+00,  0.0000000000000000e+00,  1.0282374012821600e-01,  1.8559756265247759e-01,  3.1042091023180509e-03,  0.0000000000000000e+00,  0.0000000000000000e+00,  0.0000000000000000e+00,  0.0000000000000000e+00,  0.0000000000000000e+00,  0.0000000000000000e+00
     5,  2.6308e+02,  1.0833587912018280e-01,  0.0000000000000000e+00,  0.0000000000000000e+00, -9.8978358861474852e-02,  1.6286809752545933e-01,  3.0659186342287320e-03,  0.0000000000000000e+00,  0.0000000000000000e+00,  0.0000000000000000e+00,  0.0000000000000000e+00,  0.0000000000000000e+00,  0.0000000000000000e+00,  1.0425935708511970e-01,  0.0000000000000000e+00,  0.0000000000000000e+00,  1.0282374012821600e-01,  1.8559756265247759e-01,  3.1042091023180509e-03,  0.0000000000000000e+00,  0.0000000000000000e+00,  0.0000000000000000e+00,  0.0000000000000000e+00,  0.0000000000000000e+00,  0.0000000000000000e+00
     6,  2.6308e+02,  1.0833587912018280e-01,  0.0000000000000000e+00,  0.0000000000000000e+00, -9.8978358861474852e-02,  1.6270539213332599e-01,  3.0759186342287320e-03,  0.0000000000000000e+00,  0.0000000000000000e+00,  0.0000000000000000e+00,  0.0000000000000000e+00,  0.0000000000000000e+00,  0.0000000000000000e+00,  1.0425935708511970e-01,  0.0000000000000000e+00,  0.0000000000000000e+00,  1.0282374012821600e-01,  1.8559756265247759e-01,  3.1042091023180509e-03,  0.0000000000000000e+00,  0.0000000000000000e+00,  0.0000000000000000e+00,  0.0000000000000000e+00,  0.0000000000000000e+00,  0.0000000000000000e+00
     7,  2.6308e+02,  1.0833587912018280e-01,  0.0000000000000000e+00,  0.0000000000000000e+00, -9.8978358861474852e-02,  1.6270539213332599e-01,  3.0659186342287320e-03,  1.0000000000000001e-05,  0.0000000000000000e+00,  0.0000000000000000e+00,  0.0000000000000000e+00,  0.0000000000000000e+00,  0.0000000000000000e+00,  1.0425935708511970e-01,  0.0000000000000000e+00,  0.0000000000000000e+00,  1.0282374012821600e-01,  1.8559756265247759e-01,  3.1042091023180509e-03,  0.0000000000000000e+00,  0.0000000000000000e+00,  0.0000000000000000e+00,  0.0000000000000000e+00,  0.0000000000000000e+00,  0.0000000000000000e+00
     8,  2.6308e+02,  1.0833587912018280e-01,  0.0000000000000000e+00,  0.0000000000000000e+00, -9.8978358861474852e-02,  1.6270539213332599e-01,  3.0659186342287320e-03,  0.0000000000000000e+00,  1.0000000000000001e-05,  0.0000000000000000e+00,  0.0000000000000000e+00,  0.0000000000000000e+00,  0.0000000000000000e+00,  1.0425935708511970e-01,  0.0000000000000000e+00,  0.0000000000000000e+00,  1.0282374012821600e-01,  1.8559756265247759e-01,  3.1042091023180509e-03,  0.0000000000000000e+00,  0.0000000000000000e+00,  0.0000000000000000e+00,  0.0000000000000000e+00,  0.0000000000000000e+00,  0.0000000000000000e+00
     9,  2.6308e+02,  1.0833587912018280e-01,  0.0000000000000000e+00,  0.0000000000000000e+00, -9.8978358861474852e-02,  1.6270539213332599e-01,  3.0659186342287320e-03,  0.0000000000000000e+00,  0.0000000000000000e+00,  1.0000000000000001e-05,  0.0000000000000000e+00,  0.0000000000000000e+00,  0.0000000000000000e+00,  1.0425935708511970e-01,  0.0000000000000000e+00,  0.0000000000000000e+00,  1.0282374012821600e-01,  1.8559756265247759e-01,  3.1042091023180509e-03,  0.0000000000000000e+00,  0.0000000000000000e+00,  0.0000000000000000e+00,  0.0000000000000000e+00,  0.0000000000000000e+00,  0.0000000000000000e+00
    10,  2.6308e+02,  1.0833587912018280e-01,  0.0000000000000000e+00,  0.0000000000000000e+00, -9.8978358861474852e-02,  1.6270539213332599e-01,  3.0659186342287320e-03,  0.0000000000000000e+00,  0.0000000000000000e+00,  0.0000000000000000e+00,  1.0000000000000001e-05,  0.0000000000000000e+00,  0.0000000000000000e+00,  1.0425935708511970e-01,  0.0000000000000000e+00,  0.0000000000000000e+00,  1.0282374012821600e-01,  1.8559756265247759e-01,  3.1042091023180509e-03,  0.0000000000000000e+00,  0.0000000000000000e+00,  0.0000000000000000e+00,  0.0000000000000000e+00,  0.0000000000000000e+00,  0.0000000000000000e+00
    11,  2.6308e+02,  1.0833587912018280e-01,  0.0000000000000000e+00,  0.0000000000000000e+00, -9.8978358861474852e-02,  1.6270539213332599e-01,  3.0659186342287320e-03,  0.0000000000000000e+00,  0.0000000000000000e+00,  0.0000000000000000e+00,  0.0000000000000000e+00,  1.0000000000000001e-05,  0.0000000000000000e+00,  1.0425935708511970e-01,  0.0000000000000000e+00,  0.0000000000000000e+00,  1.0282374012821600e-01,  1.8559756265247759e-01,  3.1042091023180509e-03,  0.0000000000000000e+00,  0.0000000000000000e+00,  0.0000000000000000e+00,  0.0000000000000000e+00,  0.0000000000000000e+00,  0.0000000000000000e+00
    12,  2.6308e+02,  1.0833587912018280e-01,  0.0000000000000000e+00,  0.0000000000000000e+00, -9.8978358861474852e-02,  1.6270539213332599e-01,  3.0659186342287320e-03,  0.0000000000000000e+00,  0.0000000000000000e+00,  0.0000000000000000e+00,  0.0000000000000000e+00,  0.0000000000000000e+00,  1.0000000000000001e-05,  1.0425935708511970e-01,  0.0000000000000000e+00,  0.0000000000000000e+00,  1.0282374012821600e-01,  1.8559756265247759e-01,  3.1042091023180509e-03,  0.0000000000000000e+00,  0.0000000000000000e+00,  0.0000000000000000e+00,  0.0000000000000000e+00,  0.0000000000000000e+00,  0.0000000000000000e+00
    13,  2.6308e+02,  1.0833587912018280e-01,  0.0000000000000000e+00,  0.0000000000000000e+00, -9.8978358861474852e-02,  1.6270539213332599e-01,  3.0659186342287320e-03,  0.0000000000000000e+00,  0.0000000000000000e+00,  0.0000000000000000e+00,  0.0000000000000000e+00,  0.0000000000000000e+00,  0.0000000000000000e+00,  1.0436361644220482e-01,  0.0000000000000000e+00,  0.0000000000000000e+00,  1.0282374012821600e-01,  1.8559756265247759e-01,  3.1042091023180509e-03,  0.0000000000000000e+00,  0.0000000000000000e+00,  0.0000000000000000e+00,  0.0000000000000000e+00,  0.0000000000000000e+00,  0.0000000000000000e+00
    14,  2.6308e+02,  1.0833587912018280e-01,  0.0000000000000000e+00,  0.0000000000000000e+00, -9.8978358861474852e-02,  1.6270539213332599e-01,  3.0659186342287320e-03,  0.0000000000000000e+00,  0.0000000000000000e+00,  0.0000000000000000e+00,  0.0000000000000000e+00,  0.0000000000000000e+00,  0.0000000000000000e+00,  1.0425935708511970e-01,  1.0000000000000001e-05,  0.0000000000000000e+00,  1.0282374012821600e-01,  1.8559756265247759e-01,  3.1042091023180509e-03,  0.0000000000000000e+00,  0.0000000000000000e+00,  0.0000000000000000e+00,  0.0000000000000000e+00,  0.0000000000000000e+00,  0.0000000000000000e+00
    15,  2.6308e+02,  1.0833587912018280e-01,  0.0000000000000000e+00,  0.0000000000000000e+00, -9.8978358861474852e-02,  1.6270539213332599e-01,  3.0659186342287320e-03,  0.0000000000000000e+00,  0.0000000000000000e+00,  0.0000000000000000e+00,  0.0000000000000000e+00,  0.0000000000000000e+00,  0.0000000000000000e+00,  1.0425935708511970e-01,  0.0000000000000000e+00,  1.0000000000000001e-05,  1.0282374012821600e-01,  1.8559756265247759e-01,  3.1042091023180509e-03,  0.0000000000000000e+00,  0.0000000000000000e+00,  0.0000000000000000e+00,  0.0000000000000000e+00,  0.0000000000000000e+00,  0.0000000000000000e+00
    16,  2.6308e+02,  1.0833587912018280e-01,  0.0000000000000000e+00,  0.0000000000000000e+00, -9.8978358861474852e-02,  1.6270539213332599e-01,  3.0659186342287320e-03,  0.0000000000000000e+00,  0.0000000000000000e+00,  0.0000000000000000e+00,  0.0000000000000000e+00,  0.0000000000000000e+00,  0.0000000000000000e+00,  1.0425935708511970e-01,  0.0000000000000000e+00,  0.0000000000000000e+00,  1.0292656386834421e-01,  1.8559756265247759e-01,  3.1042091023180509e-03,  0.0000000000000000e+00,  0.0000000000000000e+00,  0.0000000000000000e+00,  0.0000000000000000e+00,  0.0000000000000000e+00,  0.0000000000000000e+00
    17,  2.6308e+02,  1.0833587912018280e-01,  0.0000000000000000e+00,  0.0000000000000000e+00, -9.8978358861474852e-02,  1.6270539213332599e-01,  3.0659186342287320e-03,  0.0000000000000000e+00,  0.0000000000000000e+00,  0.0000000000000000e+00,  0.0000000000000000e+00,  0.0000000000000000e+00,  0.0000000000000000e+00,  1.0425935708511970e-01,  0.0000000000000000e+00,  0.0000000000000000e+00,  1.0282374012821600e-01,  1.8578316021513008e-01,  3.1042091023180509e-03,  0.0000000000000000e+00,  0.0000000000000000e+00,  0.0000000000000000e+00,  0.0000000000000000e+00,  0.0000000000000000e+00,  0.0000000000000000e+00
    18,  2.6308e+02,  1.0833587912018280e-01,  0.0000000000000000e+00,  0.0000000000000000e+00, -9.8978358861474852e-02,  1.6270539213332599e-01,  3.0659186342287320e-03,  0.0000000000000000e+00,  0.0000000000000000e+00,  0.0000000000000000e+00,  0.0000000000000000e+00,  0.0000000000000000e+00,  0.0000000000000000e+00,  1.0425935708511970e-01,  0.0000000000000000e+00,  0.0000000000000000e+00,  1.0282374012821600e-01,  1.8559756265247759e-01,  3.1142091023180509e-03,  0.0000000000000000e+00,  0.0000000000000000e+00,  0.0000000000000000e+00,  0.0000000000000000e+00,  0.0000000000000000e+00,  0.0000000000000000e+00
    19,  2.6308e+02,  1.0833587912018280e-01,  0.0000000000000000e+00,  0.0000000000000000e+00, -9.8978358861474852e-02,  1.6270539213332599e-01,  3.0659186342287320e-03,  0.0000000000000000e+00,  0.0000000000000000e+00,  0.0000000000000000e+00,  0.0000000000000000e+00,  0.0000000000000000e+00,  0.0000000000000000e+00,  1.0425935708511970e-01,  0.0000000000000000e+00,  0.0000000000000000e+00,  1.0282374012821600e-01,  1.8559756265247759e-01,  3.1042091023180509e-03,  1.0000000000000001e-05,  0.0000000000000000e+00,  0.0000000000000000e+00,  0.0000000000000000e+00,  0.0000000000000000e+00,  0.0000000000000000e+00
    20,  2.6308e+02,  1.0833587912018280e-01,  0.0000000000000000e+00,  0.0000000000000000e+00, -9.8978358861474852e-02,  1.6270539213332599e-01,  3.0659186342287320e-03,  0.0000000000000000e+00,  0.0000000000000000e+00,  0.0000000000000000e+00,  0.0000000000000000e+00,  0.0000000000000000e+00,  0.0000000000000000e+00,  1.0425935708511970e-01,  0.0000000000000000e+00,  0.0000000000000000e+00,  1.0282374012821600e-01,  1.8559756265247759e-01,  3.1042091023180509e-03,  0.0000000000000000e+00,  1.0000000000000001e-05,  0.0000000000000000e+00,  0.0000000000000000e+00,  0.0000000000000000e+00,  0.0000000000000000e+00
    21,  2.6308e+02,  1.0833587912018280e-01,  0.0000000000000000e+00,  0.0000000000000000e+00, -9.8978358861474852e-02,  1.6270539213332599e-01,  3.0659186342287320e-03,  0.0000000000000000e+00,  0.0000000000000000e+00,  0.0000000000000000e+00,  0.0000000000000000e+00,  0.0000000000000000e+00,  0.0000000000000000e+00,  1.0425935708511970e-01,  0.0000000000000000e+00,  0.0000000000000000e+00,  1.0282374012821600e-01,  1.8559756265247759e-01,  3.1042091023180509e-03,  0.0000000000000000e+00,  0.0000000000000000e+00,  1.0000000000000001e-05,  0.0000000000000000e+00,  0.0000000000000000e+00,  0.0000000000000000e+00
    22,  2.6308e+02,  1.0833587912018280e-01,  0.0000000000000000e+00,  0.0000000000000000e+00, -9.8978358861474852e-02,  1.6270539213332599e-01,  3.0659186342287320e-03,  0.0000000000000000e+00,  0.0000000000000000e+00,  0.0000000000000000e+00,  0.0000000000000000e+00,  0.0000000000000000e+00,  0.0000000000000000e+00,  1.0425935708511970e-01,  0.0000000000000000e+00,  0.0000000000000000e+00,  1.0282374012821600e-01,  1.8559756265247759e-01,  3.1042091023180509e-03,  0.0000000000000000e+00,  0.0000000000000000e+00,  0.0000000000000000e+00,  1.0000000000000001e-05,  0.0000000000000000e+00,  0.0000000000000000e+00
    23,  2.6308e+02,  1.0833587912018280e-01,  0.0000000000000000e+00,  0.0000000000000000e+00, -9.8978358861474852e-02,  1.6270539213332599e-01,  3.0659186342287320e-03,  0.0000000000000000e+00,  0.0000000000000000e+00,  0.0000000000000000e+00,  0.0000000000000000e+00,  0.0000000000000000e+00,  0.0000000000000000e+00,  1.0425935708511970e-01,  0.0000000000000000e+00,  0.0000000000000000e+00,  1.0282374012821600e-01,  1.8559756265247759e-01,  3.1042091023180509e-03,  0.0000000000000000e+00,  0.0000000000000000e+00,  0.0000000000000000e+00,  0.0000000000000000e+00,  1.0000000000000001e-05,  0.0000000000000000e+00
    24,  2.6308e+02,  1.0833587912018280e-01,  0.0000000000000000e+00,  0.0000000000000000e+00, -9.8978358861474852e-02,  1.6270539213332599e-01,  3.0659186342287320e-03,  0.0000000000000000e+00,  0.0000000000000000e+00,  0.0000000000000000e+00,  0.0000000000000000e+00,  0.0000000000000000e+00,  0.0000000000000000e+00,  1.0425935708511970e-01,  0.0000000000000000e+00,  0.0000000000000000e+00,  1.0282374012821600e-01,  1.8559756265247759e-01,  3.1042091023180509e-03,  0.0000000000000000e+00,  0.0000000000000000e+00,  0.0000000000000000e+00,  0.0000000000000000e+00,  0.0000000000000000e+00,  1.0000000000000001e-05
    25,  5.0243e+02,  1.1023813044201956e-01,  2.7266338995886505e-03, -1.1603363370448390e-03, -9.8900150513694107e-02,  1.6031229140153389e-01,  5.3223014587199958e-03, -9.5043634066101806e-05,  1.2911732913969092e-02,  5.0748522863093967e-03,  3.1756696969534848e-03,  2.4461801761199490e-03,  3.9539335992166361e-04,  9.7897750267016123e-02,  2.7891525997929996e-03,  1.4597639638166558e-03,  1.0083545212629366e-01,  1.8693072849028908e-01,  7.3057116998406406e-03, -1.5319201121739081e-04, -9.4659661186688882e-03,  6.1496789649208164e-03,  1.3480147658718213e-03,  2.7218307247361324e-03,  4.4028914818117616e-04
    26,  5.0244e+02,  1.1034836857246158e-01,  2.7266338995886505e-03, -1.1603363370448390e-03, -9.8900150513694107e-02,  1.6031229140153389e-01,  5.3223014587199958e-03, -9.5043634066101806e-05,  1.2911732913969092e-02,  5.0748522863093967e-03,  3.1756696969534848e-03,  2.4461801761199490e-03,  3.9539335992166361e-04,  9.7897750267016123e-02,  2.7891525997929996e-03,  1.4597639638166558e-03,  1.0083545212629366e-01,  1.8693072849028908e-01,  7.3057116998406406e-03, -1.5319201121739081e-04, -9.4659661186688882e-03,  6.1496789649208164e-03,  1.3480147658718213e-03,  2.7218307247361324e-03,  4.4028914818117616e-04
    27,  5.0244e+02,  1.1023813044201956e-01,  2.7366338995886506e-03, -1.1603363370448390e-03, -9.8900150513694107e-02,  1.6031229140153389e-01,  5.3223014587199958e-03, -9.5043634066101806e-05,  1.2911732913969092e-02,  5.0748522863093967e-03,  3.1756696969534848e-03,  2.4461801761199490e-03,  3.9539335992166361e-04,  9.7897750267016123e-02,  2.7891525997929996e-03,  1.4597639638166558e-03,  1.0083545212629366e-01,  1.8693072849028908e-01,  7.3057116998406406e-03, -1.5319201121739081e-04, -9.4659661186688882e-03,  6.1496789649208164e-03,  1.3480147658718213e-03,  2.7218307247361324e-03,  4.4028914818117616e-04
    28,  5.0244e+02,  1.1023813044201956e-01,  2.7266338995886505e-03, -1.1503363370448389e-03, -9.8900150513694107e-02,  1.6031229140153389e-01,  5.3223014587199958e-03, -9.5043634066101806e-05,  1.2911732913969092e-02,  5.0748522863093967e-03,  3.1756696969534848e-03,  2.4461801761199490e-03,  3.9539335992166361e-04,  9.7897750267016123e-02,  2.7891525997929996e-03,  1.4597639638166558e-03,  1.0083545212629366e-01,  1.8693072849028908e-01,  7.3057116998406406e-03, -1.5319201121739081e-04, -9.4659661186688882e-03,  6.1496789649208164e-03,  1.3480147658718213e-03,  2.7218307247361324e-03,  4.4028914818117616e-04
    29,  5.0244e+02,  1.1023813044201956e-01,  2.7266338995886505e-03, -1.1603363370448390e-03, -9.8801250363180410e-02,  1.6031229140153389e-01,  5.3223014587199958e-03, -9.5043634066101806e-05,  1.2911732913969092e-02,  5.0748522863093967e-03,  3.1756696969534848e-03,  2.4461801761199490e-03,  3.9539335992166361e-04,  9.7897750267016123e-02,  2.7891525997929996e-03,  1.4597639638166558e-03,  1.0083545212629366e-01,  1.8693072849028908e-01,  7.3057116998406406e-03, -1.5319201121739081e-04, -9.4659661186688882e-03,  6.1496789649208164e-03,  1.3480147658718213e-03,  2.7218307247361324e-03,  4.4028914818117616e-04
    30,  5.0244e+02,  1.1023813044201956e-01,  2.7266338995886505e-03, -1.1603363370448390e-03, -9.8900150513694107e-02,  1.6047260369293542e-01,  5.3223014587199958e-03, -9.5043634066101806e-05,  1.2911732913969092e-02,  5.0748522863093967e-03,  3.1756696969534848e-03,  2.4461801761199490e-03,  3.9539335992166361e-04,  9.7897750267016123e-02,  2.7891525997929996e-03,  1.4597639638166558e-03,  1.0083545212629366e-01,  1.8693072849028908e-01,  7.3057116998406406e-03, -1.5319201121739081e-04, -9.4659661186688882e-03,  6.1496789649208164e-03,  1.3480147658718213e-03,  2.7218307247361324e-03,  4.4028914818117616e-04
    31,  5.0244e+02,  1.1023813044201956e-01,  2.7266338995886505e-03, -1.1603363370448390e-03, -9.8900150513694107e-02,  1.6031229140153389e-01,  5.3323014587199954e-03, -9.5043634066101806e-05,  1.2911732913969092e-02,  5.0748522863093967e-03,  3.1756696969534848e-03,  2.4461801761199490e-03,  3.9539335992166361e-04,  9.7897750267016123e-02,  2.7891525997929996e-03,  1.4597639638166558e-03,  1.0083545212629366e-01,  1.8693072849028908e-01,  7.3057116998406406e-03, -1.5319201121739081e-04, -9.4659661186688882e-03,  6.1496789649208164e-03,  1.3480147658718213e-03,  2.7218307247361324e-03,  4.4028914818117616e-04
    32,  5.0244e+02,  1.1023813044201956e-01,  2.7266338995886505e-03, -1.1603363370448390e-03, -9.8900150513694107e-02,  1.6031229140153389e-01,  5.3223014587199958e-03, -8.5043634066101807e-05,  1.2911732913969092e-02,  5.0748522863093967e-03,  3.1756696969534848e-03,  2.4461801761199490e-03,  3.9539335992166361e-04,  9.7897750267016123e-02,  2.7891525997929996e-03,  1.4597639638166558e-03,  1.0083545212629366e-01,  1.8693072849028908e-01,  7.3057116998406406e-03, -1.5319201121739081e-04, -9.4659661186688882e-03,  6.1496789649208164e-03,  1.3480147658718213e-03,  2.7218307247361324e-03,  4.4028914818117616e-04
    33,  5.0244e+02,  1.1023813044201956e-01,  2.7266338995886505e-03, -1.1603363370448390e-03, -9.8900150513694107e-02,  1.6031229140153389e-01,  5.3223014587199958e-03, -9.5043634066101806e-05,  1.2924644646883060e-02,  5.0748522863093967e-03,  3.1756696969534848e-03,  2.4461801761199490e-03,  3.9539335992166361e-04,  9.7897750267016123e-02,  2.7891525997929996e-03,  1.4597639638166558e-03,  1.0083545212629366e-01,  1.8693072849028908e-01,  7.3057116998406406e-03, -1.5319201121739081e-04, -9.4659661186688882e-03,  6.1496789649208164e-03,  1.3480147658718213e-03,  2.7218307247361324e-03,  4.4028914818117616e-04
    34,  5.0244e+02,  1.1023813044201956e-01,  2.7266338995886505e-03, -1.1603363370448390e-03, -9.8900150513694107e-02,  1.6031229140153389e-01,  5.3223014587199958e-03, -9.5043634066101806e-05,  1.2911732913969092e-02,  5.0848522863093963e-03,  3.1756696969534848e-03,  2.4461801761199490e-03,  3.9539335992166361e-04,  9.7897750267016123e-02,  2.7891525997929996e-03,  1.4597639638166558e-03,  1.0083545212629366e-01,  1.8693072849028908e-01,  7.3057116998406406e-03, -1.5319201121739081e-04, -9.4659661186688882e-03,  6.1496789649208164e-03,  1.3480147658718213e-03,  2.7218307247361324e-03,  4.4028914818117616e-04
    35,  5.0244e+02,  1.1023813044201956e-01,  2.7266338995886505e-03, -1.1603363370448390e-03, -9.8900150513694107e-02,  1.6031229140153389e-01,  5.3223014587199958e-03, -9.5043634066101806e-05,  1.2911732913969092e-02,  5.0748522863093967e-03,  3.1856696969534849e-03,  2.4461801761199490e-03,  3.9539335992166361e-04,  9.7897750267016123e-02,  2.7891525997929996e-03,  1.4597639638166558e-03,  1.0083545212629366e-01,  1.8693072849028908e-01,  7.3057116998406406e-03, -1.5319201121739081e-04, -9.4659661186688882e-03,  6.1496789649208164e-03,  1.3480147658718213e-03,  2.7218307247361324e-03,  4.4028914818117616e-04
    36,  5.0244e+02,  1.1023813044201956e-01,  2.7266338995886505e-03, -1.1603363370448390e-03, -9.8900150513694107e-02,  1.6031229140153389e-01,  5.3223014587199958e-03, -9.5043634066101806e-05,  1.2911732913969092e-02,  5.0748522863093967e-03,  3.1756696969534848e-03,  2.4561801761199490e-03,  3.9539335992166361e-04,  9.7897750267016123e-02,  2.7891525997929996e-03,  1.4597639638166558e-03,  1.0083545212629366e-01,  1.8693072849028908e-01,  7.3057116998406406e-03, -1.5319201121739081e-04, -9.4659661186688882e-03,  6.1496789649208164e-03,  1.3480147658718213e-03,  2.7218307247361324e-03,  4.4028914818117616e-04
    37,  5.0244e+02,  1.1023813044201956e-01,  2.7266338995886505e-03, -1.1603363370448390e-03, -9.8900150513694107e-02,  1.6031229140153389e-01,  5.3223014587199958e-03, -9.5043634066101806e-05,  1.2911732913969092e-02,  5.0748522863093967e-03,  3.1756696969534848e-03,  2.4461801761199490e-03,  4.0539335992166364e-04,  9.7897750267016123e-02,  2.7891525997929996e-03,  1.4597639638166558e-03,  1.0083545212629366e-01,  1.8693072849028908e-01,  7.3057116998406406e-03, -1.5319201121739081e-04, -9.4659661186688882e-03,  6.1496789649208164e-03,  1.3480147658718213e-03,  2.7218307247361324e-03,  4.4028914818117616e-04
    38,  5.0244e+02,  1.1023813044201956e-01,  2.7266338995886505e-03, -1.1603363370448390e-03, -9.8900150513694107e-02,  1.6031229140153389e-01,  5.3223014587199958e-03, -9.5043634066101806e-05,  1.2911732913969092e-02,  5.0748522863093967e-03,  3.1756696969534848e-03,  2.4461801761199490e-03,  3.9539335992166361e-04,  9.7995648017283138e-02,  2.7891525997929996e-03,  1.4597639638166558e-03,  1.0083545212629366e-01,  1.8693072849028908e-01,  7.3057116998406406e-03, -1.5319201121739081e-04, -9.4659661186688882e-03,  6.1496789649208164e-03,  1.3480147658718213e-03,  2.7218307247361324e-03,  4.4028914818117616e-04
    39,  5.0244e+02,  1.1023813044201956e-01,  2.7266338995886505e-03, -1.1603363370448390e-03, -9.8900150513694107e-02,  1.6031229140153389e-01,  5.3223014587199958e-03, -9.5043634066101806e-05,  1.2911732913969092e-02,  5.0748522863093967e-03,  3.1756696969534848e-03,  2.4461801761199490e-03,  3.9539335992166361e-04,  9.7897750267016123e-02,  2.7991525997929996e-03,  1.4597639638166558e-03,  1.0083545212629366e-01,  1.8693072849028908e-01,  7.3057116998406406e-03, -1.5319201121739081e-04, -9.4659661186688882e-03,  6.1496789649208164e-03,  1.3480147658718213e-03,  2.7218307247361324e-03,  4.4028914818117616e-04
    40,  5.0244e+02,  1.1023813044201956e-01,  2.7266338995886505e-03, -1.1603363370448390e-03, -9.8900150513694107e-02,  1.6031229140153389e-01,  5.3223014587199958e-03, -9.5043634066101806e-05,  1.2911732913969092e-02,  5.0748522863093967e-03,  3.1756696969534848e-03,  2.4461801761199490e-03,  3.9539335992166361e-04,  9.7897750267016123e-02,  2.7891525997929996e-03,  1.4697639638166558e-03,  1.0083545212629366e-01,  1.8693072849028908e-01,  7.3057116998406406e-03, -1.5319201121739081e-04, -9.4659661186688882e-03,  6.1496789649208164e-03,  1.3480147658718213e-03,  2.7218307247361324e-03,  4.4028914818117616e-04
    41,  5.0244e+02,  1.1023813044201956e-01,  2.7266338995886505e-03, -1.1603363370448390e-03, -9.8900150513694107e-02,  1.6031229140153389e-01,  5.3223014587199958e-03, -9.5043634066101806e-05,  1.2911732913969092e-02,  5.0748522863093967e-03,  3.1756696969534848e-03,  2.4461801761199490e-03,  3.9539335992166361e-04,  9.7897750267016123e-02,  2.7891525997929996e-03,  1.4597639638166558e-03,  1.0093628757841995e-01,  1.8693072849028908e-01,  7.3057116998406406e-03, -1.5319201121739081e-04, -9.4659661186688882e-03,  6.1496789649208164e-03,  1.3480147658718213e-03,  2.7218307247361324e-03,  4.4028914818117616e-04
    42,  5.0244e+02,  1.1023813044201956e-01,  2.7266338995886505e-03, -1.1603363370448390e-03, -9.8900150513694107e-02,  1.6031229140153389e-01,  5.3223014587199958e-03, -9.5043634066101806e-05,  1.2911732913969092e-02,  5.0748522863093967e-03,  3.1756696969534848e-03,  2.4461801761199490e-03,  3.9539335992166361e-04,  9.7897750267016123e-02,  2.7891525997929996e-03,  1.4597639638166558e-03,  1.0083545212629366e-01,  1.8711765921877938e-01,  7.3057116998406406e-03, -1.5319201121739081e-04, -9.4659661186688882e-03,  6.1496789649208164e-03,  1.3480147658718213e-03,  2.7218307247361324e-03,  4.4028914818117616e-04
    43,  5.0244e+02,  1.1023813044201956e-01,  2.7266338995886505e-03, -1.1603363370448390e-03, -9.8900150513694107e-02,  1.6031229140153389e-01,  5.3223014587199958e-03, -9.5043634066101806e-05,  1.2911732913969092e-02,  5.0748522863093967e-03,  3.1756696969534848e-03,  2.4461801761199490e-03,  3.9539335992166361e-04,  9.7897750267016123e-02,  2.7891525997929996e-03,  1.4597639638166558e-03,  1.0083545212629366e-01,  1.8693072849028908e-01,  7.3157116998406402e-03, -1.5319201121739081e-04, -9.4659661186688882e-03,  6.1496789649208164e-03,  1.3480147658718213e-03,  2.7218307247361324e-03,  4.4028914818117616e-04
    44,  5.0244e+02,  1.1023813044201956e-01,  2.7266338995886505e-03, -1.1603363370448390e-03, -9.8900150513694107e-02,  1.6031229140153389e-01,  5.3223014587199958e-03, -9.5043634066101806e-05,  1.2911732913969092e-02,  5.0748522863093967e-03,  3.1756696969534848e-03,  2.4461801761199490e-03,  3.9539335992166361e-04,  9.7897750267016123e-02,  2.7891525997929996e-03,  1.4597639638166558e-03,  1.0083545212629366e-01,  1.8693072849028908e-01,  7.3057116998406406e-03, -1.4319201121739081e-04, -9.4659661186688882e-03,  6.1496789649208164e-03,  1.3480147658718213e-03,  2.7218307247361324e-03,  4.4028914818117616e-04
    45,  5.0244e+02,  1.1023813044201956e-01,  2.7266338995886505e-03, -1.1603363370448390e-03, -9.8900150513694107e-02,  1.6031229140153389e-01,  5.3223014587199958e-03, -9.5043634066101806e-05,  1.2911732913969092e-02,  5.0748522863093967e-03,  3.1756696969534848e-03,  2.4461801761199490e-03,  3.9539335992166361e-04,  9.7897750267016123e-02,  2.7891525997929996e-03,  1.4597639638166558e-03,  1.0083545212629366e-01,  1.8693072849028908e-01,  7.3057116998406406e-03, -1.5319201121739081e-04, -9.4559661186688886e-03,  6.1496789649208164e-03,  1.3480147658718213e-03,  2.7218307247361324e-03,  4.4028914818117616e-04
    46,  5.0244e+02,  1.1023813044201956e-01,  2.7266338995886505e-03, -1.1603363370448390e-03, -9.8900150513694107e-02,  1.6031229140153389e-01,  5.3223014587199958e-03, -9.5043634066101806e-05,  1.2911732913969092e-02,  5.0748522863093967e-03,  3.1756696969534848e-03,  2.4461801761199490e-03,  3.9539335992166361e-04,  9.7897750267016123e-02,  2.7891525997929996e-03,  1.4597639638166558e-03,  1.0083545212629366e-01,  1.8693072849028908e-01,  7.3057116998406406e-03, -1.5319201121739081e-04, -9.4659661186688882e-03,  6.1596789649208160e-03,  1.3480147658718213e-03,  2.7218307247361324e-03,  4.4028914818117616e-04
    47,  5.0244e+02,  1.1023813044201956e-01,  2.7266338995886505e-03, -1.1603363370448390e-03, -9.8900150513694107e-02,  1.6031229140153389e-01,  5.3223014587199958e-03, -9.5043634066101806e-05,  1.2911732913969092e-02,  5.0748522863093967e-03,  3.1756696969534848e-03,  2.4461801761199490e-03,  3.9539335992166361e-04,  9.7897750267016123e-02,  2.7891525997929996e-03,  1.4597639638166558e-03,  1.0083545212629366e-01,  1.8693072849028908e-01,  7.3057116998406406e-03, -1.5319201121739081e-04, -9.4659661186688882e-03,  6.1496789649208164e-03,  1.3580147658718213e-03,  2.7218307247361324e-03,  4.4028914818117616e-04
    48,  5.0244e+02,  1.1023813044201956e-01,  2.7266338995886505e-03, -1.1603363370448390e-03, -9.8900150513694107e-02,  1.6031229140153389e-01,  5.3223014587199958e-03, -9.5043634066101806e-05,  1.2911732913969092e-02,  5.0748522863093967e-03,  3.1756696969534848e-03,  2.4461801761199490e-03,  3.9539335992166361e-04,  9.7897750267016123e-02,  2.7891525997929996e-03,  1.4597639638166558e-03,  1.0083545212629366e-01,  1.8693072849028908e-01,  7.3057116998406406e-03, -1.5319201121739081e-04, -9.4659661186688882e-03,  6.1496789649208164e-03,  1.3480147658718213e-03,  2.7318307247361324e-03,  4.4028914818117616e-04
    49,  5.0244e+02,  1.1023813044201956e-01,  2.7266338995886505e-03, -1.1603363370448390e-03, -9.8900150513694107e-02,  1.6031229140153389e-01,  5.3223014587199958e-03, -9.5043634066101806e-05,  1.2911732913969092e-02,  5.0748522863093967e-03,  3.1756696969534848e-03,  2.4461801761199490e-03,  3.9539335992166361e-04,  9.7897750267016123e-02,  2.7891525997929996e-03,  1.4597639638166558e-03,  1.0083545212629366e-01,  1.8693072849028908e-01,  7.3057116998406406e-03, -1.5319201121739081e-04, -9.4659661186688882e-03,  6.1496789649208164e-03,  1.3480147658718213e-03,  2.7218307247361324e-03,  4.5028914818117619e-04
    50,  7.3064e+02,  1.1470382264641993e-01,  6.2481578929348500e-03, -3.8947533153289061e-03, -1.0159122136128872e-01,  1.5916266441475876e-01,  1.1828282544374662e-02, -1.1944499048167094e-03,  1.5967519637717986e-02,  1.2032330359544950e-02,  5.9836037550317061e-03,  3.8992746708600211e-03,  1.1877449884828779e-03,  9.3293234094654606e-02,  6.3431564832816274e-03,  5.3941615154223877e-03,  9.0656149187056487e-02,  1.8181875597651101e-01,  1.5981544385898969e-02, -5.6920428117628475e-04, -1.2135964171104864e-02,  9.7765002738124697e-03,  4.0263659151096526e-03,  2.9783909659494316e-03,  9.2798996722690181e-04
    51,  7.3064e+02,  1.1481852646906635e-01,  6.2481578929348500e-03, -3.8947533153289061e-03, -1.0159122136128872e-01,  1.5916266441475876e-01,  1.1828282544374662e-02, -1.1944499048167094e-03,  1.5967519637717986e-02,  1.2032330359544950e-02,  5.9836037550317061e-03,  3.8992746708600211e-03,  1.1877449884828779e-03,  9.3293234094654606e-02,  6.3431564832816274e-03,  5.3941615154223877e-03,  9.0656149187056487e-02,  1.8181875597651101e-01,  1.5981544385898969e-02, -5.6920428117628475e-04, -1.2135964171104864e-02,  9.7765002738124697e-03,  4.0263659151096526e-03,  2.9783909659494316e-03,  9.2798996722690181e-04
    52,  7.3064e+02,  1.1470382264641993e-01,  6.2581578929348496e-03, -3.8947533153289061e-03, -1.0159122136128872e-01,  1.5916266441475876e-01,  1.1828282544374662e-02, -1.1944499048167094e-03,  1.5967519637717986e-02,  1.2032330359544950e-02,  5.9836037550317061e-03,  3.8992746708600211e-03,  1.1877449884828779e-03,  9.3293234094654606e-02,  6.3431564832816274e-03,  5.3941615154223877e-03,  9.0656149187056487e-02,  1.8181875597651101e-01,  1.5981544385898969e-02, -5.6920428117628475e-04, -1.2135964171104864e-02,  9.7765002738124697e-03,  4.0263659151096526e-03,  2.9783909659494316e-03,  9.2798996722690181e-04
    53,  7.3064e+02,  1.1470382264641993e-01,  6.2481578929348500e-03, -3.8847533153289061e-03, -1.0159122136128872e-01,  1.5916266441475876e-01,  1.1828282544374662e-02, -1.1944499048167094e-03,  1.5967519637717986e-02,  1.2032330359544950e-02,  5.9836037550317061e-03,  3.8992746708600211e-03,  1.1877449884828779e-03,  9.3293234094654606e-02,  6.3431564832816274e-03,  5.3941615154223877e-03,  9.0656149187056487e-02,  1.8181875597651101e-01,  1.5981544385898969e-02, -5.6920428117628475e-04, -1.2135964171104864e-02,  9.7765002738124697e-03,  4.0263659151096526e-03,  2.9783909659494316e-03,  9.2798996722690181e-04
    54,  7.3064e+02,  1.1470382264641993e-01,  6.2481578929348500e-03, -3.8947533153289061e-03, -1.0148963013992743e-01,  1.5916266441475876e-01,  1.1828282544374662e-02, -1.1944499048167094e-03,  1.5967519637717986e-02,  1.2032330359544950e-02,  5.9836037550317061e-03,  3.8992746708600211e-03,  1.1877449884828779e-03,  9.3293234094654606e-02,  6.3431564832816274e-03,  5.3941615154223877e-03,  9.0656149187056487e-02,  1.8181875597651101e-01,  1.5981544385898969e-02, -5.6920428117628475e-04, -1.2135964171104864e-02,  9.7765002738124697e-03,  4.0263659151096526e-03,  2.9783909659494316e-03,  9.2798996722690181e-04
    55,  7.3064e+02,  1.1470382264641993e-01,  6.2481578929348500e-03, -3.8947533153289061e-03, -1.0159122136128872e-01,  1.5932182707917353e-01,  1.1828282544374662e-02, -1.1944499048167094e-03,  1.5967519637717986e-02,  1.2032330359544950e-02,  5.9836037550317061e-03,  3.8992746708600211e-03,  1.1877449884828779e-03,  9.3293234094654606e-02,  6.3431564832816274e-03,  5.3941615154223877e-03,  9.0656149187056487e-02,  1.8181875597651101e-01,  1.5981544385898969e-02, -5.6920428117628475e-04, -1.2135964171104864e-02,  9.7765002738124697e-03,  4.0263659151096526e-03,  2.9783909659494316e-03,  9.2798996722690181e-04
    56,  7.3064e+02,  1.1470382264641993e-01,  6.2481578929348500e-03, -3.8947533153289061e-03, -1.0159122136128872e-01,  1.5916266441475876e-01,  1.1840110826919038e-02, -1.1944499048167094e-03,  1.5967519637717986e-02,  1.2032330359544950e-02,  5.9836037550317061e-03,  3.8992746708600211e-03,  1.1877449884828779e-03,  9.3293234094654606e-02,  6.3431564832816274e-03,  5.3941615154223877e-03,  9.0656149187056487e-02,  1.8181875597651101e-01,  1.5981544385898969e-02, -5.6920428117628475e-04, -1.2135964171104864e-02,  9.7765002738124697e-03,  4.0263659151096526e-03,  2.9783909659494316e-03,  9.2798996722690181e-04
    57,  7.3064e+02,  1.1470382264641993e-01,  6.2481578929348500e-03, -3.8947533153289061e-03, -1.0159122136128872e-01,  1.5916266441475876e-01,  1.1828282544374662e-02, -1.1844499048167094e-03,  1.5967519637717986e-02,  1.2032330359544950e-02,  5.9836037550317061e-03,  3.8992746708600211e-03,  1.1877449884828779e-03,  9.3293234094654606e-02,  6.3431564832816274e-03,  5.3941615154223877e-03,  9.0656149187056487e-02,  1.8181875597651101e-01,  1.5981544385898969e-02, -5.6920428117628475e-04, -1.2135964171104864e-02,  9.7765002738124697e-03,  4.0263659151096526e-03,  2.9783909659494316e-03,  9.2798996722690181e-04
    58,  7.3064e+02,  1.1470382264641993e-01,  6.2481578929348500e-03, -3.8947533153289061e-03, -1.0159122136128872e-01,  1.5916266441475876e-01,  1.1828282544374662e-02, -1.1944499048167094e-03,  1.5983487157355702e-02,  1.2032330359544950e-02,  5.9836037550317061e-03,  3.8992746708600211e-03,  1.1877449884828779e-03,  9.3293234094654606e-02,  6.3431564832816274e-03,  5.3941615154223877e-03,  9.0656149187056487e-02,  1.8181875597651101e-01,  1.5981544385898969e-02, -5.6920428117628475e-04, -1.2135964171104864e-02,  9.7765002738124697e-03,  4.0263659151096526e-03,  2.9783909659494316e-03,  9.2798996722690181e-04
    59,  7.3064e+02,  1.1470382264641993e-01,  6.2481578929348500e-03, -3.8947533153289061e-03, -1.0159122136128872e-01,  1.5916266441475876e-01,  1.1828282544374662e-02, -1.1944499048167094e-03,  1.5967519637717986e-02,  1.2044362689904496e-02,  5.9836037550317061e-03,  3.8992746708600211e-03,  1.1877449884828779e-03,  9.3293234094654606e-02,  6.3431564832816274e-03,  5.3941615154223877e-03,  9.0656149187056487e-02,  1.8181875597651101e-01,  1.5981544385898969e-02, -5.6920428117628475e-04, -1.2135964171104864e-02,  9.7765002738124697e-03,  4.0263659151096526e-03,  2.9783909659494316e-03,  9.2798996722690181e-04
    60,  7.3064e+02,  1.1470382264641993e-01,  6.2481578929348500e-03, -3.8947533153289061e-03, -1.0159122136128872e-01,  1.5916266441475876e-01,  1.1828282544374662e-02, -1.1944499048167094e-03,  1.5967519637717986e-02,  1.2032330359544950e-02,  5.9936037550317057e-03,  3.8992746708600211e-03,  1.1877449884828779e-03,  9.3293234094654606e-02,  6.3431564832816274e-03,  5.3941615154223877e-03,  9.0656149187056487e-02,  1.8181875597651101e-01,  1.5981544385898969e-02, -5.6920428117628475e-04, -1.2135964171104864e-02,  9.7765002738124697e-03,  4.0263659151096526e-03,  2.9783909659494316e-03,  9.2798996722690181e-04
    61,  7.3064e+02,  1.1470382264641993e-01,  6.2481578929348500e-03, -3.8947533153289061e-03, -1.0159122136128872e-01,  1.5916266441475876e-01,  1.1828282544374662e-02, -1.1944499048167094e-03,  1.5967519637717986e-02,  1.2032330359544950e-02,  5.9836037550317061e-03,  3.9092746708600211e-03,  1.1877449884828779e-03,  9.3293234094654606e-02,  6.3431564832816274e-03,  5.3941615154223877e-03,  9.0656149187056487e-02,  1.8181875597651101e-01,  1.5981544385898969e-02, -5.6920428117628475e-04, -1.2135964171104864e-02,  9.7765002738124697e-03,  4.0263659151096526e-03,  2.9783909659494316e-03,  9.2798996722690181e-04
    62,  7.3064e+02,  1.1470382264641993e-01,  6.2481578929348500e-03, -3.8947533153289061e-03, -1.0159122136128872e-01,  1.5916266441475876e-01,  1.1828282544374662e-02, -1.1944499048167094e-03,  1.5967519637717986e-02,  1.2032330359544950e-02,  5.9836037550317061e-03,  3.8992746708600211e-03,  1.1977449884828780e-03,  9.3293234094654606e-02,  6.3431564832816274e-03,  5.3941615154223877e-03,  9.0656149187056487e-02,  1.8181875597651101e-01,  1.5981544385898969e-02, -5.6920428117628475e-04, -1.2135964171104864e-02,  9.7765002738124697e-03,  4.0263659151096526e-03,  2.9783909659494316e-03,  9.2798996722690181e-04
    63,  7.3064e+02,  1.1470382264641993e-01,  6.2481578929348500e-03, -3.8947533153289061e-03, -1.0159122136128872e-01,  1.5916266441475876e-01,  1.1828282544374662e-02, -1.1944499048167094e-03,  1.5967519637717986e-02,  1.2032330359544950e-02,  5.9836037550317061e-03,  3.8992746708600211e-03,  1.1877449884828779e-03,  9.3386527328749261e-02,  6.3431564832816274e-03,  5.3941615154223877e-03,  9.0656149187056487e-02,  1.8181875597651101e-01,  1.5981544385898969e-02, -5.6920428117628475e-04, -1.2135964171104864e-02,  9.7765002738124697e-03,  4.0263659151096526e-03,  2.9783909659494316e-03,  9.2798996722690181e-04
    64,  7.3064e+02,  1.1470382264641993e-01,  6.2481578929348500e-03, -3.8947533153289061e-03, -1.0159122136128872e-01,  1.5916266441475876e-01,  1.1828282544374662e-02, -1.1944499048167094e-03,  1.5967519637717986e-02,  1.2032330359544950e-02,  5.9836037550317061e-03,  3.8992746708600211e-03,  1.1877449884828779e-03,  9.3293234094654606e-02,  6.3531564832816270e-03,  5.3941615154223877e-03,  9.0656149187056487e-02,  1.8181875597651101e-01,  1.5981544385898969e-02, -5.6920428117628475e-04, -1.2135964171104864e-02,  9.7765002738124697e-03,  4.0263659151096526e-03,  2.9783909659494316e-03,  9.2798996722690181e-04
    65,  7.3064e+02,  1.1470382264641993e-01,  6.2481578929348500e-03, -3.8947533153289061e-03, -1.0159122136128872e-01,  1.5916266441475876e-01,  1.1828282544374662e-02, -1.1944499048167094e-03,  1.5967519637717986e-02,  1.2032330359544950e-02,  5.9836037550317061e-03,  3.8992746708600211e-03,  1.1877449884828779e-03,  9.3293234094654606e-02,  6.3431564832816274e-03,  5.4041615154223873e-03,  9.0656149187056487e-02,  1.8181875597651101e-01,  1.5981544385898969e-02, -5.6920428117628475e-04, -1.2135964171104864e-02,  9.7765002738124697e-03,  4.0263659151096526e-03,  2.9783909659494316e-03,  9.2798996722690181e-04
    66,  7.3064e+02,  1.1470382264641993e-01,  6.2481578929348500e-03, -3.8947533153289061e-03, -1.0159122136128872e-01,  1.5916266441475876e-01,  1.1828282544374662e-02, -1.1944499048167094e-03,  1.5967519637717986e-02,  1.2032330359544950e-02,  5.9836037550317061e-03,  3.8992746708600211e-03,  1.1877449884828779e-03,  9.3293234094654606e-02,  6.3431564832816274e-03,  5.3941615154223877e-03,  9.0746805336243547e-02,  1.8181875597651101e-01,  1.5981544385898969e-02, -5.6920428117628475e-04, -1.2135964171104864e-02,  9.7765002738124697e-03,  4.0263659151096526e-03,  2.9783909659494316e-03,  9.2798996722690181e-04
    67,  7.3064e+02,  1.1470382264641993e-01,  6.2481578929348500e-03, -3.8947533153289061e-03, -1.0159122136128872e-01,  1.5916266441475876e-01,  1.1828282544374662e-02, -1.1944499048167094e-03,  1.5967519637717986e-02,  1.2032330359544950e-02,  5.9836037550317061e-03,  3.8992746708600211e-03,  1.1877449884828779e-03,  9.3293234094654606e-02,  6.3431564832816274e-03,  5.3941615154223877e-03,  9.0656149187056487e-02,  1.8200057473248751e-01,  1.5981544385898969e-02, -5.6920428117628475e-04, -1.2135964171104864e-02,  9.7765002738124697e-03,  4.0263659151096526e-03,  2.9783909659494316e-03,  9.2798996722690181e-04
    68,  7.3064e+02,  1.1470382264641993e-01,  6.2481578929348500e-03, -3.8947533153289061e-03, -1.0159122136128872e-01,  1.5916266441475876e-01,  1.1828282544374662e-02, -1.1944499048167094e-03,  1.5967519637717986e-02,  1.2032330359544950e-02,  5.9836037550317061e-03,  3.8992746708600211e-03,  1.1877449884828779e-03,  9.3293234094654606e-02,  6.3431564832816274e-03,  5.3941615154223877e-03,  9.0656149187056487e-02,  1.8181875597651101e-01,  1.5997525930284869e-02, -5.6920428117628475e-04, -1.2135964171104864e-02,  9.7765002738124697e-03,  4.0263659151096526e-03,  2.9783909659494316e-03,  9.2798996722690181e-04
    69,  7.3064e+02,  1.1470382264641993e-01,  6.2481578929348500e-03, -3.8947533153289061e-03, -1.0159122136128872e-01,  1.5916266441475876e-01,  1.1828282544374662e-02, -1.1944499048167094e-03,  1.5967519637717986e-02,  1.2032330359544950e-02,  5.9836037550317061e-03,  3.8992746708600211e-03,  1.1877449884828779e-03,  9.3293234094654606e-02,  6.3431564832816274e-03,  5.3941615154223877e-03,  9.0656149187056487e-02,  1.8181875597651101e-01,  1.5981544385898969e-02, -5.5920428117628472e-04, -1.2135964171104864e-02,  9.7765002738124697e-03,  4.0263659151096526e-03,  2.9783909659494316e-03,  9.2798996722690181e-04
    70,  7.3064e+02,  1.1470382264641993e-01,  6.2481578929348500e-03, -3.8947533153289061e-03, -1.0159122136128872e-01,  1.5916266441475876e-01,  1.1828282544374662e-02, -1.1944499048167094e-03,  1.5967519637717986e-02,  1.2032330359544950e-02,  5.9836037550317061e-03,  3.8992746708600211e-03,  1.1877449884828779e-03,  9.3293234094654606e-02,  6.3431564832816274e-03,  5.3941615154223877e-03,  9.0656149187056487e-02,  1.8181875597651101e-01,  1.5981544385898969e-02, -5.6920428117628475e-04, -1.2123828206933758e-02,  9.7765002738124697e-03,  4.0263659151096526e-03,  2.9783909659494316e-03,  9.2798996722690181e-04
    71,  7.3064e+02,  1.1470382264641993e-01,  6.2481578929348500e-03, -3.8947533153289061e-03, -1.0159122136128872e-01,  1.5916266441475876e-01,  1.1828282544374662e-02, -1.1944499048167094e-03,  1.5967519637717986e-02,  1.2032330359544950e-02,  5.9836037550317061e-03,  3.8992746708600211e-03,  1.1877449884828779e-03,  9.3293234094654606e-02,  6.3431564832816274e-03,  5.3941615154223877e-03,  9.0656149187056487e-02,  1.8181875597651101e-01,  1.5981544385898969e-02, -5.6920428117628475e-04, -1.2135964171104864e-02,  9.7865002738124693e-03,  4.0263659151096526e-03,  2.9783909659494316e-03,  9.2798996722690181e-04
    72,  7.3064e+02,  1.1470382264641993e-01,  6.2481578929348500e-03, -3.8947533153289061e-03, -1.0159122136128872e-01,  1.5916266441475876e-01,  1.1828282544374662e-02, -1.1944499048167094e-03,  1.5967519637717986e-02,  1.2032330359544950e-02,  5.9836037550317061e-03,  3.8992746708600211e-03,  1.1877449884828779e-03,  9.3293234094654606e-02,  6.3431564832816274e-03,  5.3941615154223877e-03,  9.0656149187056487e-02,  1.8181875597651101e-01,  1.5981544385898969e-02, -5.6920428117628475e-04, -1.2135964171104864e-02,  9.7765002738124697e-03,  4.0363659151096522e-03,  2.9783909659494316e-03,  9.2798996722690181e-04
    73,  7.3064e+02,  1.1470382264641993e-01,  6.2481578929348500e-03, -3.8947533153289061e-03, -1.0159122136128872e-01,  1.5916266441475876e-01,  1.1828282544374662e-02, -1.1944499048167094e-03,  1.5967519637717986e-02,  1.2032330359544950e-02,  5.9836037550317061e-03,  3.8992746708600211e-03,  1.1877449884828779e-03,  9.3293234094654606e-02,  6.3431564832816274e-03,  5.3941615154223877e-03,  9.0656149187056487e-02,  1.8181875597651101e-01,  1.5981544385898969e-02, -5.6920428117628475e-04, -1.2135964171104864e-02,  9.7765002738124697e-03,  4.0263659151096526e-03,  2.9883909659494316e-03,  9.2798996722690181e-04
    74,  7.3064e+02,  1.1470382264641993e-01,  6.2481578929348500e-03, -3.8947533153289061e-03, -1.0159122136128872e-01,  1.5916266441475876e-01,  1.1828282544374662e-02, -1.1944499048167094e-03,  1.5967519637717986e-02,  1.2032330359544950e-02,  5.9836037550317061e-03,  3.8992746708600211e-03,  1.1877449884828779e-03,  9.3293234094654606e-02,  6.3431564832816274e-03,  5.3941615154223877e-03,  9.0656149187056487e-02,  1.8181875597651101e-01,  1.5981544385898969e-02, -5.6920428117628475e-04, -1.2135964171104864e-02,  9.7765002738124697e-03,  4.0263659151096526e-03,  2.9783909659494316e-03,  9.3798996722690184e-04
    75,  9.5114e+02,  1.1475949650492272e-01,  6.4714114786756146e-03, -3.3718499593632075e-03, -1.0319925060452065e-01,  1.6001365847322260e-01,  1.3295689445406019e-02, -4.6442889099223140e-04,  1.4798049878907234e-02,  1.3061223844701455e-02,  6.8374117156292770e-03,  3.7528878819168823e-03,  6.5204070551082587e-04,  9.3084452928740319e-02,  5.9755901888681020e-03,  5.3432291307416854e-03,  8.8315344630613205e-02,  1.7953806956512322e-01,  1.6670386411050307e-02, -7.4545147787896237e-04, -1.1970130580338738e-02,  7.5892755677845602e-03,  3.5926223511257745e-03,  1.7903952061451127e-03,  6.2015872770336848e-04
    76,  9.5114e+02,  1.1487425600142764e-01,  6.4714114786756146e-03, -3.3718499593632075e-03, -1.0319925060452065e-01,  1.6001365847322260e-01,  1.3295689445406019e-02, -4.6442889099223140e-04,  1.4798049878907234e-02,  1.3061223844701455e-02,  6.8374117156292770e-03,  3.7528878819168823e-03,  6.5204070551082587e-04,  9.3084452928740319e-02,  5.9755901888681020e-03,  5.3432291307416854e-03,  8.8315344630613205e-02,  1.7953806956512322e-01,  1.6670386411050307e-02, -7.4545147787896237e-04, -1.1970130580338738e-02,  7.5892755677845602e-03,  3.5926223511257745e-03,  1.7903952061451127e-03,  6.2015872770336848e-04
    77,  9.5114e+02,  1.1475949650492272e-01,  6.4814114786756142e-03, -3.3718499593632075e-03, -1.0319925060452065e-01,  1.6001365847322260e-01,  1.3295689445406019e-02, -4.6442889099223140e-04,  1.4798049878907234e-02,  1.3061223844701455e-02,  6.8374117156292770e-03,  3.7528878819168823e-03,  6.5204070551082587e-04,  9.3084452928740319e-02,  5.9755901888681020e-03,  5.3432291307416854e-03,  8.8315344630613205e-02,  1.7953806956512322e-01,  1.6670386411050307e-02, -7.4545147787896237e-04, -1.1970130580338738e-02,  7.5892755677845602e-03,  3.5926223511257745e-03,  1.7903952061451127e-03,  6.2015872770336848e-04
    78,  9.5114e+02,  1.1475949650492272e-01,  6.4714114786756146e-03, -3.3618499593632075e-03, -1.0319925060452065e-01,  1.6001365847322260e-01,  1.3295689445406019e-02, -4.6442889099223140e-04,  1.4798049878907234e-02,  1.3061223844701455e-02,  6.8374117156292770e-03,  3.7528878819168823e-03,  6.5204070551082587e-04,  9.3084452928740319e-02,  5.9755901888681020e-03,  5.3432291307416854e-03,  8.8315344630613205e-02,  1.7953806956512322e-01,  1.6670386411050307e-02, -7.4545147787896237e-04, -1.1970130580338738e-02,  7.5892755677845602e-03,  3.5926223511257745e-03,  1.7903952061451127e-03,  6.2015872770336848e-04
    79,  9.5114e+02,  1.1475949650492272e-01,  6.4714114786756146e-03, -3.3718499593632075e-03, -1.0309605135391613e-01,  1.6001365847322260e-01,  1.3295689445406019e-02, -4.6442889099223140e-04,  1.4798049878907234e-02,  1.3061223844701455e-02,  6.8374117156292770e-03,  3.7528878819168823e-03,  6.5204070551082587e-04,  9.3084452928740319e-02,  5.9755901888681020e-03,  5.3432291307416854e-03,  8.8315344630613205e-02,  1.7953806956512322e-01,  1.6670386411050307e-02, -7.4545147787896237e-04, -1.1970130580338738e-02,  7.5892755677845602e-03,  3.5926223511257745e-03,  1.7903952061451127e-03,  6.2015872770336848e-04
    80,  9.5114e+02,  1.1475949650492272e-01,  6.4714114786756146e-03, -3.3718499593632075e-03, -1.0319925060452065e-01,  1.6017367213169584e-01,  1.3295689445406019e-02, -4.6442889099223140e-04,  1.4798049878907234e-02,  1.3061223844701455e-02,  6.8374117156292770e-03,  3.7528878819168823e-03,  6.5204070551082587e-04,  9.3084452928740319e-02,  5.9755901888681020e-03,  5.3432291307416854e-03,  8.8315344630613205e-02,  1.7953806956512322e-01,  1.6670386411050307e-02, -7.4545147787896237e-04, -1.1970130580338738e-02,  7.5892755677845602e-03,  3.5926223511257745e-03,  1.7903952061451127e-03,  6.2015872770336848e-04
    81,  9.5114e+02,  1.1475949650492272e-01,  6.4714114786756146e-03, -3.3718499593632075e-03, -1.0319925060452065e-01,  1.6001365847322260e-01,  1.3308985134851424e-02, -4.6442889099223140e-04,  1.4798049878907234e-02,  1.3061223844701455e-02,  6.8374117156292770e-03,  3.7528878819168823e-03,  6.5204070551082587e-04,  9.3084452928740319e-02,  5.9755901888681020e-03,  5.3432291307416854e-03,  8.8315344630613205e-02,  1.7953806956512322e-01,  1.6670386411050307e-02, -7.4545147787896237e-04, -1.1970130580338738e-02,  7.5892755677845602e-03,  3.5926223511257745e-03,  1.7903952061451127e-03,  6.2015872770336848e-04
    82,  9.5114e+02,  1.1475949650492272e-01,  6.4714114786756146e-03, -3.3718499593632075e-03, -1.0319925060452065e-01,  1.6001365847322260e-01,  1.3295689445406019e-02, -4.5442889099223138e-04,  1.4798049878907234e-02,  1.3061223844701455e-02,  6.8374117156292770e-03,  3.7528878819168823e-03,  6.5204070551082587e-04,  9.3084452928740319e-02,  5.9755901888681020e-03,  5.3432291307416854e-03,  8.8315344630613205e-02,  1.7953806956512322e-01,  1.6670386411050307e-02, -7.4545147787896237e-04, -1.1970130580338738e-02,  7.5892755677845602e-03,  3.5926223511257745e-03,  1.7903952061451127e-03,  6.2015872770336848e-04
    83,  9.5114e+02,  1.1475949650492272e-01,  6.4714114786756146e-03, -3.3718499593632075e-03, -1.0319925060452065e-01,  1.6001365847322260e-01,  1.3295689445406019e-02, -4.6442889099223140e-04,  1.4812847928786141e-02,  1.3061223844701455e-02,  6.8374117156292770e-03,  3.7528878819168823e-03,  6.5204070551082587e-04,  9.3084452928740319e-02,  5.9755901888681020e-03,  5.3432291307416854e-03,  8.8315344630613205e-02,  1.7953806956512322e-01,  1.6670386411050307e-02, -7.4545147787896237e-04, -1.1970130580338738e-02,  7.5892755677845602e-03,  3.5926223511257745e-03,  1.7903952061451127e-03,  6.2015872770336848e-04
    84,  9.5114e+02,  1.1475949650492272e-01,  6.4714114786756146e-03, -3.3718499593632075e-03, -1.0319925060452065e-01,  1.6001365847322260e-01,  1.3295689445406019e-02, -4.6442889099223140e-04,  1.4798049878907234e-02,  1.3074285068546156e-02,  6.8374117156292770e-03,  3.7528878819168823e-03,  6.5204070551082587e-04,  9.3084452928740319e-02,  5.9755901888681020e-03,  5.3432291307416854e-03,  8.8315344630613205e-02,  1.7953806956512322e-01,  1.6670386411050307e-02, -7.4545147787896237e-04, -1.1970130580338738e-02,  7.5892755677845602e-03,  3.5926223511257745e-03,  1.7903952061451127e-03,  6.2015872770336848e-04
    85,  9.5114e+02,  1.1475949650492272e-01,  6.4714114786756146e-03, -3.3718499593632075e-03, -1.0319925060452065e-01,  1.6001365847322260e-01,  1.3295689445406019e-02, -4.6442889099223140e-04,  1.4798049878907234e-02,  1.3061223844701455e-02,  6.8474117156292766e-03,  3.7528878819168823e-03,  6.5204070551082587e-04,  9.3084452928740319e-02,  5.9755901888681020e-03,  5.3432291307416854e-03,  8.8315344630613205e-02,  1.7953806956512322e-01,  1.6670386411050307e-02, -7.4545147787896237e-04, -1.1970130580338738e-02,  7.5892755677845602e-03,  3.5926223511257745e-03,  1.7903952061451127e-03,  6.2015872770336848e-04
    86,  9.5114e+02,  1.1475949650492272e-01,  6.4714114786756146e-03, -3.3718499593632075e-03, -1.0319925060452065e-01,  1.6001365847322260e-01,  1.3295689445406019e-02, -4.6442889099223140e-04,  1.4798049878907234e-02,  1.3061223844701455e-02,  6.8374117156292770e-03,  3.7628878819168823e-03,  6.5204070551082587e-04,  9.3084452928740319e-02,  5.9755901888681020e-03,  5.3432291307416854e-03,  8.8315344630613205e-02,  1.7953806956512322e-01,  1.6670386411050307e-02, -7.4545147787896237e-04, -1.1970130580338738e-02,  7.5892755677845602e-03,  3.5926223511257745e-03,  1.7903952061451127e-03,  6.2015872770336848e-04
    87,  9.5114e+02,  1.1475949650492272e-01,  6.4714114786756146e-03, -3.3718499593632075e-03, -1.0319925060452065e-01,  1.6001365847322260e-01,  1.3295689445406019e-02, -4.6442889099223140e-04,  1.4798049878907234e-02,  1.3061223844701455e-02,  6.8374117156292770e-03,  3.7528878819168823e-03,  6.6204070551082589e-04,  9.3084452928740319e-02,  5.9755901888681020e-03,  5.3432291307416854e-03,  8.8315344630613205e-02,  1.7953806956512322e-01,  1.6670386411050307e-02, -7.4545147787896237e-04, -1.1970130580338738e-02,  7.5892755677845602e-03,  3.5926223511257745e-03,  1.7903952061451127e-03,  6.2015872770336848e-04
    88,  9.5114e+02,  1.1475949650492272e-01,  6.4714114786756146e-03, -3.3718499593632075e-03, -1.0319925060452065e-01,  1.6001365847322260e-01,  1.3295689445406019e-02, -4.6442889099223140e-04,  1.4798049878907234e-02,  1.3061223844701455e-02,  6.8374117156292770e-03,  3.7528878819168823e-03,  6.5204070551082587e-04,  9.3177537381669062e-02,  5.9755901888681020e-03,  5.3432291307416854e-03,  8.8315344630613205e-02,  1.7953806956512322e-01,  1.6670386411050307e-02, -7.4545147787896237e-04, -1.1970130580338738e-02,  7.5892755677845602e-03,  3.5926223511257745e-03,  1.7903952061451127e-03,  6.2015872770336848e-04
    89,  9.5114e+02,  1.1475949650492272e-01,  6.4714114786756146e-03, -3.3718499593632075e-03, -1.0319925060452065e-01,  1.6001365847322260e-01,  1.3295689445406019e-02, -4.6442889099223140e-04,  1.4798049878907234e-02,  1.3061223844701455e-02,  6.8374117156292770e-03,  3.7528878819168823e-03,  6.5204070551082587e-04,  9.3084452928740319e-02,  5.9855901888681015e-03,  5.3432291307416854e-03,  8.8315344630613205e-02,  1.7953806956512322e-01,  1.6670386411050307e-02, -7.4545147787896237e-04, -1.1970130580338738e-02,  7.5892755677845602e-03,  3.5926223511257745e-03,  1.7903952061451127e-03,  6.2015872770336848e-04
    90,  9.5114e+02,  1.1475949650492272e-01,  6.4714114786756146e-03, -3.3718499593632075e-03, -1.0319925060452065e-01,  1.6001365847322260e-01,  1.3295689445406019e-02, -4.6442889099223140e-04,  1.4798049878907234e-02,  1.3061223844701455e-02,  6.8374117156292770e-03,  3.7528878819168823e-03,  6.5204070551082587e-04,  9.3084452928740319e-02,  5.9755901888681020e-03,  5.3532291307416850e-03,  8.8315344630613205e-02,  1.7953806956512322e-01,  1.6670386411050307e-02, -7.4545147787896237e-04, -1.1970130580338738e-02,  7.5892755677845602e-03,  3.5926223511257745e-03,  1.7903952061451127e-03,  6.2015872770336848e-04
    91,  9.5114e+02,  1.1475949650492272e-01,  6.4714114786756146e-03, -3.3718499593632075e-03, -1.0319925060452065e-01,  1.6001365847322260e-01,  1.3295689445406019e-02, -4.6442889099223140e-04,  1.4798049878907234e-02,  1.3061223844701455e-02,  6.8374117156292770e-03,  3.7528878819168823e-03,  6.5204070551082587e-04,  9.3084452928740319e-02,  5.9755901888681020e-03,  5.3432291307416854e-03,  8.8403659975243812e-02,  1.7953806956512322e-01,  1.6670386411050307e-02, -7.4545147787896237e-04, -1.1970130580338738e-02,  7.5892755677845602e-03,  3.5926223511257745e-03,  1.7903952061451127e-03,  6.2015872770336848e-04
    92,  9.5114e+02,  1.1475949650492272e-01,  6.4714114786756146e-03, -3.3718499593632075e-03, -1.0319925060452065e-01,  1.6001365847322260e-01,  1.3295689445406019e-02, -4.6442889099223140e-04,  1.4798049878907234e-02,  1.3061223844701455e-02,  6.8374117156292770e-03,  3.7528878819168823e-03,  6.5204070551082587e-04,  9.3084452928740319e-02,  5.9755901888681020e-03,  5.3432291307416854e-03,  8.8315344630613205e-02,  1.7971760763468833e-01,  1.6670386411050307e-02, -7.4545147787896237e-04, -1.1970130580338738e-02,  7.5892755677845602e-03,  3.5926223511257745e-03,  1.7903952061451127e-03,  6.2015872770336848e-04
    93,  9.5114e+02,  1.1475949650492272e-01,  6.4714114786756146e-03, -3.3718499593632075e-03, -1.0319925060452065e-01,  1.6001365847322260e-01,  1.3295689445406019e-02, -4.6442889099223140e-04,  1.4798049878907234e-02,  1.3061223844701455e-02,  6.8374117156292770e-03,  3.7528878819168823e-03,  6.5204070551082587e-04,  9.3084452928740319e-02,  5.9755901888681020e-03,  5.3432291307416854e-03,  8.8315344630613205e-02,  1.7953806956512322e-01,  1.6687056797461356e-02, -7.4545147787896237e-04, -1.1970130580338738e-02,  7.5892755677845602e-03,  3.5926223511257745e-03,  1.7903952061451127e-03,  6.2015872770336848e-04
    94,  9.5114e+02,  1.1475949650492272e-01,  6.4714114786756146e-03, -3.3718499593632075e-03, -1.0319925060452065e-01,  1.6001365847322260e-01,  1.3295689445406019e-02, -4.6442889099223140e-04,  1.4798049878907234e-02,  1.3061223844701455e-02,  6.8374117156292770e-03,  3.7528878819168823e-03,  6.5204070551082587e-04,  9.3084452928740319e-02,  5.9755901888681020e-03,  5.3432291307416854e-03,  8.8315344630613205e-02,  1.7953806956512322e-01,  1.6670386411050307e-02, -7.3545147787896234e-04, -1.1970130580338738e-02,  7.5892755677845602e-03,  3.5926223511257745e-03,  1.7903952061451127e-03,  6.2015872770336848e-04
    95,  9.5114e+02,  1.1475949650492272e-01,  6.4714114786756146e-03, -3.3718499593632075e-03, -1.0319925060452065e-01,  1.6001365847322260e-01,  1.3295689445406019e-02, -4.6442889099223140e-04,  1.4798049878907234e-02,  1.3061223844701455e-02,  6.8374117156292770e-03,  3.7528878819168823e-03,  6.5204070551082587e-04,  9.3084452928740319e-02,  5.9755901888681020e-03,  5.3432291307416854e-03,  8.8315344630613205e-02,  1.7953806956512322e-01,  1.6670386411050307e-02, -7.4545147787896237e-04, -1.1958160449758400e-02,  7.5892755677845602e-03,  3.5926223511257745e-03,  1.7903952061451127e-03,  6.2015872770336848e-04
    96,  9.5114e+02,  1.1475949650492272e-01,  6.4714114786756146e-03, -3.3718499593632075e-03, -1.0319925060452065e-01,  1.6001365847322260e-01,  1.3295689445406019e-02, -4.6442889099223140e-04,  1.4798049878907234e-02,  1.3061223844701455e-02,  6.8374117156292770e-03,  3.7528878819168823e-03,  6.5204070551082587e-04,  9.3084452928740319e-02,  5.9755901888681020e-03,  5.3432291307416854e-03,  8.8315344630613205e-02,  1.7953806956512322e-01,  1.6670386411050307e-02, -7.4545147787896237e-04, -1.1970130580338738e-02,  7.5992755677845598e-03,  3.5926223511257745e-03,  1.7903952061451127e-03,  6.2015872770336848e-04
    97,  9.5114e+02,  1.1475949650492272e-01,  6.4714114786756146e-03, -3.3718499593632075e-03, -1.0319925060452065e-01,  1.6001365847322260e-01,  1.3295689445406019e-02, -4.6442889099223140e-04,  1.4798049878907234e-02,  1.3061223844701455e-02,  6.8374117156292770e-03,  3.7528878819168823e-03,  6.5204070551082587e-04,  9.3084452928740319e-02,  5.9755901888681020e-03,  5.3432291307416854e-03,  8.8315344630613205e-02,  1.7953806956512322e-01,  1.6670386411050307e-02, -7.4545147787896237e-04, -1.1970130580338738e-02,  7.5892755677845602e-03,  3.6026223511257745e-03,  1.7903952061451127e-03,  6.2015872770336848e-04
    98,  9.5114e+02,  1.1475949650492272e-01,  6.4714114786756146e-03, -3.3718499593632075e-03, -1.0319925060452065e-01,  1.6001365847322260e-01,  1.3295689445406019e-02, -4.6442889099223140e-04,  1.4798049878907234e-02,  1.3061223844701455e-02,  6.8374117156292770e-03,  3.7528878819168823e-03,  6.5204070551082587e-04,  9.3084452928740319e-02,  5.9755901888681020e-03,  5.3432291307416854e-03,  8.8315344630613205e-02,  1.7953806956512322e-01,  1.6670386411050307e-02, -7.4545147787896237e-04, -1.1970130580338738e-02,  7.5892755677845602e-03,  3.5926223511257745e-03,  1.8003952061451127e-03,  6.2015872770336848e-04
    99,  9.5114e+02,  1.1475949650492272e-01,  6.4714114786756146e-03, -3.3718499593632075e-03, -1.0319925060452065e-01,  1.6001365847322260e-01,  1.3295689445406019e-02, -4.6442889099223140e-04,  1.4798049878907234e-02,  1.3061223844701455e-02,  6.8374117156292770e-03,  3.7528878819168823e-03,  6.5204070551082587e-04,  9.3084452928740319e-02,  5.9755901888681020e-03,  5.3432291307416854e-03,  8.8315344630613205e-02,  1.7953806956512322e-01,  1.6670386411050307e-02, -7.4545147787896237e-04, -1.1970130580338738e-02,  7.5892755677845602e-03,  3.5926223511257745e-03,  1.7903952061451127e-03,  6.3015872770336850e-04
   100,  1.1729e+03,  1.1470437251781693e-01,  6.4458669962257041e-03, -3.8082495220646503e-03, -1.0301513398242047e-01,  1.6013420171057061e-01,  1.3051973385717510e-02, -6.3664399931508825e-04,  1.4742560115224733e-02,  1.3065374077489039e-02,  6.8152586095443961e-03,  3.0837725297388208e-03,  4.2970834299824428e-04,  9.3000897165709709e-02,  5.9817000057592364e-03,  5.4678683399741563e-03,  8.8392369919818997e-02,  1.7943291699794450e-01,  1.6220429636282278e-02, -8.1529930595309989e-04, -1.1980288475388880e-02,  6.8596832868270414e-03,  3.6901186028840821e-03,  1.6967894791571616e-03,  3.0581287856083463e-04
   101,  1.1729e+03,  1.1481907689033474e-01,  6.4458669962257041e-03, -3.8082495220646503e-03, -1.0301513398242047e-01,  1.6013420171057061e-01,  1.3051973385717510e-02, -6.3664399931508825e-04,  1.4742560115224733e-02,  1.3065374077489039e-02,  6.8152586095443961e-03,  3.0837725297388208e-03,  4.2970834299824428e-04,  9.3000897165709709e-02,  5.9817000057592364e-03,  5.4678683399741563e-03,  8.8392369919818997e-02,  1.7943291699794450e-01,  1.6220429636282278e-02, -8.1529930595309989e-04, -1.1980288475388880e-02,  6.8596832868270414e-03,  3.6901186028840821e-03,  1.6967894791571616e-03,  3.0581287856083463e-04
   102,  1.1729e+03,  1.1470437251781693e-01,  6.4558669962257037e-03, -3.8082495220646503e-03, -1.0301513398242047e-01,  1.6013420171057061e-01,  1.3051973385717510e-02, -6.3664399931508825e-04,  1.4742560115224733e-02,  1.3065374077489039e-02,  6.8152586095443961e-03,  3.0837725297388208e-03,  4.2970834299824428e-04,  9.3000897165709709e-02,  5.9817000057592364e-03,  5.4678683399741563e-03,  8.8392369919818997e-02,  1.7943291699794450e-01,  1.6220429636282278e-02, -8.1529930595309989e-04, -1.1980288475388880e-02,  6.8596832868270414e-03,  3.6901186028840821e-03,  1.6967894791571616e-03,  3.0581287856083463e-04
   103,  1.1729e+03,  1.1470437251781693e-01,  6.4458669962257041e-03, -3.7982495220646503e-03, -1.0301513398242047e-01,  1.6013420171057061e-01,  1.3051973385717510e-02, -6.3664399931508825e-04,  1.4742560115224733e-02,  1.3065374077489039e-02,  6.8152586095443961e-03,  3.0837725297388208e-03,  4.2970834299824428e-04,  9.3000897165709709e-02,  5.9817000057592364e-03,  5.4678683399741563e-03,  8.8392369919818997e-02,  1.7943291699794450e-01,  1.6220429636282278e-02, -8.1529930595309989e-04, -1.1980288475388880e-02,  6.8596832868270414e-03,  3.6901186028840821e-03,  1.6967894791571616e-03,  3.0581287856083463e-04
   104,  1.1729e+03,  1.1470437251781693e-01,  6.4458669962257041e-03, -3.8082495220646503e-03, -1.0291211884843805e-01,  1.6013420171057061e-01,  1.3051973385717510e-02, -6.3664399931508825e-04,  1.4742560115224733e-02,  1.3065374077489039e-02,  6.8152586095443961e-03,  3.0837725297388208e-03,  4.2970834299824428e-04,  9.3000897165709709e-02,  5.9817000057592364e-03,  5.4678683399741563e-03,  8.8392369919818997e-02,  1.7943291699794450e-01,  1.6220429636282278e-02, -8.1529930595309989e-04, -1.1980288475388880e-02,  6.8596832868270414e-03,  3.6901186028840821e-03,  1.6967894791571616e-03,  3.0581287856083463e-04
   105,  1.1729e+03,  1.1470437251781693e-01,  6.4458669962257041e-03, -3.8082495220646503e-03, -1.0301513398242047e-01,  1.6029433591228118e-01,  1.3051973385717510e-02, -6.3664399931508825e-04,  1.4742560115224733e-02,  1.3065374077489039e-02,  6.8152586095443961e-03,  3.0837725297388208e-03,  4.2970834299824428e-04,  9.3000897165709709e-02,  5.9817000057592364e-03,  5.4678683399741563e-03,  8.8392369919818997e-02,  1.7943291699794450e-01,  1.6220429636282278e-02, -8.1529930595309989e-04, -1.1980288475388880e-02,  6.8596832868270414e-03,  3.6901186028840821e-03,  1.6967894791571616e-03,  3.0581287856083463e-04
   106,  1.1729e+03,  1.1470437251781693e-01,  6.4458669962257041e-03, -3.8082495220646503e-03, -1.0301513398242047e-01,  1.6013420171057061e-01,  1.3065025359103227e-02, -6.3664399931508825e-04,  1.4742560115224733e-02,  1.3065374077489039e-02,  6.8152586095443961e-03,  3.0837725297388208e-03,  4.2970834299824428e-04,  9.3000897165709709e-02,  5.9817000057592364e-03,  5.4678683399741563e-03,  8.8392369919818997e-02,  1.7943291699794450e-01,  1.6220429636282278e-02, -8.1529930595309989e-04, -1.1980288475388880e-02,  6.8596832868270414e-03,  3.6901186028840821e-03,  1.6967894791571616e-03,  3.0581287856083463e-04
   107,  1.1729e+03,  1.1470437251781693e-01,  6.4458669962257041e-03, -3.8082495220646503e-03, -1.0301513398242047e-01,  1.6013420171057061e-01,  1.3051973385717510e-02, -6.2664399931508822e-04,  1.4742560115224733e-02,  1.3065374077489039e-02,  6.8152586095443961e-03,  3.0837725297388208e-03,  4.2970834299824428e-04,  9.3000897165709709e-02,  5.9817000057592364e-03,  5.4678683399741563e-03,  8.8392369919818997e-02,  1.7943291699794450e-01,  1.6220429636282278e-02, -8.1529930595309989e-04, -1.1980288475388880e-02,  6.8596832868270414e-03,  3.6901186028840821e-03,  1.6967894791571616e-03,  3.0581287856083463e-04
   108,  1.1729e+03,  1.1470437251781693e-01,  6.4458669962257041e-03, -3.8082495220646503e-03, -1.0301513398242047e-01,  1.6013420171057061e-01,  1.3051973385717510e-02, -6.3664399931508825e-04,  1.4757302675339957e-02,  1.3065374077489039e-02,  6.8152586095443961e-03,  3.0837725297388208e-03,  4.2970834299824428e-04,  9.3000897165709709e-02,  5.9817000057592364e-03,  5.4678683399741563e-03,  8.8392369919818997e-02,  1.7943291699794450e-01,  1.6220429636282278e-02, -8.1529930595309989e-04, -1.1980288475388880e-02,  6.8596832868270414e-03,  3.6901186028840821e-03,  1.6967894791571616e-03,  3.0581287856083463e-04
   109,  1.1729e+03,  1.1470437251781693e-01,  6.4458669962257041e-03, -3.8082495220646503e-03, -1.0301513398242047e-01,  1.6013420171057061e-01,  1.3051973385717510e-02, -6.3664399931508825e-04,  1.4742560115224733e-02,  1.3078439451566528e-02,  6.8152586095443961e-03,  3.0837725297388208e-03,  4.2970834299824428e-04,  9.3000897165709709e-02,  5.9817000057592364e-03,  5.4678683399741563e-03,  8.8392369919818997e-02,  1.7943291699794450e-01,  1.6220429636282278e-02, -8.1529930595309989e-04, -1.1980288475388880e-02,  6.8596832868270414e-03,  3.6901186028840821e-03,  1.6967894791571616e-03,  3.0581287856083463e-04
   110,  1.1729e+03,  1.1470437251781693e-01,  6.4458669962257041e-03, -3.8082495220646503e-03, -1.0301513398242047e-01,  1.6013420171057061e-01,  1.3051973385717510e-02, -6.3664399931508825e-04,  1.4742560115224733e-02,  1.3065374077489039e-02,  6.8252586095443957e-03,  3.0837725297388208e-03,  4.2970834299824428e-04,  9.3000897165709709e-02,  5.9817000057592364e-03,  5.4678683399741563e-03,  8.8392369919818997e-02,  1.7943291699794450e-01,  1.6220429636282278e-02, -8.1529930595309989e-04, -1.1980288475388880e-02,  6.8596832868270414e-03,  3.6901186028840821e-03,  1.6967894791571616e-03,  3.0581287856083463e-04
   111,  1.1729e+03,  1.1470437251781693e-01,  6.4458669962257041e-03, -3.8082495220646503e-03, -1.0301513398242047e-01,  1.6013420171057061e-01,  1.3051973385717510e-02, -6.3664399931508825e-04,  1.4742560115224733e-02,  1.3065374077489039e-02,  6.8152586095443961e-03,  3.0937725297388208e-03,  4.2970834299824428e-04,  9.3000897165709709e-02,  5.9817000057592364e-03,  5.4678683399741563e-03,  8.8392369919818997e-02,  1.7943291699794450e-01,  1.6220429636282278e-02, -8.1529930595309989e-04, -1.1980288475388880e-02,  6.8596832868270414e-03,  3.6901186028840821e-03,  1.6967894791571616e-03,  3.0581287856083463e-04
   112,  1.1729e+03,  1.1470437251781693e-01,  6.4458669962257041e-03, -3.8082495220646503e-03, -1.0301513398242047e-01,  1.6013420171057061e-01,  1.3051973385717510e-02, -6.3664399931508825e-04,  1.4742560115224733e-02,  1.3065374077489039e-02,  6.8152586095443961e-03,  3.0837725297388208e-03,  4.3970834299824431e-04,  9.3000897165709709e-02,  5.9817000057592364e-03,  5.4678683399741563e-03,  8.8392369919818997e-02,  1.7943291699794450e-01,  1.6220429636282278e-02, -8.1529930595309989e-04, -1.1980288475388880e-02,  6.8596832868270414e-03,  3.6901186028840821e-03,  1.6967894791571616e-03,  3.0581287856083463e-04
   113,  1.1729e+03,  1.1470437251781693e-01,  6.4458669962257041e-03, -3.8082495220646503e-03, -1.0301513398242047e-01,  1.6013420171057061e-01,  1.3051973385717510e-02, -6.3664399931508825e-04,  1.4742560115224733e-02,  1.3065374077489039e-02,  6.8152586095443961e-03,  3.0837725297388208e-03,  4.2970834299824428e-04,  9.3093898062875421e-02,  5.9817000057592364e-03,  5.4678683399741563e-03,  8.8392369919818997e-02,  1.7943291699794450e-01,  1.6220429636282278e-02, -8.1529930595309989e-04, -1.1980288475388880e-02,  6.8596832868270414e-03,  3.6901186028840821e-03,  1.6967894791571616e-03,  3.0581287856083463e-04
   114,  1.1729e+03,  1.1470437251781693e-01,  6.4458669962257041e-03, -3.8082495220646503e-03, -1.0301513398242047e-01,  1.6013420171057061e-01,  1.3051973385717510e-02, -6.3664399931508825e-04,  1.4742560115224733e-02,  1.3065374077489039e-02,  6.8152586095443961e-03,  3.0837725297388208e-03,  4.2970834299824428e-04,  9.3000897165709709e-02,  5.9917000057592359e-03,  5.4678683399741563e-03,  8.8392369919818997e-02,  1.7943291699794450e-01,  1.6220429636282278e-02, -8.1529930595309989e-04, -1.1980288475388880e-02,  6.8596832868270414e-03,  3.6901186028840821e-03,  1.6967894791571616e-03,  3.0581287856083463e-04
   115,  1.1729e+03,  1.1470437251781693e-01,  6.4458669962257041e-03, -3.8082495220646503e-03, -1.0301513398242047e-01,  1.6013420171057061e-01,  1.3051973385717510e-02, -6.3664399931508825e-04,  1.4742560115224733e-02,  1.3065374077489039e-02,  6.8152586095443961e-03,  3.0837725297388208e-03,  4.2970834299824428e-04,  9.3000897165709709e-02,  5.9817000057592364e-03,  5.4778683399741559e-03,  8.8392369919818997e-02,  1.7943291699794450e-01,  1.6220429636282278e-02, -8.1529930595309989e-04, -1.1980288475388880e-02,  6.8596832868270414e-03,  3.6901186028840821e-03,  1.6967894791571616e-03,  3.0581287856083463e-04
   116,  1.1729e+03,  1.1470437251781693e-01,  6.4458669962257041e-03, -3.8082495220646503e-03, -1.0301513398242047e-01,  1.6013420171057061e-01,  1.3051973385717510e-02, -6.3664399931508825e-04,  1.4742560115224733e-02,  1.3065374077489039e-02,  6.8152586095443961e-03,  3.0837725297388208e-03,  4.2970834299824428e-04,  9.3000897165709709e-02,  5.9817000057592364e-03,  5.4678683399741563e-03,  8.8480762289738821e-02,  1.7943291699794450e-01,  1.6220429636282278e-02, -8.1529930595309989e-04, -1.1980288475388880e-02,  6.8596832868270414e-03,  3.6901186028840821e-03,  1.6967894791571616e-03,  3.0581287856083463e-04
   117,  1.1729e+03,  1.1470437251781693e-01,  6.4458669962257041e-03, -3.8082495220646503e-03, -1.0301513398242047e-01,  1.6013420171057061e-01,  1.3051973385717510e-02, -6.3664399931508825e-04,  1.4742560115224733e-02,  1.3065374077489039e-02,  6.8152586095443961e-03,  3.0837725297388208e-03,  4.2970834299824428e-04,  9.3000897165709709e-02,  5.9817000057592364e-03,  5.4678683399741563e-03,  8.8392369919818997e-02,  1.7961234991494246e-01,  1.6220429636282278e-02, -8.1529930595309989e-04, -1.1980288475388880e-02,  6.8596832868270414e-03,  3.6901186028840821e-03,  1.6967894791571616e-03,  3.0581287856083463e-04
   118,  1.1729e+03,  1.1470437251781693e-01,  6.4458669962257041e-03, -3.8082495220646503e-03, -1.0301513398242047e-01,  1.6013420171057061e-01,  1.3051973385717510e-02, -6.3664399931508825e-04,  1.4742560115224733e-02,  1.3065374077489039e-02,  6.8152586095443961e-03,  3.0837725297388208e-03,  4.2970834299824428e-04,  9.3000897165709709e-02,  5.9817000057592364e-03,  5.4678683399741563e-03,  8.8392369919818997e-02,  1.7943291699794450e-01,  1.6236650065918561e-02, -8.1529930595309989e-04, -1.1980288475388880e-02,  6.8596832868270414e-03,  3.6901186028840821e-03,  1.6967894791571616e-03,  3.0581287856083463e-04
   119,  1.1729e+03,  1.1470437251781693e-01,  6.4458669962257041e-03, -3.8082495220646503e-03, -1.0301513398242047e-01,  1.6013420171057061e-01,  1.3051973385717510e-02, -6.3664399931508825e-04,  1.4742560115224733e-02,  1.3065374077489039e-02,  6.8152586095443961e-03,  3.0837725297388208e-03,  4.2970834299824428e-04,  9.3000897165709709e-02,  5.9817000057592364e-03,  5.4678683399741563e-03,  8.8392369919818997e-02,  1.7943291699794450e-01,  1.6220429636282278e-02, -8.0529930595309987e-04, -1.1980288475388880e-02,  6.8596832868270414e-03,  3.6901186028840821e-03,  1.6967894791571616e-03,  3.0581287856083463e-04
   120,  1.1729e+03,  1.1470437251781693e-01,  6.4458669962257041e-03, -3.8082495220646503e-03, -1.0301513398242047e-01,  1.6013420171057061e-01,  1.3051973385717510e-02, -6.3664399931508825e-04,  1.4742560115224733e-02,  1.3065374077489039e-02,  6.8152586095443961e-03,  3.0837725297388208e-03,  4.2970834299824428e-04,  9.3000897165709709e-02,  5.9817000057592364e-03,  5.4678683399741563e-03,  8.8392369919818997e-02,  1.7943291699794450e-01,  1.6220429636282278e-02, -8.1529930595309989e-04, -1.1968308186913490e-02,  6.8596832868270414e-03,  3.6901186028840821e-03,  1.6967894791571616e-03,  3.0581287856083463e-04
   121,  1.1729e+03,  1.1470437251781693e-01,  6.4458669962257041e-03, -3.8082495220646503e-03, -1.0301513398242047e-01,  1.6013420171057061e-01,  1.3051973385717510e-02, -6.3664399931508825e-04,  1.4742560115224733e-02,  1.3065374077489039e-02,  6.8152586095443961e-03,  3.0837725297388208e-03,  4.2970834299824428e-04,  9.3000897165709709e-02,  5.9817000057592364e-03,  5.4678683399741563e-03,  8.8392369919818997e-02,  1.7943291699794450e-01,  1.6220429636282278e-02, -8.1529930595309989e-04, -1.1980288475388880e-02,  6.8696832868270410e-03,  3.6901186028840821e-03,  1.6967894791571616e-03,  3.0581287856083463e-04
   122,  1.1729e+03,  1.1470437251781693e-01,  6.4458669962257041e-03, -3.8082495220646503e-03, -1.0301513398242047e-01,  1.6013420171057061e-01,  1.3051973385717510e-02, -6.3664399931508825e-04,  1.4742560115224733e-02,  1.3065374077489039e-02,  6.8152586095443961e-03,  3.0837725297388208e-03,  4.2970834299824428e-04,  9.3000897165709709e-02,  5.9817000057592364e-03,  5.4678683399741563e-03,  8.8392369919818997e-02,  1.7943291699794450e-01,  1.6220429636282278e-02, -8.1529930595309989e-04, -1.1980288475388880e-02,  6.8596832868270414e-03,  3.7001186028840821e-03,  1.6967894791571616e-03,  3.0581287856083463e-04
   123,  1.1729e+03,  1.1470437251781693e-01,  6.4458669962257041e-03, -3.8082495220646503e-03, -1.0301513398242047e-01,  1.6013420171057061e-01,  1.3051973385717510e-02, -6.3664399931508825e-04,  1.4742560115224733e-02,  1.3065374077489039e-02,  6.8152586095443961e-03,  3.0837725297388208e-03,  4.2970834299824428e-04,  9.3000897165709709e-02,  5.9817000057592364e-03,  5.4678683399741563e-03,  8.8392369919818997e-02,  1.7943291699794450e-01,  1.6220429636282278e-02, -8.1529930595309989e-04, -1.1980288475388880e-02,  6.8596832868270414e-03,  3.6901186028840821e-03,  1.7067894791571617e-03,  3.0581287856083463e-04
   124,  1.1729e+03,  1.1470437251781693e-01,  6.4458669962257041e-03, -3.8082495220646503e-03, -1.0301513398242047e-01,  1.6013420171057061e-01,  1.3051973385717510e-02, -6.3664399931508825e-04,  1.4742560115224733e-02,  1.3065374077489039e-02,  6.8152586095443961e-03,  3.0837725297388208e-03,  4.2970834299824428e-04,  9.3000897165709709e-02,  5.9817000057592364e-03,  5.4678683399741563e-03,  8.8392369919818997e-02,  1.7943291699794450e-01,  1.6220429636282278e-02, -8.1529930595309989e-04, -1.1980288475388880e-02,  6.8596832868270414e-03,  3.6901186028840821e-03,  1.6967894791571616e-03,  3.1581287856083466e-04
