   2.1791208842797394E-005  -619.98628889828126     
  -9.9782087911572028E-003   1.4412946262148125     
   118195.25061473514       -10708.528838990220     
 
   11845350.036114836        8.6901011041647117E-002
  -583948.56843186344        3387.0716029106588     
 
   8.4421205970049383E-008  -2.1659678365960833E-012
   1.4554650196688550E-005   2.9523991589868956E-004
 
   264.37913841545253        790.32414608406600     
 
 
   2.1455629725882636E-005  -630.97398249740854     
  -9.9785443702741176E-003   1.4833230920286269     
   118184.27325422374       -10959.866932116380     
 
   11843857.128791690       0.12176754511840503     
  -595058.66686155507        3385.6734577319844     
 
   8.4431801409806376E-008  -3.0366346063639415E-012
   1.4839551366922220E-005   2.9536167781937962E-004
 
   264.34078909570394        790.30232352151984     
 
 
   2.0968679568607665E-005  -641.02126227558074     
  -9.9790313204313925E-003   1.4633106279752610     
   118187.01468878196       -10794.960966242765     
 
   11843553.954958189       0.12381032532299825     
  -585185.25938403374        3386.4162809035406     
 
   8.4433962757156632E-008  -3.0869791337302069E-012
   1.4590501077937598E-005   2.9529688927626527E-004
 
   264.30371107067282        790.28053441848306     
 
 
   1.9283689387158617E-005  -650.02401499562632     
  -9.9807163106128416E-003   1.3966518190230772     
   118214.68064141713       -10283.807218646558     
 
   11844321.955964301        9.7871655420651169E-002
  -556098.39711479587        3389.2104043283198     
 
   8.4428525998073631E-008  -2.4380780826130385E-012
   1.3852951684065884E-005   2.9505357439939402E-004
 
   264.26797129037442        790.25881813214903     
 
 
   1.5551603667831801E-005  -657.87778426666398     
  -9.9844483963321684E-003   1.2978137222922896     
   118275.47762656087       -9494.6388655225855     
 
   11845976.557481583        4.9325857375054516E-002
  -509785.85373079660        3393.9449399466439     
 
   8.4416794994180862E-008  -1.2268704600751837E-012
   1.2679783752179161E-005   2.9464219138879610E-004
 
   264.23356820420247        790.23720040421313     
 
 
   9.1549603068348528E-006  -664.47816213978899     
  -9.9908450396931654E-003   1.1850501045154260     
   118374.54424867700       -8506.1669426667977     
 
   11848299.546224648       -1.6453717536746574E-002
  -448049.08602403116        3400.5127198164942     
 
   8.4400312388506347E-008   4.0837926938517556E-013
   1.1120523856724072E-005   2.9407335462868747E-004
 
   264.20044110470548        790.21569445215550     
 
 
  -3.1469598948258293E-007  -669.75657162154346     
  -1.0000314695989483E-002   0.0000000000000000     
   118514.85447958976       -3771.4820787863755     
 
   11851112.498201568       -9.4744600632977266E-002
  -377136.33954928571        3408.3227080249017     
 
   8.4380338534878794E-008   2.3456057893048852E-012
   9.3368189373754631E-006   2.9339970721043449E-004
 
   264.16847951099760        790.19430221436585     
 
 
