Problem type:
least_squares
nparams:
24
function_evaluation,seconds,x(0),x(1),x(2),x(3),x(4),x(5),x(6),x(7),x(8),x(9),x(10),x(11),x(12),x(13),x(14),x(15),x(16),x(17),x(18),x(19),x(20),x(21),x(22),x(23)
     0,  3.0666e+01,  1.6213047516217766e-01,  1.1491377974734882e-02, -1.2873453891594094e-02, -7.7293556423294371e-02,  1.5323106222259320e-01,  1.1501177268611832e-02, -1.2287038320166915e-03,  1.1574048781489122e-02,  2.0325092130410796e-02,  4.4471305739037029e-03,  4.6790816339551219e-04, -8.0055740024928676e-04,  1.2293288649593093e-01,  7.4617960243498396e-03,  1.2080040223583419e-02,  6.5082779828841725e-02,  1.5773050771081054e-01,  1.1592902806932219e-02, -1.1361443417221425e-03, -1.5206976596033627e-03,  2.1971604760027828e-02,  4.4110693496979443e-03, -1.5067624033517338e-03, -7.5880207057823666e-04
     1,  3.0666e+01,  1.6214668820969388e-01,  1.1491377974734882e-02, -1.2873453891594094e-02, -7.7293556423294371e-02,  1.5323106222259320e-01,  1.1501177268611832e-02, -1.2287038320166915e-03,  1.1574048781489122e-02,  2.0325092130410796e-02,  4.4471305739037029e-03,  4.6790816339551219e-04, -8.0055740024928676e-04,  1.2293288649593093e-01,  7.4617960243498396e-03,  1.2080040223583419e-02,  6.5082779828841725e-02,  1.5773050771081054e-01,  1.1592902806932219e-02, -1.1361443417221425e-03, -1.5206976596033627e-03,  2.1971604760027828e-02,  4.4110693496979443e-03, -1.5067624033517338e-03, -7.5880207057823666e-04
     2,  3.0666e+01,  1.6213047516217766e-01,  1.1492527112532356e-02, -1.2873453891594094e-02, -7.7293556423294371e-02,  1.5323106222259320e-01,  1.1501177268611832e-02, -1.2287038320166915e-03,  1.1574048781489122e-02,  2.0325092130410796e-02,  4.4471305739037029e-03,  4.6790816339551219e-04, -8.0055740024928676e-04,  1.2293288649593093e-01,  7.4617960243498396e-03,  1.2080040223583419e-02,  6.5082779828841725e-02,  1.5773050771081054e-01,  1.1592902806932219e-02, -1.1361443417221425e-03, -1.5206976596033627e-03,  2.1971604760027828e-02,  4.4110693496979443e-03, -1.5067624033517338e-03, -7.5880207057823666e-04
     3,  3.0666e+01,  1.6213047516217766e-01,  1.1491377974734882e-02, -1.2872166546204935e-02, -7.7293556423294371e-02,  1.5323106222259320e-01,  1.1501177268611832e-02, -1.2287038320166915e-03,  1.1574048781489122e-02,  2.0325092130410796e-02,  4.4471305739037029e-03,  4.6790816339551219e-04, -8.0055740024928676e-04,  1.2293288649593093e-01,  7.4617960243498396e-03,  1.2080040223583419e-02,  6.5082779828841725e-02,  1.5773050771081054e-01,  1.1592902806932219e-02, -1.1361443417221425e-03, -1.5206976596033627e-03,  2.1971604760027828e-02,  4.4110693496979443e-03, -1.5067624033517338e-03, -7.5880207057823666e-04
     4,  3.0666e+01,  1.6213047516217766e-01,  1.1491377974734882e-02, -1.2873453891594094e-02, -7.7285827067652038e-02,  1.5323106222259320e-01,  1.1501177268611832e-02, -1.2287038320166915e-03,  1.1574048781489122e-02,  2.0325092130410796e-02,  4.4471305739037029e-03,  4.6790816339551219e-04, -8.0055740024928676e-04,  1.2293288649593093e-01,  7.4617960243498396e-03,  1.2080040223583419e-02,  6.5082779828841725e-02,  1.5773050771081054e-01,  1.1592902806932219e-02, -1.1361443417221425e-03, -1.5206976596033627e-03,  2.1971604760027828e-02,  4.4110693496979443e-03, -1.5067624033517338e-03, -7.5880207057823666e-04
     5,  3.0666e+01,  1.6213047516217766e-01,  1.1491377974734882e-02, -1.2873453891594094e-02, -7.7293556423294371e-02,  1.5324638532881546e-01,  1.1501177268611832e-02, -1.2287038320166915e-03,  1.1574048781489122e-02,  2.0325092130410796e-02,  4.4471305739037029e-03,  4.6790816339551219e-04, -8.0055740024928676e-04,  1.2293288649593093e-01,  7.4617960243498396e-03,  1.2080040223583419e-02,  6.5082779828841725e-02,  1.5773050771081054e-01,  1.1592902806932219e-02, -1.1361443417221425e-03, -1.5206976596033627e-03,  2.1971604760027828e-02,  4.4110693496979443e-03, -1.5067624033517338e-03, -7.5880207057823666e-04
     6,  3.0666e+01,  1.6213047516217766e-01,  1.1491377974734882e-02, -1.2873453891594094e-02, -7.7293556423294371e-02,  1.5323106222259320e-01,  1.1502327386338693e-02, -1.2287038320166915e-03,  1.1574048781489122e-02,  2.0325092130410796e-02,  4.4471305739037029e-03,  4.6790816339551219e-04, -8.0055740024928676e-04,  1.2293288649593093e-01,  7.4617960243498396e-03,  1.2080040223583419e-02,  6.5082779828841725e-02,  1.5773050771081054e-01,  1.1592902806932219e-02, -1.1361443417221425e-03, -1.5206976596033627e-03,  2.1971604760027828e-02,  4.4110693496979443e-03, -1.5067624033517338e-03, -7.5880207057823666e-04
     7,  3.0667e+01,  1.6213047516217766e-01,  1.1491377974734882e-02, -1.2873453891594094e-02, -7.7293556423294371e-02,  1.5323106222259320e-01,  1.1501177268611832e-02, -1.2277038320166916e-03,  1.1574048781489122e-02,  2.0325092130410796e-02,  4.4471305739037029e-03,  4.6790816339551219e-04, -8.0055740024928676e-04,  1.2293288649593093e-01,  7.4617960243498396e-03,  1.2080040223583419e-02,  6.5082779828841725e-02,  1.5773050771081054e-01,  1.1592902806932219e-02, -1.1361443417221425e-03, -1.5206976596033627e-03,  2.1971604760027828e-02,  4.4110693496979443e-03, -1.5067624033517338e-03, -7.5880207057823666e-04
     8,  3.0667e+01,  1.6213047516217766e-01,  1.1491377974734882e-02, -1.2873453891594094e-02, -7.7293556423294371e-02,  1.5323106222259320e-01,  1.1501177268611832e-02, -1.2287038320166915e-03,  1.1575206186367270e-02,  2.0325092130410796e-02,  4.4471305739037029e-03,  4.6790816339551219e-04, -8.0055740024928676e-04,  1.2293288649593093e-01,  7.4617960243498396e-03,  1.2080040223583419e-02,  6.5082779828841725e-02,  1.5773050771081054e-01,  1.1592902806932219e-02, -1.1361443417221425e-03, -1.5206976596033627e-03,  2.1971604760027828e-02,  4.4110693496979443e-03, -1.5067624033517338e-03, -7.5880207057823666e-04
     9,  3.0667e+01,  1.6213047516217766e-01,  1.1491377974734882e-02, -1.2873453891594094e-02, -7.7293556423294371e-02,  1.5323106222259320e-01,  1.1501177268611832e-02, -1.2287038320166915e-03,  1.1574048781489122e-02,  2.0327124639623839e-02,  4.4471305739037029e-03,  4.6790816339551219e-04, -8.0055740024928676e-04,  1.2293288649593093e-01,  7.4617960243498396e-03,  1.2080040223583419e-02,  6.5082779828841725e-02,  1.5773050771081054e-01,  1.1592902806932219e-02, -1.1361443417221425e-03, -1.5206976596033627e-03,  2.1971604760027828e-02,  4.4110693496979443e-03, -1.5067624033517338e-03, -7.5880207057823666e-04
    10,  3.0667e+01,  1.6213047516217766e-01,  1.1491377974734882e-02, -1.2873453891594094e-02, -7.7293556423294371e-02,  1.5323106222259320e-01,  1.1501177268611832e-02, -1.2287038320166915e-03,  1.1574048781489122e-02,  2.0325092130410796e-02,  4.4481305739037030e-03,  4.6790816339551219e-04, -8.0055740024928676e-04,  1.2293288649593093e-01,  7.4617960243498396e-03,  1.2080040223583419e-02,  6.5082779828841725e-02,  1.5773050771081054e-01,  1.1592902806932219e-02, -1.1361443417221425e-03, -1.5206976596033627e-03,  2.1971604760027828e-02,  4.4110693496979443e-03, -1.5067624033517338e-03, -7.5880207057823666e-04
    11,  3.0667e+01,  1.6213047516217766e-01,  1.1491377974734882e-02, -1.2873453891594094e-02, -7.7293556423294371e-02,  1.5323106222259320e-01,  1.1501177268611832e-02, -1.2287038320166915e-03,  1.1574048781489122e-02,  2.0325092130410796e-02,  4.4471305739037029e-03,  4.6890816339551221e-04, -8.0055740024928676e-04,  1.2293288649593093e-01,  7.4617960243498396e-03,  1.2080040223583419e-02,  6.5082779828841725e-02,  1.5773050771081054e-01,  1.1592902806932219e-02, -1.1361443417221425e-03, -1.5206976596033627e-03,  2.1971604760027828e-02,  4.4110693496979443e-03, -1.5067624033517338e-03, -7.5880207057823666e-04
    12,  3.0667e+01,  1.6213047516217766e-01,  1.1491377974734882e-02, -1.2873453891594094e-02, -7.7293556423294371e-02,  1.5323106222259320e-01,  1.1501177268611832e-02, -1.2287038320166915e-03,  1.1574048781489122e-02,  2.0325092130410796e-02,  4.4471305739037029e-03,  4.6790816339551219e-04, -7.9955740024928673e-04,  1.2293288649593093e-01,  7.4617960243498396e-03,  1.2080040223583419e-02,  6.5082779828841725e-02,  1.5773050771081054e-01,  1.1592902806932219e-02, -1.1361443417221425e-03, -1.5206976596033627e-03,  2.1971604760027828e-02,  4.4110693496979443e-03, -1.5067624033517338e-03, -7.5880207057823666e-04
    13,  3.0667e+01,  1.6213047516217766e-01,  1.1491377974734882e-02, -1.2873453891594094e-02, -7.7293556423294371e-02,  1.5323106222259320e-01,  1.1501177268611832e-02, -1.2287038320166915e-03,  1.1574048781489122e-02,  2.0325092130410796e-02,  4.4471305739037029e-03,  4.6790816339551219e-04, -8.0055740024928676e-04,  1.2294517978458051e-01,  7.4617960243498396e-03,  1.2080040223583419e-02,  6.5082779828841725e-02,  1.5773050771081054e-01,  1.1592902806932219e-02, -1.1361443417221425e-03, -1.5206976596033627e-03,  2.1971604760027828e-02,  4.4110693496979443e-03, -1.5067624033517338e-03, -7.5880207057823666e-04
    14,  3.0667e+01,  1.6213047516217766e-01,  1.1491377974734882e-02, -1.2873453891594094e-02, -7.7293556423294371e-02,  1.5323106222259320e-01,  1.1501177268611832e-02, -1.2287038320166915e-03,  1.1574048781489122e-02,  2.0325092130410796e-02,  4.4471305739037029e-03,  4.6790816339551219e-04, -8.0055740024928676e-04,  1.2293288649593093e-01,  7.4627960243498397e-03,  1.2080040223583419e-02,  6.5082779828841725e-02,  1.5773050771081054e-01,  1.1592902806932219e-02, -1.1361443417221425e-03, -1.5206976596033627e-03,  2.1971604760027828e-02,  4.4110693496979443e-03, -1.5067624033517338e-03, -7.5880207057823666e-04
    15,  3.0667e+01,  1.6213047516217766e-01,  1.1491377974734882e-02, -1.2873453891594094e-02, -7.7293556423294371e-02,  1.5323106222259320e-01,  1.1501177268611832e-02, -1.2287038320166915e-03,  1.1574048781489122e-02,  2.0325092130410796e-02,  4.4471305739037029e-03,  4.6790816339551219e-04, -8.0055740024928676e-04,  1.2293288649593093e-01,  7.4617960243498396e-03,  1.2081248227605777e-02,  6.5082779828841725e-02,  1.5773050771081054e-01,  1.1592902806932219e-02, -1.1361443417221425e-03, -1.5206976596033627e-03,  2.1971604760027828e-02,  4.4110693496979443e-03, -1.5067624033517338e-03, -7.5880207057823666e-04
    16,  3.0667e+01,  1.6213047516217766e-01,  1.1491377974734882e-02, -1.2873453891594094e-02, -7.7293556423294371e-02,  1.5323106222259320e-01,  1.1501177268611832e-02, -1.2287038320166915e-03,  1.1574048781489122e-02,  2.0325092130410796e-02,  4.4471305739037029e-03,  4.6790816339551219e-04, -8.0055740024928676e-04,  1.2293288649593093e-01,  7.4617960243498396e-03,  1.2080040223583419e-02,  6.5089288106824614e-02,  1.5773050771081054e-01,  1.1592902806932219e-02, -1.1361443417221425e-03, -1.5206976596033627e-03,  2.1971604760027828e-02,  4.4110693496979443e-03, -1.5067624033517338e-03, -7.5880207057823666e-04
    17,  3.0667e+01,  1.6213047516217766e-01,  1.1491377974734882e-02, -1.2873453891594094e-02, -7.7293556423294371e-02,  1.5323106222259320e-01,  1.1501177268611832e-02, -1.2287038320166915e-03,  1.1574048781489122e-02,  2.0325092130410796e-02,  4.4471305739037029e-03,  4.6790816339551219e-04, -8.0055740024928676e-04,  1.2293288649593093e-01,  7.4617960243498396e-03,  1.2080040223583419e-02,  6.5082779828841725e-02,  1.5774628076158162e-01,  1.1592902806932219e-02, -1.1361443417221425e-03, -1.5206976596033627e-03,  2.1971604760027828e-02,  4.4110693496979443e-03, -1.5067624033517338e-03, -7.5880207057823666e-04
    18,  3.0667e+01,  1.6213047516217766e-01,  1.1491377974734882e-02, -1.2873453891594094e-02, -7.7293556423294371e-02,  1.5323106222259320e-01,  1.1501177268611832e-02, -1.2287038320166915e-03,  1.1574048781489122e-02,  2.0325092130410796e-02,  4.4471305739037029e-03,  4.6790816339551219e-04, -8.0055740024928676e-04,  1.2293288649593093e-01,  7.4617960243498396e-03,  1.2080040223583419e-02,  6.5082779828841725e-02,  1.5773050771081054e-01,  1.1594062097212912e-02, -1.1361443417221425e-03, -1.5206976596033627e-03,  2.1971604760027828e-02,  4.4110693496979443e-03, -1.5067624033517338e-03, -7.5880207057823666e-04
    19,  3.0667e+01,  1.6213047516217766e-01,  1.1491377974734882e-02, -1.2873453891594094e-02, -7.7293556423294371e-02,  1.5323106222259320e-01,  1.1501177268611832e-02, -1.2287038320166915e-03,  1.1574048781489122e-02,  2.0325092130410796e-02,  4.4471305739037029e-03,  4.6790816339551219e-04, -8.0055740024928676e-04,  1.2293288649593093e-01,  7.4617960243498396e-03,  1.2080040223583419e-02,  6.5082779828841725e-02,  1.5773050771081054e-01,  1.1592902806932219e-02, -1.1351443417221426e-03, -1.5206976596033627e-03,  2.1971604760027828e-02,  4.4110693496979443e-03, -1.5067624033517338e-03, -7.5880207057823666e-04
    20,  3.0667e+01,  1.6213047516217766e-01,  1.1491377974734882e-02, -1.2873453891594094e-02, -7.7293556423294371e-02,  1.5323106222259320e-01,  1.1501177268611832e-02, -1.2287038320166915e-03,  1.1574048781489122e-02,  2.0325092130410796e-02,  4.4471305739037029e-03,  4.6790816339551219e-04, -8.0055740024928676e-04,  1.2293288649593093e-01,  7.4617960243498396e-03,  1.2080040223583419e-02,  6.5082779828841725e-02,  1.5773050771081054e-01,  1.1592902806932219e-02, -1.1361443417221425e-03, -1.5196976596033628e-03,  2.1971604760027828e-02,  4.4110693496979443e-03, -1.5067624033517338e-03, -7.5880207057823666e-04
    21,  3.0667e+01,  1.6213047516217766e-01,  1.1491377974734882e-02, -1.2873453891594094e-02, -7.7293556423294371e-02,  1.5323106222259320e-01,  1.1501177268611832e-02, -1.2287038320166915e-03,  1.1574048781489122e-02,  2.0325092130410796e-02,  4.4471305739037029e-03,  4.6790816339551219e-04, -8.0055740024928676e-04,  1.2293288649593093e-01,  7.4617960243498396e-03,  1.2080040223583419e-02,  6.5082779828841725e-02,  1.5773050771081054e-01,  1.1592902806932219e-02, -1.1361443417221425e-03, -1.5206976596033627e-03,  2.1973801920503831e-02,  4.4110693496979443e-03, -1.5067624033517338e-03, -7.5880207057823666e-04
    22,  3.0667e+01,  1.6213047516217766e-01,  1.1491377974734882e-02, -1.2873453891594094e-02, -7.7293556423294371e-02,  1.5323106222259320e-01,  1.1501177268611832e-02, -1.2287038320166915e-03,  1.1574048781489122e-02,  2.0325092130410796e-02,  4.4471305739037029e-03,  4.6790816339551219e-04, -8.0055740024928676e-04,  1.2293288649593093e-01,  7.4617960243498396e-03,  1.2080040223583419e-02,  6.5082779828841725e-02,  1.5773050771081054e-01,  1.1592902806932219e-02, -1.1361443417221425e-03, -1.5206976596033627e-03,  2.1971604760027828e-02,  4.4120693496979444e-03, -1.5067624033517338e-03, -7.5880207057823666e-04
    23,  3.0667e+01,  1.6213047516217766e-01,  1.1491377974734882e-02, -1.2873453891594094e-02, -7.7293556423294371e-02,  1.5323106222259320e-01,  1.1501177268611832e-02, -1.2287038320166915e-03,  1.1574048781489122e-02,  2.0325092130410796e-02,  4.4471305739037029e-03,  4.6790816339551219e-04, -8.0055740024928676e-04,  1.2293288649593093e-01,  7.4617960243498396e-03,  1.2080040223583419e-02,  6.5082779828841725e-02,  1.5773050771081054e-01,  1.1592902806932219e-02, -1.1361443417221425e-03, -1.5206976596033627e-03,  2.1971604760027828e-02,  4.4110693496979443e-03, -1.5057624033517339e-03, -7.5880207057823666e-04
    24,  3.0667e+01,  1.6213047516217766e-01,  1.1491377974734882e-02, -1.2873453891594094e-02, -7.7293556423294371e-02,  1.5323106222259320e-01,  1.1501177268611832e-02, -1.2287038320166915e-03,  1.1574048781489122e-02,  2.0325092130410796e-02,  4.4471305739037029e-03,  4.6790816339551219e-04, -8.0055740024928676e-04,  1.2293288649593093e-01,  7.4617960243498396e-03,  1.2080040223583419e-02,  6.5082779828841725e-02,  1.5773050771081054e-01,  1.1592902806932219e-02, -1.1361443417221425e-03, -1.5206976596033627e-03,  2.1971604760027828e-02,  4.4110693496979443e-03, -1.5067624033517338e-03, -7.5780207057823663e-04
    25,  5.1831e+01,  1.6378660289147759e-01,  1.1264026185349550e-02, -1.3022476768281511e-02, -7.7296389646663161e-02,  1.5353833392691232e-01,  1.1665953859365735e-02, -1.2388145869505211e-03,  1.1925183184685710e-02,  1.9719572364877157e-02,  4.4547633567980846e-03,  4.5617495610916770e-04, -7.1984415073794261e-04,  1.2445164348720587e-01,  7.5582866731032138e-03,  1.2199825966065222e-02,  6.4926733579077814e-02,  1.5786652605540336e-01,  1.1678358882996330e-02, -1.1064760213409372e-03, -1.4658925078365114e-03,  2.1026868565794547e-02,  4.4837719828242995e-03, -1.6469514320062895e-03, -6.8516456334477051e-04
    26,  5.1831e+01,  1.6380298155176673e-01,  1.1264026185349550e-02, -1.3022476768281511e-02, -7.7296389646663161e-02,  1.5353833392691232e-01,  1.1665953859365735e-02, -1.2388145869505211e-03,  1.1925183184685710e-02,  1.9719572364877157e-02,  4.4547633567980846e-03,  4.5617495610916770e-04, -7.1984415073794261e-04,  1.2445164348720587e-01,  7.5582866731032138e-03,  1.2199825966065222e-02,  6.4926733579077814e-02,  1.5786652605540336e-01,  1.1678358882996330e-02, -1.1064760213409372e-03, -1.4658925078365114e-03,  2.1026868565794547e-02,  4.4837719828242995e-03, -1.6469514320062895e-03, -6.8516456334477051e-04
    27,  5.1831e+01,  1.6378660289147759e-01,  1.1265152587968084e-02, -1.3022476768281511e-02, -7.7296389646663161e-02,  1.5353833392691232e-01,  1.1665953859365735e-02, -1.2388145869505211e-03,  1.1925183184685710e-02,  1.9719572364877157e-02,  4.4547633567980846e-03,  4.5617495610916770e-04, -7.1984415073794261e-04,  1.2445164348720587e-01,  7.5582866731032138e-03,  1.2199825966065222e-02,  6.4926733579077814e-02,  1.5786652605540336e-01,  1.1678358882996330e-02, -1.1064760213409372e-03, -1.4658925078365114e-03,  2.1026868565794547e-02,  4.4837719828242995e-03, -1.6469514320062895e-03, -6.8516456334477051e-04
    28,  5.1831e+01,  1.6378660289147759e-01,  1.1264026185349550e-02, -1.3021174520604683e-02, -7.7296389646663161e-02,  1.5353833392691232e-01,  1.1665953859365735e-02, -1.2388145869505211e-03,  1.1925183184685710e-02,  1.9719572364877157e-02,  4.4547633567980846e-03,  4.5617495610916770e-04, -7.1984415073794261e-04,  1.2445164348720587e-01,  7.5582866731032138e-03,  1.2199825966065222e-02,  6.4926733579077814e-02,  1.5786652605540336e-01,  1.1678358882996330e-02, -1.1064760213409372e-03, -1.4658925078365114e-03,  2.1026868565794547e-02,  4.4837719828242995e-03, -1.6469514320062895e-03, -6.8516456334477051e-04
    29,  5.1831e+01,  1.6378660289147759e-01,  1.1264026185349550e-02, -1.3022476768281511e-02, -7.7288660007698490e-02,  1.5353833392691232e-01,  1.1665953859365735e-02, -1.2388145869505211e-03,  1.1925183184685710e-02,  1.9719572364877157e-02,  4.4547633567980846e-03,  4.5617495610916770e-04, -7.1984415073794261e-04,  1.2445164348720587e-01,  7.5582866731032138e-03,  1.2199825966065222e-02,  6.4926733579077814e-02,  1.5786652605540336e-01,  1.1678358882996330e-02, -1.1064760213409372e-03, -1.4658925078365114e-03,  2.1026868565794547e-02,  4.4837719828242995e-03, -1.6469514320062895e-03, -6.8516456334477051e-04
    30,  5.1831e+01,  1.6378660289147759e-01,  1.1264026185349550e-02, -1.3022476768281511e-02, -7.7296389646663161e-02,  1.5355368776030501e-01,  1.1665953859365735e-02, -1.2388145869505211e-03,  1.1925183184685710e-02,  1.9719572364877157e-02,  4.4547633567980846e-03,  4.5617495610916770e-04, -7.1984415073794261e-04,  1.2445164348720587e-01,  7.5582866731032138e-03,  1.2199825966065222e-02,  6.4926733579077814e-02,  1.5786652605540336e-01,  1.1678358882996330e-02, -1.1064760213409372e-03, -1.4658925078365114e-03,  2.1026868565794547e-02,  4.4837719828242995e-03, -1.6469514320062895e-03, -6.8516456334477051e-04
    31,  5.1831e+01,  1.6378660289147759e-01,  1.1264026185349550e-02, -1.3022476768281511e-02, -7.7296389646663161e-02,  1.5353833392691232e-01,  1.1667120454751672e-02, -1.2388145869505211e-03,  1.1925183184685710e-02,  1.9719572364877157e-02,  4.4547633567980846e-03,  4.5617495610916770e-04, -7.1984415073794261e-04,  1.2445164348720587e-01,  7.5582866731032138e-03,  1.2199825966065222e-02,  6.4926733579077814e-02,  1.5786652605540336e-01,  1.1678358882996330e-02, -1.1064760213409372e-03, -1.4658925078365114e-03,  2.1026868565794547e-02,  4.4837719828242995e-03, -1.6469514320062895e-03, -6.8516456334477051e-04
    32,  5.1831e+01,  1.6378660289147759e-01,  1.1264026185349550e-02, -1.3022476768281511e-02, -7.7296389646663161e-02,  1.5353833392691232e-01,  1.1665953859365735e-02, -1.2378145869505212e-03,  1.1925183184685710e-02,  1.9719572364877157e-02,  4.4547633567980846e-03,  4.5617495610916770e-04, -7.1984415073794261e-04,  1.2445164348720587e-01,  7.5582866731032138e-03,  1.2199825966065222e-02,  6.4926733579077814e-02,  1.5786652605540336e-01,  1.1678358882996330e-02, -1.1064760213409372e-03, -1.4658925078365114e-03,  2.1026868565794547e-02,  4.4837719828242995e-03, -1.6469514320062895e-03, -6.8516456334477051e-04
    33,  5.1831e+01,  1.6378660289147759e-01,  1.1264026185349550e-02, -1.3022476768281511e-02, -7.7296389646663161e-02,  1.5353833392691232e-01,  1.1665953859365735e-02, -1.2388145869505211e-03,  1.1926375703004179e-02,  1.9719572364877157e-02,  4.4547633567980846e-03,  4.5617495610916770e-04, -7.1984415073794261e-04,  1.2445164348720587e-01,  7.5582866731032138e-03,  1.2199825966065222e-02,  6.4926733579077814e-02,  1.5786652605540336e-01,  1.1678358882996330e-02, -1.1064760213409372e-03, -1.4658925078365114e-03,  2.1026868565794547e-02,  4.4837719828242995e-03, -1.6469514320062895e-03, -6.8516456334477051e-04
    34,  5.1831e+01,  1.6378660289147759e-01,  1.1264026185349550e-02, -1.3022476768281511e-02, -7.7296389646663161e-02,  1.5353833392691232e-01,  1.1665953859365735e-02, -1.2388145869505211e-03,  1.1925183184685710e-02,  1.9721544322113645e-02,  4.4547633567980846e-03,  4.5617495610916770e-04, -7.1984415073794261e-04,  1.2445164348720587e-01,  7.5582866731032138e-03,  1.2199825966065222e-02,  6.4926733579077814e-02,  1.5786652605540336e-01,  1.1678358882996330e-02, -1.1064760213409372e-03, -1.4658925078365114e-03,  2.1026868565794547e-02,  4.4837719828242995e-03, -1.6469514320062895e-03, -6.8516456334477051e-04
    35,  5.1831e+01,  1.6378660289147759e-01,  1.1264026185349550e-02, -1.3022476768281511e-02, -7.7296389646663161e-02,  1.5353833392691232e-01,  1.1665953859365735e-02, -1.2388145869505211e-03,  1.1925183184685710e-02,  1.9719572364877157e-02,  4.4557633567980847e-03,  4.5617495610916770e-04, -7.1984415073794261e-04,  1.2445164348720587e-01,  7.5582866731032138e-03,  1.2199825966065222e-02,  6.4926733579077814e-02,  1.5786652605540336e-01,  1.1678358882996330e-02, -1.1064760213409372e-03, -1.4658925078365114e-03,  2.1026868565794547e-02,  4.4837719828242995e-03, -1.6469514320062895e-03, -6.8516456334477051e-04
    36,  5.1831e+01,  1.6378660289147759e-01,  1.1264026185349550e-02, -1.3022476768281511e-02, -7.7296389646663161e-02,  1.5353833392691232e-01,  1.1665953859365735e-02, -1.2388145869505211e-03,  1.1925183184685710e-02,  1.9719572364877157e-02,  4.4547633567980846e-03,  4.5717495610916772e-04, -7.1984415073794261e-04,  1.2445164348720587e-01,  7.5582866731032138e-03,  1.2199825966065222e-02,  6.4926733579077814e-02,  1.5786652605540336e-01,  1.1678358882996330e-02, -1.1064760213409372e-03, -1.4658925078365114e-03,  2.1026868565794547e-02,  4.4837719828242995e-03, -1.6469514320062895e-03, -6.8516456334477051e-04
    37,  5.1831e+01,  1.6378660289147759e-01,  1.1264026185349550e-02, -1.3022476768281511e-02, -7.7296389646663161e-02,  1.5353833392691232e-01,  1.1665953859365735e-02, -1.2388145869505211e-03,  1.1925183184685710e-02,  1.9719572364877157e-02,  4.4547633567980846e-03,  4.5617495610916770e-04, -7.1884415073794259e-04,  1.2445164348720587e-01,  7.5582866731032138e-03,  1.2199825966065222e-02,  6.4926733579077814e-02,  1.5786652605540336e-01,  1.1678358882996330e-02, -1.1064760213409372e-03, -1.4658925078365114e-03,  2.1026868565794547e-02,  4.4837719828242995e-03, -1.6469514320062895e-03, -6.8516456334477051e-04
    38,  5.1831e+01,  1.6378660289147759e-01,  1.1264026185349550e-02, -1.3022476768281511e-02, -7.7296389646663161e-02,  1.5353833392691232e-01,  1.1665953859365735e-02, -1.2388145869505211e-03,  1.1925183184685710e-02,  1.9719572364877157e-02,  4.4547633567980846e-03,  4.5617495610916770e-04, -7.1984415073794261e-04,  1.2446408865155459e-01,  7.5582866731032138e-03,  1.2199825966065222e-02,  6.4926733579077814e-02,  1.5786652605540336e-01,  1.1678358882996330e-02, -1.1064760213409372e-03, -1.4658925078365114e-03,  2.1026868565794547e-02,  4.4837719828242995e-03, -1.6469514320062895e-03, -6.8516456334477051e-04
    39,  5.1832e+01,  1.6378660289147759e-01,  1.1264026185349550e-02, -1.3022476768281511e-02, -7.7296389646663161e-02,  1.5353833392691232e-01,  1.1665953859365735e-02, -1.2388145869505211e-03,  1.1925183184685710e-02,  1.9719572364877157e-02,  4.4547633567980846e-03,  4.5617495610916770e-04, -7.1984415073794261e-04,  1.2445164348720587e-01,  7.5592866731032139e-03,  1.2199825966065222e-02,  6.4926733579077814e-02,  1.5786652605540336e-01,  1.1678358882996330e-02, -1.1064760213409372e-03, -1.4658925078365114e-03,  2.1026868565794547e-02,  4.4837719828242995e-03, -1.6469514320062895e-03, -6.8516456334477051e-04
    40,  5.1832e+01,  1.6378660289147759e-01,  1.1264026185349550e-02, -1.3022476768281511e-02, -7.7296389646663161e-02,  1.5353833392691232e-01,  1.1665953859365735e-02, -1.2388145869505211e-03,  1.1925183184685710e-02,  1.9719572364877157e-02,  4.4547633567980846e-03,  4.5617495610916770e-04, -7.1984415073794261e-04,  1.2445164348720587e-01,  7.5582866731032138e-03,  1.2201045948661829e-02,  6.4926733579077814e-02,  1.5786652605540336e-01,  1.1678358882996330e-02, -1.1064760213409372e-03, -1.4658925078365114e-03,  2.1026868565794547e-02,  4.4837719828242995e-03, -1.6469514320062895e-03, -6.8516456334477051e-04
    41,  5.1832e+01,  1.6378660289147759e-01,  1.1264026185349550e-02, -1.3022476768281511e-02, -7.7296389646663161e-02,  1.5353833392691232e-01,  1.1665953859365735e-02, -1.2388145869505211e-03,  1.1925183184685710e-02,  1.9719572364877157e-02,  4.4547633567980846e-03,  4.5617495610916770e-04, -7.1984415073794261e-04,  1.2445164348720587e-01,  7.5582866731032138e-03,  1.2199825966065222e-02,  6.4933226252435722e-02,  1.5786652605540336e-01,  1.1678358882996330e-02, -1.1064760213409372e-03, -1.4658925078365114e-03,  2.1026868565794547e-02,  4.4837719828242995e-03, -1.6469514320062895e-03, -6.8516456334477051e-04
    42,  5.1832e+01,  1.6378660289147759e-01,  1.1264026185349550e-02, -1.3022476768281511e-02, -7.7296389646663161e-02,  1.5353833392691232e-01,  1.1665953859365735e-02, -1.2388145869505211e-03,  1.1925183184685710e-02,  1.9719572364877157e-02,  4.4547633567980846e-03,  4.5617495610916770e-04, -7.1984415073794261e-04,  1.2445164348720587e-01,  7.5582866731032138e-03,  1.2199825966065222e-02,  6.4926733579077814e-02,  1.5788231270800890e-01,  1.1678358882996330e-02, -1.1064760213409372e-03, -1.4658925078365114e-03,  2.1026868565794547e-02,  4.4837719828242995e-03, -1.6469514320062895e-03, -6.8516456334477051e-04
    43,  5.1832e+01,  1.6378660289147759e-01,  1.1264026185349550e-02, -1.3022476768281511e-02, -7.7296389646663161e-02,  1.5353833392691232e-01,  1.1665953859365735e-02, -1.2388145869505211e-03,  1.1925183184685710e-02,  1.9719572364877157e-02,  4.4547633567980846e-03,  4.5617495610916770e-04, -7.1984415073794261e-04,  1.2445164348720587e-01,  7.5582866731032138e-03,  1.2199825966065222e-02,  6.4926733579077814e-02,  1.5786652605540336e-01,  1.1679526718884630e-02, -1.1064760213409372e-03, -1.4658925078365114e-03,  2.1026868565794547e-02,  4.4837719828242995e-03, -1.6469514320062895e-03, -6.8516456334477051e-04
    44,  5.1832e+01,  1.6378660289147759e-01,  1.1264026185349550e-02, -1.3022476768281511e-02, -7.7296389646663161e-02,  1.5353833392691232e-01,  1.1665953859365735e-02, -1.2388145869505211e-03,  1.1925183184685710e-02,  1.9719572364877157e-02,  4.4547633567980846e-03,  4.5617495610916770e-04, -7.1984415073794261e-04,  1.2445164348720587e-01,  7.5582866731032138e-03,  1.2199825966065222e-02,  6.4926733579077814e-02,  1.5786652605540336e-01,  1.1678358882996330e-02, -1.1054760213409372e-03, -1.4658925078365114e-03,  2.1026868565794547e-02,  4.4837719828242995e-03, -1.6469514320062895e-03, -6.8516456334477051e-04
    45,  5.1832e+01,  1.6378660289147759e-01,  1.1264026185349550e-02, -1.3022476768281511e-02, -7.7296389646663161e-02,  1.5353833392691232e-01,  1.1665953859365735e-02, -1.2388145869505211e-03,  1.1925183184685710e-02,  1.9719572364877157e-02,  4.4547633567980846e-03,  4.5617495610916770e-04, -7.1984415073794261e-04,  1.2445164348720587e-01,  7.5582866731032138e-03,  1.2199825966065222e-02,  6.4926733579077814e-02,  1.5786652605540336e-01,  1.1678358882996330e-02, -1.1064760213409372e-03, -1.4648925078365115e-03,  2.1026868565794547e-02,  4.4837719828242995e-03, -1.6469514320062895e-03, -6.8516456334477051e-04
    46,  5.1832e+01,  1.6378660289147759e-01,  1.1264026185349550e-02, -1.3022476768281511e-02, -7.7296389646663161e-02,  1.5353833392691232e-01,  1.1665953859365735e-02, -1.2388145869505211e-03,  1.1925183184685710e-02,  1.9719572364877157e-02,  4.4547633567980846e-03,  4.5617495610916770e-04, -7.1984415073794261e-04,  1.2445164348720587e-01,  7.5582866731032138e-03,  1.2199825966065222e-02,  6.4926733579077814e-02,  1.5786652605540336e-01,  1.1678358882996330e-02, -1.1064760213409372e-03, -1.4658925078365114e-03,  2.1028971252651126e-02,  4.4837719828242995e-03, -1.6469514320062895e-03, -6.8516456334477051e-04
    47,  5.1832e+01,  1.6378660289147759e-01,  1.1264026185349550e-02, -1.3022476768281511e-02, -7.7296389646663161e-02,  1.5353833392691232e-01,  1.1665953859365735e-02, -1.2388145869505211e-03,  1.1925183184685710e-02,  1.9719572364877157e-02,  4.4547633567980846e-03,  4.5617495610916770e-04, -7.1984415073794261e-04,  1.2445164348720587e-01,  7.5582866731032138e-03,  1.2199825966065222e-02,  6.4926733579077814e-02,  1.5786652605540336e-01,  1.1678358882996330e-02, -1.1064760213409372e-03, -1.4658925078365114e-03,  2.1026868565794547e-02,  4.4847719828242996e-03, -1.6469514320062895e-03, -6.8516456334477051e-04
    48,  5.1832e+01,  1.6378660289147759e-01,  1.1264026185349550e-02, -1.3022476768281511e-02, -7.7296389646663161e-02,  1.5353833392691232e-01,  1.1665953859365735e-02, -1.2388145869505211e-03,  1.1925183184685710e-02,  1.9719572364877157e-02,  4.4547633567980846e-03,  4.5617495610916770e-04, -7.1984415073794261e-04,  1.2445164348720587e-01,  7.5582866731032138e-03,  1.2199825966065222e-02,  6.4926733579077814e-02,  1.5786652605540336e-01,  1.1678358882996330e-02, -1.1064760213409372e-03, -1.4658925078365114e-03,  2.1026868565794547e-02,  4.4837719828242995e-03, -1.6459514320062896e-03, -6.8516456334477051e-04
    49,  5.1832e+01,  1.6378660289147759e-01,  1.1264026185349550e-02, -1.3022476768281511e-02, -7.7296389646663161e-02,  1.5353833392691232e-01,  1.1665953859365735e-02, -1.2388145869505211e-03,  1.1925183184685710e-02,  1.9719572364877157e-02,  4.4547633567980846e-03,  4.5617495610916770e-04, -7.1984415073794261e-04,  1.2445164348720587e-01,  7.5582866731032138e-03,  1.2199825966065222e-02,  6.4926733579077814e-02,  1.5786652605540336e-01,  1.1678358882996330e-02, -1.1064760213409372e-03, -1.4658925078365114e-03,  2.1026868565794547e-02,  4.4837719828242995e-03, -1.6469514320062895e-03, -6.8416456334477048e-04
    50,  7.5822e+01,  1.6374988820252856e-01,  1.1190287713027835e-02, -1.3036689662612724e-02, -7.7629785736443635e-02,  1.5395929853713616e-01,  1.1631277333607028e-02, -1.2162851522947197e-03,  1.1924322991123951e-02,  1.9636512068389528e-02,  4.4934313632946999e-03,  3.6419414457659010e-04, -6.6761444440746750e-04,  1.2464047999378616e-01,  7.6373278926153282e-03,  1.2192592519321829e-02,  6.5040521619055394e-02,  1.5765362618135936e-01,  1.1684221202920899e-02, -1.0858822692084572e-03, -1.4365906283559332e-03,  2.0997099860750313e-02,  4.4968137817002918e-03, -1.6425537943827904e-03, -6.3915558141013323e-04
    51,  7.5822e+01,  1.6376626319134882e-01,  1.1190287713027835e-02, -1.3036689662612724e-02, -7.7629785736443635e-02,  1.5395929853713616e-01,  1.1631277333607028e-02, -1.2162851522947197e-03,  1.1924322991123951e-02,  1.9636512068389528e-02,  4.4934313632946999e-03,  3.6419414457659010e-04, -6.6761444440746750e-04,  1.2464047999378616e-01,  7.6373278926153282e-03,  1.2192592519321829e-02,  6.5040521619055394e-02,  1.5765362618135936e-01,  1.1684221202920899e-02, -1.0858822692084572e-03, -1.4365906283559332e-03,  2.0997099860750313e-02,  4.4968137817002918e-03, -1.6425537943827904e-03, -6.3915558141013323e-04
    52,  7.5822e+01,  1.6374988820252856e-01,  1.1191406741799137e-02, -1.3036689662612724e-02, -7.7629785736443635e-02,  1.5395929853713616e-01,  1.1631277333607028e-02, -1.2162851522947197e-03,  1.1924322991123951e-02,  1.9636512068389528e-02,  4.4934313632946999e-03,  3.6419414457659010e-04, -6.6761444440746750e-04,  1.2464047999378616e-01,  7.6373278926153282e-03,  1.2192592519321829e-02,  6.5040521619055394e-02,  1.5765362618135936e-01,  1.1684221202920899e-02, -1.0858822692084572e-03, -1.4365906283559332e-03,  2.0997099860750313e-02,  4.4968137817002918e-03, -1.6425537943827904e-03, -6.3915558141013323e-04
    53,  7.5823e+01,  1.6374988820252856e-01,  1.1190287713027835e-02, -1.3035385993646462e-02, -7.7629785736443635e-02,  1.5395929853713616e-01,  1.1631277333607028e-02, -1.2162851522947197e-03,  1.1924322991123951e-02,  1.9636512068389528e-02,  4.4934313632946999e-03,  3.6419414457659010e-04, -6.6761444440746750e-04,  1.2464047999378616e-01,  7.6373278926153282e-03,  1.2192592519321829e-02,  6.5040521619055394e-02,  1.5765362618135936e-01,  1.1684221202920899e-02, -1.0858822692084572e-03, -1.4365906283559332e-03,  2.0997099860750313e-02,  4.4968137817002918e-03, -1.6425537943827904e-03, -6.3915558141013323e-04
    54,  7.5823e+01,  1.6374988820252856e-01,  1.1190287713027835e-02, -1.3036689662612724e-02, -7.7622022757869988e-02,  1.5395929853713616e-01,  1.1631277333607028e-02, -1.2162851522947197e-03,  1.1924322991123951e-02,  1.9636512068389528e-02,  4.4934313632946999e-03,  3.6419414457659010e-04, -6.6761444440746750e-04,  1.2464047999378616e-01,  7.6373278926153282e-03,  1.2192592519321829e-02,  6.5040521619055394e-02,  1.5765362618135936e-01,  1.1684221202920899e-02, -1.0858822692084572e-03, -1.4365906283559332e-03,  2.0997099860750313e-02,  4.4968137817002918e-03, -1.6425537943827904e-03, -6.3915558141013323e-04
    55,  7.5823e+01,  1.6374988820252856e-01,  1.1190287713027835e-02, -1.3036689662612724e-02, -7.7629785736443635e-02,  1.5397469446698989e-01,  1.1631277333607028e-02, -1.2162851522947197e-03,  1.1924322991123951e-02,  1.9636512068389528e-02,  4.4934313632946999e-03,  3.6419414457659010e-04, -6.6761444440746750e-04,  1.2464047999378616e-01,  7.6373278926153282e-03,  1.2192592519321829e-02,  6.5040521619055394e-02,  1.5765362618135936e-01,  1.1684221202920899e-02, -1.0858822692084572e-03, -1.4365906283559332e-03,  2.0997099860750313e-02,  4.4968137817002918e-03, -1.6425537943827904e-03, -6.3915558141013323e-04
    56,  7.5823e+01,  1.6374988820252856e-01,  1.1190287713027835e-02, -1.3036689662612724e-02, -7.7629785736443635e-02,  1.5395929853713616e-01,  1.1632440461340389e-02, -1.2162851522947197e-03,  1.1924322991123951e-02,  1.9636512068389528e-02,  4.4934313632946999e-03,  3.6419414457659010e-04, -6.6761444440746750e-04,  1.2464047999378616e-01,  7.6373278926153282e-03,  1.2192592519321829e-02,  6.5040521619055394e-02,  1.5765362618135936e-01,  1.1684221202920899e-02, -1.0858822692084572e-03, -1.4365906283559332e-03,  2.0997099860750313e-02,  4.4968137817002918e-03, -1.6425537943827904e-03, -6.3915558141013323e-04
    57,  7.5823e+01,  1.6374988820252856e-01,  1.1190287713027835e-02, -1.3036689662612724e-02, -7.7629785736443635e-02,  1.5395929853713616e-01,  1.1631277333607028e-02, -1.2152851522947198e-03,  1.1924322991123951e-02,  1.9636512068389528e-02,  4.4934313632946999e-03,  3.6419414457659010e-04, -6.6761444440746750e-04,  1.2464047999378616e-01,  7.6373278926153282e-03,  1.2192592519321829e-02,  6.5040521619055394e-02,  1.5765362618135936e-01,  1.1684221202920899e-02, -1.0858822692084572e-03, -1.4365906283559332e-03,  2.0997099860750313e-02,  4.4968137817002918e-03, -1.6425537943827904e-03, -6.3915558141013323e-04
    58,  7.5823e+01,  1.6374988820252856e-01,  1.1190287713027835e-02, -1.3036689662612724e-02, -7.7629785736443635e-02,  1.5395929853713616e-01,  1.1631277333607028e-02, -1.2162851522947197e-03,  1.1925515423423063e-02,  1.9636512068389528e-02,  4.4934313632946999e-03,  3.6419414457659010e-04, -6.6761444440746750e-04,  1.2464047999378616e-01,  7.6373278926153282e-03,  1.2192592519321829e-02,  6.5040521619055394e-02,  1.5765362618135936e-01,  1.1684221202920899e-02, -1.0858822692084572e-03, -1.4365906283559332e-03,  2.0997099860750313e-02,  4.4968137817002918e-03, -1.6425537943827904e-03, -6.3915558141013323e-04
    59,  7.5823e+01,  1.6374988820252856e-01,  1.1190287713027835e-02, -1.3036689662612724e-02, -7.7629785736443635e-02,  1.5395929853713616e-01,  1.1631277333607028e-02, -1.2162851522947197e-03,  1.1924322991123951e-02,  1.9638475719596368e-02,  4.4934313632946999e-03,  3.6419414457659010e-04, -6.6761444440746750e-04,  1.2464047999378616e-01,  7.6373278926153282e-03,  1.2192592519321829e-02,  6.5040521619055394e-02,  1.5765362618135936e-01,  1.1684221202920899e-02, -1.0858822692084572e-03, -1.4365906283559332e-03,  2.0997099860750313e-02,  4.4968137817002918e-03, -1.6425537943827904e-03, -6.3915558141013323e-04
    60,  7.5823e+01,  1.6374988820252856e-01,  1.1190287713027835e-02, -1.3036689662612724e-02, -7.7629785736443635e-02,  1.5395929853713616e-01,  1.1631277333607028e-02, -1.2162851522947197e-03,  1.1924322991123951e-02,  1.9636512068389528e-02,  4.4944313632947000e-03,  3.6419414457659010e-04, -6.6761444440746750e-04,  1.2464047999378616e-01,  7.6373278926153282e-03,  1.2192592519321829e-02,  6.5040521619055394e-02,  1.5765362618135936e-01,  1.1684221202920899e-02, -1.0858822692084572e-03, -1.4365906283559332e-03,  2.0997099860750313e-02,  4.4968137817002918e-03, -1.6425537943827904e-03, -6.3915558141013323e-04
    61,  7.5823e+01,  1.6374988820252856e-01,  1.1190287713027835e-02, -1.3036689662612724e-02, -7.7629785736443635e-02,  1.5395929853713616e-01,  1.1631277333607028e-02, -1.2162851522947197e-03,  1.1924322991123951e-02,  1.9636512068389528e-02,  4.4934313632946999e-03,  3.6519414457659012e-04, -6.6761444440746750e-04,  1.2464047999378616e-01,  7.6373278926153282e-03,  1.2192592519321829e-02,  6.5040521619055394e-02,  1.5765362618135936e-01,  1.1684221202920899e-02, -1.0858822692084572e-03, -1.4365906283559332e-03,  2.0997099860750313e-02,  4.4968137817002918e-03, -1.6425537943827904e-03, -6.3915558141013323e-04
    62,  7.5823e+01,  1.6374988820252856e-01,  1.1190287713027835e-02, -1.3036689662612724e-02, -7.7629785736443635e-02,  1.5395929853713616e-01,  1.1631277333607028e-02, -1.2162851522947197e-03,  1.1924322991123951e-02,  1.9636512068389528e-02,  4.4934313632946999e-03,  3.6419414457659010e-04, -6.6661444440746748e-04,  1.2464047999378616e-01,  7.6373278926153282e-03,  1.2192592519321829e-02,  6.5040521619055394e-02,  1.5765362618135936e-01,  1.1684221202920899e-02, -1.0858822692084572e-03, -1.4365906283559332e-03,  2.0997099860750313e-02,  4.4968137817002918e-03, -1.6425537943827904e-03, -6.3915558141013323e-04
    63,  7.5823e+01,  1.6374988820252856e-01,  1.1190287713027835e-02, -1.3036689662612724e-02, -7.7629785736443635e-02,  1.5395929853713616e-01,  1.1631277333607028e-02, -1.2162851522947197e-03,  1.1924322991123951e-02,  1.9636512068389528e-02,  4.4934313632946999e-03,  3.6419414457659010e-04, -6.6761444440746750e-04,  1.2465294404178554e-01,  7.6373278926153282e-03,  1.2192592519321829e-02,  6.5040521619055394e-02,  1.5765362618135936e-01,  1.1684221202920899e-02, -1.0858822692084572e-03, -1.4365906283559332e-03,  2.0997099860750313e-02,  4.4968137817002918e-03, -1.6425537943827904e-03, -6.3915558141013323e-04
    64,  7.5823e+01,  1.6374988820252856e-01,  1.1190287713027835e-02, -1.3036689662612724e-02, -7.7629785736443635e-02,  1.5395929853713616e-01,  1.1631277333607028e-02, -1.2162851522947197e-03,  1.1924322991123951e-02,  1.9636512068389528e-02,  4.4934313632946999e-03,  3.6419414457659010e-04, -6.6761444440746750e-04,  1.2464047999378616e-01,  7.6383278926153283e-03,  1.2192592519321829e-02,  6.5040521619055394e-02,  1.5765362618135936e-01,  1.1684221202920899e-02, -1.0858822692084572e-03, -1.4365906283559332e-03,  2.0997099860750313e-02,  4.4968137817002918e-03, -1.6425537943827904e-03, -6.3915558141013323e-04
    65,  7.5823e+01,  1.6374988820252856e-01,  1.1190287713027835e-02, -1.3036689662612724e-02, -7.7629785736443635e-02,  1.5395929853713616e-01,  1.1631277333607028e-02, -1.2162851522947197e-03,  1.1924322991123951e-02,  1.9636512068389528e-02,  4.4934313632946999e-03,  3.6419414457659010e-04, -6.6761444440746750e-04,  1.2464047999378616e-01,  7.6373278926153282e-03,  1.2193811778573762e-02,  6.5040521619055394e-02,  1.5765362618135936e-01,  1.1684221202920899e-02, -1.0858822692084572e-03, -1.4365906283559332e-03,  2.0997099860750313e-02,  4.4968137817002918e-03, -1.6425537943827904e-03, -6.3915558141013323e-04
    66,  7.5823e+01,  1.6374988820252856e-01,  1.1190287713027835e-02, -1.3036689662612724e-02, -7.7629785736443635e-02,  1.5395929853713616e-01,  1.1631277333607028e-02, -1.2162851522947197e-03,  1.1924322991123951e-02,  1.9636512068389528e-02,  4.4934313632946999e-03,  3.6419414457659010e-04, -6.6761444440746750e-04,  1.2464047999378616e-01,  7.6373278926153282e-03,  1.2192592519321829e-02,  6.5047025671217298e-02,  1.5765362618135936e-01,  1.1684221202920899e-02, -1.0858822692084572e-03, -1.4365906283559332e-03,  2.0997099860750313e-02,  4.4968137817002918e-03, -1.6425537943827904e-03, -6.3915558141013323e-04
    67,  7.5823e+01,  1.6374988820252856e-01,  1.1190287713027835e-02, -1.3036689662612724e-02, -7.7629785736443635e-02,  1.5395929853713616e-01,  1.1631277333607028e-02, -1.2162851522947197e-03,  1.1924322991123951e-02,  1.9636512068389528e-02,  4.4934313632946999e-03,  3.6419414457659010e-04, -6.6761444440746750e-04,  1.2464047999378616e-01,  7.6373278926153282e-03,  1.2192592519321829e-02,  6.5040521619055394e-02,  1.5766939154397749e-01,  1.1684221202920899e-02, -1.0858822692084572e-03, -1.4365906283559332e-03,  2.0997099860750313e-02,  4.4968137817002918e-03, -1.6425537943827904e-03, -6.3915558141013323e-04
    68,  7.5823e+01,  1.6374988820252856e-01,  1.1190287713027835e-02, -1.3036689662612724e-02, -7.7629785736443635e-02,  1.5395929853713616e-01,  1.1631277333607028e-02, -1.2162851522947197e-03,  1.1924322991123951e-02,  1.9636512068389528e-02,  4.4934313632946999e-03,  3.6419414457659010e-04, -6.6761444440746750e-04,  1.2464047999378616e-01,  7.6373278926153282e-03,  1.2192592519321829e-02,  6.5040521619055394e-02,  1.5765362618135936e-01,  1.1685389625041192e-02, -1.0858822692084572e-03, -1.4365906283559332e-03,  2.0997099860750313e-02,  4.4968137817002918e-03, -1.6425537943827904e-03, -6.3915558141013323e-04
    69,  7.5823e+01,  1.6374988820252856e-01,  1.1190287713027835e-02, -1.3036689662612724e-02, -7.7629785736443635e-02,  1.5395929853713616e-01,  1.1631277333607028e-02, -1.2162851522947197e-03,  1.1924322991123951e-02,  1.9636512068389528e-02,  4.4934313632946999e-03,  3.6419414457659010e-04, -6.6761444440746750e-04,  1.2464047999378616e-01,  7.6373278926153282e-03,  1.2192592519321829e-02,  6.5040521619055394e-02,  1.5765362618135936e-01,  1.1684221202920899e-02, -1.0848822692084573e-03, -1.4365906283559332e-03,  2.0997099860750313e-02,  4.4968137817002918e-03, -1.6425537943827904e-03, -6.3915558141013323e-04
    70,  7.5823e+01,  1.6374988820252856e-01,  1.1190287713027835e-02, -1.3036689662612724e-02, -7.7629785736443635e-02,  1.5395929853713616e-01,  1.1631277333607028e-02, -1.2162851522947197e-03,  1.1924322991123951e-02,  1.9636512068389528e-02,  4.4934313632946999e-03,  3.6419414457659010e-04, -6.6761444440746750e-04,  1.2464047999378616e-01,  7.6373278926153282e-03,  1.2192592519321829e-02,  6.5040521619055394e-02,  1.5765362618135936e-01,  1.1684221202920899e-02, -1.0858822692084572e-03, -1.4355906283559333e-03,  2.0997099860750313e-02,  4.4968137817002918e-03, -1.6425537943827904e-03, -6.3915558141013323e-04
    71,  7.5823e+01,  1.6374988820252856e-01,  1.1190287713027835e-02, -1.3036689662612724e-02, -7.7629785736443635e-02,  1.5395929853713616e-01,  1.1631277333607028e-02, -1.2162851522947197e-03,  1.1924322991123951e-02,  1.9636512068389528e-02,  4.4934313632946999e-03,  3.6419414457659010e-04, -6.6761444440746750e-04,  1.2464047999378616e-01,  7.6373278926153282e-03,  1.2192592519321829e-02,  6.5040521619055394e-02,  1.5765362618135936e-01,  1.1684221202920899e-02, -1.0858822692084572e-03, -1.4365906283559332e-03,  2.0999199570736388e-02,  4.4968137817002918e-03, -1.6425537943827904e-03, -6.3915558141013323e-04
    72,  7.5824e+01,  1.6374988820252856e-01,  1.1190287713027835e-02, -1.3036689662612724e-02, -7.7629785736443635e-02,  1.5395929853713616e-01,  1.1631277333607028e-02, -1.2162851522947197e-03,  1.1924322991123951e-02,  1.9636512068389528e-02,  4.4934313632946999e-03,  3.6419414457659010e-04, -6.6761444440746750e-04,  1.2464047999378616e-01,  7.6373278926153282e-03,  1.2192592519321829e-02,  6.5040521619055394e-02,  1.5765362618135936e-01,  1.1684221202920899e-02, -1.0858822692084572e-03, -1.4365906283559332e-03,  2.0997099860750313e-02,  4.4978137817002920e-03, -1.6425537943827904e-03, -6.3915558141013323e-04
    73,  7.5824e+01,  1.6374988820252856e-01,  1.1190287713027835e-02, -1.3036689662612724e-02, -7.7629785736443635e-02,  1.5395929853713616e-01,  1.1631277333607028e-02, -1.2162851522947197e-03,  1.1924322991123951e-02,  1.9636512068389528e-02,  4.4934313632946999e-03,  3.6419414457659010e-04, -6.6761444440746750e-04,  1.2464047999378616e-01,  7.6373278926153282e-03,  1.2192592519321829e-02,  6.5040521619055394e-02,  1.5765362618135936e-01,  1.1684221202920899e-02, -1.0858822692084572e-03, -1.4365906283559332e-03,  2.0997099860750313e-02,  4.4968137817002918e-03, -1.6415537943827905e-03, -6.3915558141013323e-04
    74,  7.5824e+01,  1.6374988820252856e-01,  1.1190287713027835e-02, -1.3036689662612724e-02, -7.7629785736443635e-02,  1.5395929853713616e-01,  1.1631277333607028e-02, -1.2162851522947197e-03,  1.1924322991123951e-02,  1.9636512068389528e-02,  4.4934313632946999e-03,  3.6419414457659010e-04, -6.6761444440746750e-04,  1.2464047999378616e-01,  7.6373278926153282e-03,  1.2192592519321829e-02,  6.5040521619055394e-02,  1.5765362618135936e-01,  1.1684221202920899e-02, -1.0858822692084572e-03, -1.4365906283559332e-03,  2.0997099860750313e-02,  4.4968137817002918e-03, -1.6425537943827904e-03, -6.3815558141013320e-04
    75,  9.9498e+01,  1.6374295428526306e-01,  1.1182645645848692e-02, -1.3028176710986520e-02, -7.7652532772752900e-02,  1.5400824156110302e-01,  1.1630841760371441e-02, -1.1965619887639792e-03,  1.1910820227659331e-02,  1.9599599050952935e-02,  4.5796796892618608e-03,  3.0578935569391551e-04, -6.4600533480204368e-04,  1.2465354568092277e-01,  7.7029128412352378e-03,  1.2191504756048710e-02,  6.5010901981555319e-02,  1.5763242309180311e-01,  1.1709203792539102e-02, -1.0678384616081937e-03, -1.4573593767387850e-03,  2.0985906412090301e-02,  4.5002358136773234e-03, -1.6913121060982970e-03, -6.2188168547586023e-04
    76,  9.9498e+01,  1.6375932858069159e-01,  1.1182645645848692e-02, -1.3028176710986520e-02, -7.7652532772752900e-02,  1.5400824156110302e-01,  1.1630841760371441e-02, -1.1965619887639792e-03,  1.1910820227659331e-02,  1.9599599050952935e-02,  4.5796796892618608e-03,  3.0578935569391551e-04, -6.4600533480204368e-04,  1.2465354568092277e-01,  7.7029128412352378e-03,  1.2191504756048710e-02,  6.5010901981555319e-02,  1.5763242309180311e-01,  1.1709203792539102e-02, -1.0678384616081937e-03, -1.4573593767387850e-03,  2.0985906412090301e-02,  4.5002358136773234e-03, -1.6913121060982970e-03, -6.2188168547586023e-04
    77,  9.9498e+01,  1.6374295428526306e-01,  1.1183763910413277e-02, -1.3028176710986520e-02, -7.7652532772752900e-02,  1.5400824156110302e-01,  1.1630841760371441e-02, -1.1965619887639792e-03,  1.1910820227659331e-02,  1.9599599050952935e-02,  4.5796796892618608e-03,  3.0578935569391551e-04, -6.4600533480204368e-04,  1.2465354568092277e-01,  7.7029128412352378e-03,  1.2191504756048710e-02,  6.5010901981555319e-02,  1.5763242309180311e-01,  1.1709203792539102e-02, -1.0678384616081937e-03, -1.4573593767387850e-03,  2.0985906412090301e-02,  4.5002358136773234e-03, -1.6913121060982970e-03, -6.2188168547586023e-04
    78,  9.9498e+01,  1.6374295428526306e-01,  1.1182645645848692e-02, -1.3026873893315421e-02, -7.7652532772752900e-02,  1.5400824156110302e-01,  1.1630841760371441e-02, -1.1965619887639792e-03,  1.1910820227659331e-02,  1.9599599050952935e-02,  4.5796796892618608e-03,  3.0578935569391551e-04, -6.4600533480204368e-04,  1.2465354568092277e-01,  7.7029128412352378e-03,  1.2191504756048710e-02,  6.5010901981555319e-02,  1.5763242309180311e-01,  1.1709203792539102e-02, -1.0678384616081937e-03, -1.4573593767387850e-03,  2.0985906412090301e-02,  4.5002358136773234e-03, -1.6913121060982970e-03, -6.2188168547586023e-04
    79,  9.9498e+01,  1.6374295428526306e-01,  1.1182645645848692e-02, -1.3028176710986520e-02, -7.7644767519475619e-02,  1.5400824156110302e-01,  1.1630841760371441e-02, -1.1965619887639792e-03,  1.1910820227659331e-02,  1.9599599050952935e-02,  4.5796796892618608e-03,  3.0578935569391551e-04, -6.4600533480204368e-04,  1.2465354568092277e-01,  7.7029128412352378e-03,  1.2191504756048710e-02,  6.5010901981555319e-02,  1.5763242309180311e-01,  1.1709203792539102e-02, -1.0678384616081937e-03, -1.4573593767387850e-03,  2.0985906412090301e-02,  4.5002358136773234e-03, -1.6913121060982970e-03, -6.2188168547586023e-04
    80,  9.9498e+01,  1.6374295428526306e-01,  1.1182645645848692e-02, -1.3028176710986520e-02, -7.7652532772752900e-02,  1.5402364238525912e-01,  1.1630841760371441e-02, -1.1965619887639792e-03,  1.1910820227659331e-02,  1.9599599050952935e-02,  4.5796796892618608e-03,  3.0578935569391551e-04, -6.4600533480204368e-04,  1.2465354568092277e-01,  7.7029128412352378e-03,  1.2191504756048710e-02,  6.5010901981555319e-02,  1.5763242309180311e-01,  1.1709203792539102e-02, -1.0678384616081937e-03, -1.4573593767387850e-03,  2.0985906412090301e-02,  4.5002358136773234e-03, -1.6913121060982970e-03, -6.2188168547586023e-04
    81,  9.9498e+01,  1.6374295428526306e-01,  1.1182645645848692e-02, -1.3028176710986520e-02, -7.7652532772752900e-02,  1.5400824156110302e-01,  1.1632004844547478e-02, -1.1965619887639792e-03,  1.1910820227659331e-02,  1.9599599050952935e-02,  4.5796796892618608e-03,  3.0578935569391551e-04, -6.4600533480204368e-04,  1.2465354568092277e-01,  7.7029128412352378e-03,  1.2191504756048710e-02,  6.5010901981555319e-02,  1.5763242309180311e-01,  1.1709203792539102e-02, -1.0678384616081937e-03, -1.4573593767387850e-03,  2.0985906412090301e-02,  4.5002358136773234e-03, -1.6913121060982970e-03, -6.2188168547586023e-04
    82,  9.9498e+01,  1.6374295428526306e-01,  1.1182645645848692e-02, -1.3028176710986520e-02, -7.7652532772752900e-02,  1.5400824156110302e-01,  1.1630841760371441e-02, -1.1955619887639793e-03,  1.1910820227659331e-02,  1.9599599050952935e-02,  4.5796796892618608e-03,  3.0578935569391551e-04, -6.4600533480204368e-04,  1.2465354568092277e-01,  7.7029128412352378e-03,  1.2191504756048710e-02,  6.5010901981555319e-02,  1.5763242309180311e-01,  1.1709203792539102e-02, -1.0678384616081937e-03, -1.4573593767387850e-03,  2.0985906412090301e-02,  4.5002358136773234e-03, -1.6913121060982970e-03, -6.2188168547586023e-04
    83,  9.9498e+01,  1.6374295428526306e-01,  1.1182645645848692e-02, -1.3028176710986520e-02, -7.7652532772752900e-02,  1.5400824156110302e-01,  1.1630841760371441e-02, -1.1965619887639792e-03,  1.1912011309682098e-02,  1.9599599050952935e-02,  4.5796796892618608e-03,  3.0578935569391551e-04, -6.4600533480204368e-04,  1.2465354568092277e-01,  7.7029128412352378e-03,  1.2191504756048710e-02,  6.5010901981555319e-02,  1.5763242309180311e-01,  1.1709203792539102e-02, -1.0678384616081937e-03, -1.4573593767387850e-03,  2.0985906412090301e-02,  4.5002358136773234e-03, -1.6913121060982970e-03, -6.2188168547586023e-04
    84,  9.9498e+01,  1.6374295428526306e-01,  1.1182645645848692e-02, -1.3028176710986520e-02, -7.7652532772752900e-02,  1.5400824156110302e-01,  1.1630841760371441e-02, -1.1965619887639792e-03,  1.1910820227659331e-02,  1.9601559010858031e-02,  4.5796796892618608e-03,  3.0578935569391551e-04, -6.4600533480204368e-04,  1.2465354568092277e-01,  7.7029128412352378e-03,  1.2191504756048710e-02,  6.5010901981555319e-02,  1.5763242309180311e-01,  1.1709203792539102e-02, -1.0678384616081937e-03, -1.4573593767387850e-03,  2.0985906412090301e-02,  4.5002358136773234e-03, -1.6913121060982970e-03, -6.2188168547586023e-04
    85,  9.9498e+01,  1.6374295428526306e-01,  1.1182645645848692e-02, -1.3028176710986520e-02, -7.7652532772752900e-02,  1.5400824156110302e-01,  1.1630841760371441e-02, -1.1965619887639792e-03,  1.1910820227659331e-02,  1.9599599050952935e-02,  4.5806796892618610e-03,  3.0578935569391551e-04, -6.4600533480204368e-04,  1.2465354568092277e-01,  7.7029128412352378e-03,  1.2191504756048710e-02,  6.5010901981555319e-02,  1.5763242309180311e-01,  1.1709203792539102e-02, -1.0678384616081937e-03, -1.4573593767387850e-03,  2.0985906412090301e-02,  4.5002358136773234e-03, -1.6913121060982970e-03, -6.2188168547586023e-04
    86,  9.9499e+01,  1.6374295428526306e-01,  1.1182645645848692e-02, -1.3028176710986520e-02, -7.7652532772752900e-02,  1.5400824156110302e-01,  1.1630841760371441e-02, -1.1965619887639792e-03,  1.1910820227659331e-02,  1.9599599050952935e-02,  4.5796796892618608e-03,  3.0678935569391553e-04, -6.4600533480204368e-04,  1.2465354568092277e-01,  7.7029128412352378e-03,  1.2191504756048710e-02,  6.5010901981555319e-02,  1.5763242309180311e-01,  1.1709203792539102e-02, -1.0678384616081937e-03, -1.4573593767387850e-03,  2.0985906412090301e-02,  4.5002358136773234e-03, -1.6913121060982970e-03, -6.2188168547586023e-04
    87,  9.9499e+01,  1.6374295428526306e-01,  1.1182645645848692e-02, -1.3028176710986520e-02, -7.7652532772752900e-02,  1.5400824156110302e-01,  1.1630841760371441e-02, -1.1965619887639792e-03,  1.1910820227659331e-02,  1.9599599050952935e-02,  4.5796796892618608e-03,  3.0578935569391551e-04, -6.4500533480204366e-04,  1.2465354568092277e-01,  7.7029128412352378e-03,  1.2191504756048710e-02,  6.5010901981555319e-02,  1.5763242309180311e-01,  1.1709203792539102e-02, -1.0678384616081937e-03, -1.4573593767387850e-03,  2.0985906412090301e-02,  4.5002358136773234e-03, -1.6913121060982970e-03, -6.2188168547586023e-04
    88,  9.9499e+01,  1.6374295428526306e-01,  1.1182645645848692e-02, -1.3028176710986520e-02, -7.7652532772752900e-02,  1.5400824156110302e-01,  1.1630841760371441e-02, -1.1965619887639792e-03,  1.1910820227659331e-02,  1.9599599050952935e-02,  4.5796796892618608e-03,  3.0578935569391551e-04, -6.4600533480204368e-04,  1.2466601103549085e-01,  7.7029128412352378e-03,  1.2191504756048710e-02,  6.5010901981555319e-02,  1.5763242309180311e-01,  1.1709203792539102e-02, -1.0678384616081937e-03, -1.4573593767387850e-03,  2.0985906412090301e-02,  4.5002358136773234e-03, -1.6913121060982970e-03, -6.2188168547586023e-04
    89,  9.9499e+01,  1.6374295428526306e-01,  1.1182645645848692e-02, -1.3028176710986520e-02, -7.7652532772752900e-02,  1.5400824156110302e-01,  1.1630841760371441e-02, -1.1965619887639792e-03,  1.1910820227659331e-02,  1.9599599050952935e-02,  4.5796796892618608e-03,  3.0578935569391551e-04, -6.4600533480204368e-04,  1.2465354568092277e-01,  7.7039128412352380e-03,  1.2191504756048710e-02,  6.5010901981555319e-02,  1.5763242309180311e-01,  1.1709203792539102e-02, -1.0678384616081937e-03, -1.4573593767387850e-03,  2.0985906412090301e-02,  4.5002358136773234e-03, -1.6913121060982970e-03, -6.2188168547586023e-04
    90,  9.9499e+01,  1.6374295428526306e-01,  1.1182645645848692e-02, -1.3028176710986520e-02, -7.7652532772752900e-02,  1.5400824156110302e-01,  1.1630841760371441e-02, -1.1965619887639792e-03,  1.1910820227659331e-02,  1.9599599050952935e-02,  4.5796796892618608e-03,  3.0578935569391551e-04, -6.4600533480204368e-04,  1.2465354568092277e-01,  7.7029128412352378e-03,  1.2192723906524315e-02,  6.5010901981555319e-02,  1.5763242309180311e-01,  1.1709203792539102e-02, -1.0678384616081937e-03, -1.4573593767387850e-03,  2.0985906412090301e-02,  4.5002358136773234e-03, -1.6913121060982970e-03, -6.2188168547586023e-04
    91,  9.9499e+01,  1.6374295428526306e-01,  1.1182645645848692e-02, -1.3028176710986520e-02, -7.7652532772752900e-02,  1.5400824156110302e-01,  1.1630841760371441e-02, -1.1965619887639792e-03,  1.1910820227659331e-02,  1.9599599050952935e-02,  4.5796796892618608e-03,  3.0578935569391551e-04, -6.4600533480204368e-04,  1.2465354568092277e-01,  7.7029128412352378e-03,  1.2191504756048710e-02,  6.5017403071753480e-02,  1.5763242309180311e-01,  1.1709203792539102e-02, -1.0678384616081937e-03, -1.4573593767387850e-03,  2.0985906412090301e-02,  4.5002358136773234e-03, -1.6913121060982970e-03, -6.2188168547586023e-04
    92,  9.9499e+01,  1.6374295428526306e-01,  1.1182645645848692e-02, -1.3028176710986520e-02, -7.7652532772752900e-02,  1.5400824156110302e-01,  1.1630841760371441e-02, -1.1965619887639792e-03,  1.1910820227659331e-02,  1.9599599050952935e-02,  4.5796796892618608e-03,  3.0578935569391551e-04, -6.4600533480204368e-04,  1.2465354568092277e-01,  7.7029128412352378e-03,  1.2191504756048710e-02,  6.5010901981555319e-02,  1.5764818633411229e-01,  1.1709203792539102e-02, -1.0678384616081937e-03, -1.4573593767387850e-03,  2.0985906412090301e-02,  4.5002358136773234e-03, -1.6913121060982970e-03, -6.2188168547586023e-04
    93,  9.9499e+01,  1.6374295428526306e-01,  1.1182645645848692e-02, -1.3028176710986520e-02, -7.7652532772752900e-02,  1.5400824156110302e-01,  1.1630841760371441e-02, -1.1965619887639792e-03,  1.1910820227659331e-02,  1.9599599050952935e-02,  4.5796796892618608e-03,  3.0578935569391551e-04, -6.4600533480204368e-04,  1.2465354568092277e-01,  7.7029128412352378e-03,  1.2191504756048710e-02,  6.5010901981555319e-02,  1.5763242309180311e-01,  1.1710374712918355e-02, -1.0678384616081937e-03, -1.4573593767387850e-03,  2.0985906412090301e-02,  4.5002358136773234e-03, -1.6913121060982970e-03, -6.2188168547586023e-04
    94,  9.9499e+01,  1.6374295428526306e-01,  1.1182645645848692e-02, -1.3028176710986520e-02, -7.7652532772752900e-02,  1.5400824156110302e-01,  1.1630841760371441e-02, -1.1965619887639792e-03,  1.1910820227659331e-02,  1.9599599050952935e-02,  4.5796796892618608e-03,  3.0578935569391551e-04, -6.4600533480204368e-04,  1.2465354568092277e-01,  7.7029128412352378e-03,  1.2191504756048710e-02,  6.5010901981555319e-02,  1.5763242309180311e-01,  1.1709203792539102e-02, -1.0668384616081938e-03, -1.4573593767387850e-03,  2.0985906412090301e-02,  4.5002358136773234e-03, -1.6913121060982970e-03, -6.2188168547586023e-04
    95,  9.9499e+01,  1.6374295428526306e-01,  1.1182645645848692e-02, -1.3028176710986520e-02, -7.7652532772752900e-02,  1.5400824156110302e-01,  1.1630841760371441e-02, -1.1965619887639792e-03,  1.1910820227659331e-02,  1.9599599050952935e-02,  4.5796796892618608e-03,  3.0578935569391551e-04, -6.4600533480204368e-04,  1.2465354568092277e-01,  7.7029128412352378e-03,  1.2191504756048710e-02,  6.5010901981555319e-02,  1.5763242309180311e-01,  1.1709203792539102e-02, -1.0678384616081937e-03, -1.4563593767387851e-03,  2.0985906412090301e-02,  4.5002358136773234e-03, -1.6913121060982970e-03, -6.2188168547586023e-04
    96,  9.9499e+01,  1.6374295428526306e-01,  1.1182645645848692e-02, -1.3028176710986520e-02, -7.7652532772752900e-02,  1.5400824156110302e-01,  1.1630841760371441e-02, -1.1965619887639792e-03,  1.1910820227659331e-02,  1.9599599050952935e-02,  4.5796796892618608e-03,  3.0578935569391551e-04, -6.4600533480204368e-04,  1.2465354568092277e-01,  7.7029128412352378e-03,  1.2191504756048710e-02,  6.5010901981555319e-02,  1.5763242309180311e-01,  1.1709203792539102e-02, -1.0678384616081937e-03, -1.4573593767387850e-03,  2.0988005002731510e-02,  4.5002358136773234e-03, -1.6913121060982970e-03, -6.2188168547586023e-04
    97,  9.9499e+01,  1.6374295428526306e-01,  1.1182645645848692e-02, -1.3028176710986520e-02, -7.7652532772752900e-02,  1.5400824156110302e-01,  1.1630841760371441e-02, -1.1965619887639792e-03,  1.1910820227659331e-02,  1.9599599050952935e-02,  4.5796796892618608e-03,  3.0578935569391551e-04, -6.4600533480204368e-04,  1.2465354568092277e-01,  7.7029128412352378e-03,  1.2191504756048710e-02,  6.5010901981555319e-02,  1.5763242309180311e-01,  1.1709203792539102e-02, -1.0678384616081937e-03, -1.4573593767387850e-03,  2.0985906412090301e-02,  4.5012358136773236e-03, -1.6913121060982970e-03, -6.2188168547586023e-04
    98,  9.9499e+01,  1.6374295428526306e-01,  1.1182645645848692e-02, -1.3028176710986520e-02, -7.7652532772752900e-02,  1.5400824156110302e-01,  1.1630841760371441e-02, -1.1965619887639792e-03,  1.1910820227659331e-02,  1.9599599050952935e-02,  4.5796796892618608e-03,  3.0578935569391551e-04, -6.4600533480204368e-04,  1.2465354568092277e-01,  7.7029128412352378e-03,  1.2191504756048710e-02,  6.5010901981555319e-02,  1.5763242309180311e-01,  1.1709203792539102e-02, -1.0678384616081937e-03, -1.4573593767387850e-03,  2.0985906412090301e-02,  4.5002358136773234e-03, -1.6903121060982971e-03, -6.2188168547586023e-04
    99,  9.9499e+01,  1.6374295428526306e-01,  1.1182645645848692e-02, -1.3028176710986520e-02, -7.7652532772752900e-02,  1.5400824156110302e-01,  1.1630841760371441e-02, -1.1965619887639792e-03,  1.1910820227659331e-02,  1.9599599050952935e-02,  4.5796796892618608e-03,  3.0578935569391551e-04, -6.4600533480204368e-04,  1.2465354568092277e-01,  7.7029128412352378e-03,  1.2191504756048710e-02,  6.5010901981555319e-02,  1.5763242309180311e-01,  1.1709203792539102e-02, -1.0678384616081937e-03, -1.4573593767387850e-03,  2.0985906412090301e-02,  4.5002358136773234e-03, -1.6913121060982970e-03, -6.2088168547586020e-04
   100,  1.2847e+02,  1.6374294993232369e-01,  1.1182467563253289e-02, -1.3028224214865573e-02, -7.7652540272596757e-02,  1.5400823919975615e-01,  1.1630969388418060e-02, -1.1966210819398500e-03,  1.1913317185621147e-02,  1.9599570510875637e-02,  4.5796293781491509e-03,  3.0573097249639834e-04, -6.4606759072282564e-04,  1.2465354159080733e-01,  7.7029031838115637e-03,  1.2191304266849598e-02,  6.5010892098363554e-02,  1.5763254022321471e-01,  1.1709156417712146e-02, -1.0678906627876830e-03, -1.4574199474007752e-03,  2.0985878963714524e-02,  4.5001104190417951e-03, -1.6915188038877248e-03, -6.2197463734888240e-04
   101,  1.2847e+02,  1.6375932422731693e-01,  1.1182467563253289e-02, -1.3028224214865573e-02, -7.7652540272596757e-02,  1.5400823919975615e-01,  1.1630969388418060e-02, -1.1966210819398500e-03,  1.1913317185621147e-02,  1.9599570510875637e-02,  4.5796293781491509e-03,  3.0573097249639834e-04, -6.4606759072282564e-04,  1.2465354159080733e-01,  7.7029031838115637e-03,  1.2191304266849598e-02,  6.5010892098363554e-02,  1.5763254022321471e-01,  1.1709156417712146e-02, -1.0678906627876830e-03, -1.4574199474007752e-03,  2.0985878963714524e-02,  4.5001104190417951e-03, -1.6915188038877248e-03, -6.2197463734888240e-04
   102,  1.2847e+02,  1.6374294993232369e-01,  1.1183585810009614e-02, -1.3028224214865573e-02, -7.7652540272596757e-02,  1.5400823919975615e-01,  1.1630969388418060e-02, -1.1966210819398500e-03,  1.1913317185621147e-02,  1.9599570510875637e-02,  4.5796293781491509e-03,  3.0573097249639834e-04, -6.4606759072282564e-04,  1.2465354159080733e-01,  7.7029031838115637e-03,  1.2191304266849598e-02,  6.5010892098363554e-02,  1.5763254022321471e-01,  1.1709156417712146e-02, -1.0678906627876830e-03, -1.4574199474007752e-03,  2.0985878963714524e-02,  4.5001104190417951e-03, -1.6915188038877248e-03, -6.2197463734888240e-04
   103,  1.2847e+02,  1.6374294993232369e-01,  1.1182467563253289e-02, -1.3026921392444086e-02, -7.7652540272596757e-02,  1.5400823919975615e-01,  1.1630969388418060e-02, -1.1966210819398500e-03,  1.1913317185621147e-02,  1.9599570510875637e-02,  4.5796293781491509e-03,  3.0573097249639834e-04, -6.4606759072282564e-04,  1.2465354159080733e-01,  7.7029031838115637e-03,  1.2191304266849598e-02,  6.5010892098363554e-02,  1.5763254022321471e-01,  1.1709156417712146e-02, -1.0678906627876830e-03, -1.4574199474007752e-03,  2.0985878963714524e-02,  4.5001104190417951e-03, -1.6915188038877248e-03, -6.2197463734888240e-04
   104,  1.2847e+02,  1.6374294993232369e-01,  1.1182467563253289e-02, -1.3028224214865573e-02, -7.7644775018569492e-02,  1.5400823919975615e-01,  1.1630969388418060e-02, -1.1966210819398500e-03,  1.1913317185621147e-02,  1.9599570510875637e-02,  4.5796293781491509e-03,  3.0573097249639834e-04, -6.4606759072282564e-04,  1.2465354159080733e-01,  7.7029031838115637e-03,  1.2191304266849598e-02,  6.5010892098363554e-02,  1.5763254022321471e-01,  1.1709156417712146e-02, -1.0678906627876830e-03, -1.4574199474007752e-03,  2.0985878963714524e-02,  4.5001104190417951e-03, -1.6915188038877248e-03, -6.2197463734888240e-04
   105,  1.2847e+02,  1.6374294993232369e-01,  1.1182467563253289e-02, -1.3028224214865573e-02, -7.7652540272596757e-02,  1.5402364002367613e-01,  1.1630969388418060e-02, -1.1966210819398500e-03,  1.1913317185621147e-02,  1.9599570510875637e-02,  4.5796293781491509e-03,  3.0573097249639834e-04, -6.4606759072282564e-04,  1.2465354159080733e-01,  7.7029031838115637e-03,  1.2191304266849598e-02,  6.5010892098363554e-02,  1.5763254022321471e-01,  1.1709156417712146e-02, -1.0678906627876830e-03, -1.4574199474007752e-03,  2.0985878963714524e-02,  4.5001104190417951e-03, -1.6915188038877248e-03, -6.2197463734888240e-04
   106,  1.2847e+02,  1.6374294993232369e-01,  1.1182467563253289e-02, -1.3028224214865573e-02, -7.7652540272596757e-02,  1.5400823919975615e-01,  1.1632132485356902e-02, -1.1966210819398500e-03,  1.1913317185621147e-02,  1.9599570510875637e-02,  4.5796293781491509e-03,  3.0573097249639834e-04, -6.4606759072282564e-04,  1.2465354159080733e-01,  7.7029031838115637e-03,  1.2191304266849598e-02,  6.5010892098363554e-02,  1.5763254022321471e-01,  1.1709156417712146e-02, -1.0678906627876830e-03, -1.4574199474007752e-03,  2.0985878963714524e-02,  4.5001104190417951e-03, -1.6915188038877248e-03, -6.2197463734888240e-04
   107,  1.2847e+02,  1.6374294993232369e-01,  1.1182467563253289e-02, -1.3028224214865573e-02, -7.7652540272596757e-02,  1.5400823919975615e-01,  1.1630969388418060e-02, -1.1956210819398501e-03,  1.1913317185621147e-02,  1.9599570510875637e-02,  4.5796293781491509e-03,  3.0573097249639834e-04, -6.4606759072282564e-04,  1.2465354159080733e-01,  7.7029031838115637e-03,  1.2191304266849598e-02,  6.5010892098363554e-02,  1.5763254022321471e-01,  1.1709156417712146e-02, -1.0678906627876830e-03, -1.4574199474007752e-03,  2.0985878963714524e-02,  4.5001104190417951e-03, -1.6915188038877248e-03, -6.2197463734888240e-04
   108,  1.2847e+02,  1.6374294993232369e-01,  1.1182467563253289e-02, -1.3028224214865573e-02, -7.7652540272596757e-02,  1.5400823919975615e-01,  1.1630969388418060e-02, -1.1966210819398500e-03,  1.1914508517339708e-02,  1.9599570510875637e-02,  4.5796293781491509e-03,  3.0573097249639834e-04, -6.4606759072282564e-04,  1.2465354159080733e-01,  7.7029031838115637e-03,  1.2191304266849598e-02,  6.5010892098363554e-02,  1.5763254022321471e-01,  1.1709156417712146e-02, -1.0678906627876830e-03, -1.4574199474007752e-03,  2.0985878963714524e-02,  4.5001104190417951e-03, -1.6915188038877248e-03, -6.2197463734888240e-04
   109,  1.2847e+02,  1.6374294993232369e-01,  1.1182467563253289e-02, -1.3028224214865573e-02, -7.7652540272596757e-02,  1.5400823919975615e-01,  1.1630969388418060e-02, -1.1966210819398500e-03,  1.1913317185621147e-02,  1.9601530467926724e-02,  4.5796293781491509e-03,  3.0573097249639834e-04, -6.4606759072282564e-04,  1.2465354159080733e-01,  7.7029031838115637e-03,  1.2191304266849598e-02,  6.5010892098363554e-02,  1.5763254022321471e-01,  1.1709156417712146e-02, -1.0678906627876830e-03, -1.4574199474007752e-03,  2.0985878963714524e-02,  4.5001104190417951e-03, -1.6915188038877248e-03, -6.2197463734888240e-04
   110,  1.2847e+02,  1.6374294993232369e-01,  1.1182467563253289e-02, -1.3028224214865573e-02, -7.7652540272596757e-02,  1.5400823919975615e-01,  1.1630969388418060e-02, -1.1966210819398500e-03,  1.1913317185621147e-02,  1.9599570510875637e-02,  4.5806293781491510e-03,  3.0573097249639834e-04, -6.4606759072282564e-04,  1.2465354159080733e-01,  7.7029031838115637e-03,  1.2191304266849598e-02,  6.5010892098363554e-02,  1.5763254022321471e-01,  1.1709156417712146e-02, -1.0678906627876830e-03, -1.4574199474007752e-03,  2.0985878963714524e-02,  4.5001104190417951e-03, -1.6915188038877248e-03, -6.2197463734888240e-04
   111,  1.2847e+02,  1.6374294993232369e-01,  1.1182467563253289e-02, -1.3028224214865573e-02, -7.7652540272596757e-02,  1.5400823919975615e-01,  1.1630969388418060e-02, -1.1966210819398500e-03,  1.1913317185621147e-02,  1.9599570510875637e-02,  4.5796293781491509e-03,  3.0673097249639836e-04, -6.4606759072282564e-04,  1.2465354159080733e-01,  7.7029031838115637e-03,  1.2191304266849598e-02,  6.5010892098363554e-02,  1.5763254022321471e-01,  1.1709156417712146e-02, -1.0678906627876830e-03, -1.4574199474007752e-03,  2.0985878963714524e-02,  4.5001104190417951e-03, -1.6915188038877248e-03, -6.2197463734888240e-04
   112,  1.2847e+02,  1.6374294993232369e-01,  1.1182467563253289e-02, -1.3028224214865573e-02, -7.7652540272596757e-02,  1.5400823919975615e-01,  1.1630969388418060e-02, -1.1966210819398500e-03,  1.1913317185621147e-02,  1.9599570510875637e-02,  4.5796293781491509e-03,  3.0573097249639834e-04, -6.4506759072282562e-04,  1.2465354159080733e-01,  7.7029031838115637e-03,  1.2191304266849598e-02,  6.5010892098363554e-02,  1.5763254022321471e-01,  1.1709156417712146e-02, -1.0678906627876830e-03, -1.4574199474007752e-03,  2.0985878963714524e-02,  4.5001104190417951e-03, -1.6915188038877248e-03, -6.2197463734888240e-04
   113,  1.2847e+02,  1.6374294993232369e-01,  1.1182467563253289e-02, -1.3028224214865573e-02, -7.7652540272596757e-02,  1.5400823919975615e-01,  1.1630969388418060e-02, -1.1966210819398500e-03,  1.1913317185621147e-02,  1.9599570510875637e-02,  4.5796293781491509e-03,  3.0573097249639834e-04, -6.4606759072282564e-04,  1.2466600694496641e-01,  7.7029031838115637e-03,  1.2191304266849598e-02,  6.5010892098363554e-02,  1.5763254022321471e-01,  1.1709156417712146e-02, -1.0678906627876830e-03, -1.4574199474007752e-03,  2.0985878963714524e-02,  4.5001104190417951e-03, -1.6915188038877248e-03, -6.2197463734888240e-04
   114,  1.2847e+02,  1.6374294993232369e-01,  1.1182467563253289e-02, -1.3028224214865573e-02, -7.7652540272596757e-02,  1.5400823919975615e-01,  1.1630969388418060e-02, -1.1966210819398500e-03,  1.1913317185621147e-02,  1.9599570510875637e-02,  4.5796293781491509e-03,  3.0573097249639834e-04, -6.4606759072282564e-04,  1.2465354159080733e-01,  7.7039031838115639e-03,  1.2191304266849598e-02,  6.5010892098363554e-02,  1.5763254022321471e-01,  1.1709156417712146e-02, -1.0678906627876830e-03, -1.4574199474007752e-03,  2.0985878963714524e-02,  4.5001104190417951e-03, -1.6915188038877248e-03, -6.2197463734888240e-04
   115,  1.2848e+02,  1.6374294993232369e-01,  1.1182467563253289e-02, -1.3028224214865573e-02, -7.7652540272596757e-02,  1.5400823919975615e-01,  1.1630969388418060e-02, -1.1966210819398500e-03,  1.1913317185621147e-02,  1.9599570510875637e-02,  4.5796293781491509e-03,  3.0573097249639834e-04, -6.4606759072282564e-04,  1.2465354159080733e-01,  7.7029031838115637e-03,  1.2192523397276283e-02,  6.5010892098363554e-02,  1.5763254022321471e-01,  1.1709156417712146e-02, -1.0678906627876830e-03, -1.4574199474007752e-03,  2.0985878963714524e-02,  4.5001104190417951e-03, -1.6915188038877248e-03, -6.2197463734888240e-04
   116,  1.2848e+02,  1.6374294993232369e-01,  1.1182467563253289e-02, -1.3028224214865573e-02, -7.7652540272596757e-02,  1.5400823919975615e-01,  1.1630969388418060e-02, -1.1966210819398500e-03,  1.1913317185621147e-02,  1.9599570510875637e-02,  4.5796293781491509e-03,  3.0573097249639834e-04, -6.4606759072282564e-04,  1.2465354159080733e-01,  7.7029031838115637e-03,  1.2191304266849598e-02,  6.5017393187573394e-02,  1.5763254022321471e-01,  1.1709156417712146e-02, -1.0678906627876830e-03, -1.4574199474007752e-03,  2.0985878963714524e-02,  4.5001104190417951e-03, -1.6915188038877248e-03, -6.2197463734888240e-04
   117,  1.2848e+02,  1.6374294993232369e-01,  1.1182467563253289e-02, -1.3028224214865573e-02, -7.7652540272596757e-02,  1.5400823919975615e-01,  1.1630969388418060e-02, -1.1966210819398500e-03,  1.1913317185621147e-02,  1.9599570510875637e-02,  4.5796293781491509e-03,  3.0573097249639834e-04, -6.4606759072282564e-04,  1.2465354159080733e-01,  7.7029031838115637e-03,  1.2191304266849598e-02,  6.5010892098363554e-02,  1.5764830347723705e-01,  1.1709156417712146e-02, -1.0678906627876830e-03, -1.4574199474007752e-03,  2.0985878963714524e-02,  4.5001104190417951e-03, -1.6915188038877248e-03, -6.2197463734888240e-04
   118,  1.2848e+02,  1.6374294993232369e-01,  1.1182467563253289e-02, -1.3028224214865573e-02, -7.7652540272596757e-02,  1.5400823919975615e-01,  1.1630969388418060e-02, -1.1966210819398500e-03,  1.1913317185621147e-02,  1.9599570510875637e-02,  4.5796293781491509e-03,  3.0573097249639834e-04, -6.4606759072282564e-04,  1.2465354159080733e-01,  7.7029031838115637e-03,  1.2191304266849598e-02,  6.5010892098363554e-02,  1.5763254022321471e-01,  1.1710327333353917e-02, -1.0678906627876830e-03, -1.4574199474007752e-03,  2.0985878963714524e-02,  4.5001104190417951e-03, -1.6915188038877248e-03, -6.2197463734888240e-04
   119,  1.2848e+02,  1.6374294993232369e-01,  1.1182467563253289e-02, -1.3028224214865573e-02, -7.7652540272596757e-02,  1.5400823919975615e-01,  1.1630969388418060e-02, -1.1966210819398500e-03,  1.1913317185621147e-02,  1.9599570510875637e-02,  4.5796293781491509e-03,  3.0573097249639834e-04, -6.4606759072282564e-04,  1.2465354159080733e-01,  7.7029031838115637e-03,  1.2191304266849598e-02,  6.5010892098363554e-02,  1.5763254022321471e-01,  1.1709156417712146e-02, -1.0668906627876831e-03, -1.4574199474007752e-03,  2.0985878963714524e-02,  4.5001104190417951e-03, -1.6915188038877248e-03, -6.2197463734888240e-04
   120,  1.2848e+02,  1.6374294993232369e-01,  1.1182467563253289e-02, -1.3028224214865573e-02, -7.7652540272596757e-02,  1.5400823919975615e-01,  1.1630969388418060e-02, -1.1966210819398500e-03,  1.1913317185621147e-02,  1.9599570510875637e-02,  4.5796293781491509e-03,  3.0573097249639834e-04, -6.4606759072282564e-04,  1.2465354159080733e-01,  7.7029031838115637e-03,  1.2191304266849598e-02,  6.5010892098363554e-02,  1.5763254022321471e-01,  1.1709156417712146e-02, -1.0678906627876830e-03, -1.4564199474007753e-03,  2.0985878963714524e-02,  4.5001104190417951e-03, -1.6915188038877248e-03, -6.2197463734888240e-04
   121,  1.2848e+02,  1.6374294993232369e-01,  1.1182467563253289e-02, -1.3028224214865573e-02, -7.7652540272596757e-02,  1.5400823919975615e-01,  1.1630969388418060e-02, -1.1966210819398500e-03,  1.1913317185621147e-02,  1.9599570510875637e-02,  4.5796293781491509e-03,  3.0573097249639834e-04, -6.4606759072282564e-04,  1.2465354159080733e-01,  7.7029031838115637e-03,  1.2191304266849598e-02,  6.5010892098363554e-02,  1.5763254022321471e-01,  1.1709156417712146e-02, -1.0678906627876830e-03, -1.4574199474007752e-03,  2.0987977551610897e-02,  4.5001104190417951e-03, -1.6915188038877248e-03, -6.2197463734888240e-04
   122,  1.2848e+02,  1.6374294993232369e-01,  1.1182467563253289e-02, -1.3028224214865573e-02, -7.7652540272596757e-02,  1.5400823919975615e-01,  1.1630969388418060e-02, -1.1966210819398500e-03,  1.1913317185621147e-02,  1.9599570510875637e-02,  4.5796293781491509e-03,  3.0573097249639834e-04, -6.4606759072282564e-04,  1.2465354159080733e-01,  7.7029031838115637e-03,  1.2191304266849598e-02,  6.5010892098363554e-02,  1.5763254022321471e-01,  1.1709156417712146e-02, -1.0678906627876830e-03, -1.4574199474007752e-03,  2.0985878963714524e-02,  4.5011104190417952e-03, -1.6915188038877248e-03, -6.2197463734888240e-04
   123,  1.2848e+02,  1.6374294993232369e-01,  1.1182467563253289e-02, -1.3028224214865573e-02, -7.7652540272596757e-02,  1.5400823919975615e-01,  1.1630969388418060e-02, -1.1966210819398500e-03,  1.1913317185621147e-02,  1.9599570510875637e-02,  4.5796293781491509e-03,  3.0573097249639834e-04, -6.4606759072282564e-04,  1.2465354159080733e-01,  7.7029031838115637e-03,  1.2191304266849598e-02,  6.5010892098363554e-02,  1.5763254022321471e-01,  1.1709156417712146e-02, -1.0678906627876830e-03, -1.4574199474007752e-03,  2.0985878963714524e-02,  4.5001104190417951e-03, -1.6905188038877248e-03, -6.2197463734888240e-04
   124,  1.2848e+02,  1.6374294993232369e-01,  1.1182467563253289e-02, -1.3028224214865573e-02, -7.7652540272596757e-02,  1.5400823919975615e-01,  1.1630969388418060e-02, -1.1966210819398500e-03,  1.1913317185621147e-02,  1.9599570510875637e-02,  4.5796293781491509e-03,  3.0573097249639834e-04, -6.4606759072282564e-04,  1.2465354159080733e-01,  7.7029031838115637e-03,  1.2191304266849598e-02,  6.5010892098363554e-02,  1.5763254022321471e-01,  1.1709156417712146e-02, -1.0678906627876830e-03, -1.4574199474007752e-03,  2.0985878963714524e-02,  4.5001104190417951e-03, -1.6915188038877248e-03, -6.2097463734888238e-04
