Problem type:
least_squares
nparams:
8
function_evaluation,seconds,x(0),x(1),x(2),x(3),x(4),x(5),x(6),x(7)
     0,  3.5631e+00,  1.3125987746464629e-01, -7.2464486111265256e-02,  1.5687387632976421e-01,  3.6007009138270501e-03,  1.1319857187526060e-01,  6.7572736109820092e-02,  1.5929477614388710e-01,  5.0289090551820306e-03
     1,  3.5632e+00,  1.3127300345239276e-01, -7.2464486111265256e-02,  1.5687387632976421e-01,  3.6007009138270501e-03,  1.1319857187526060e-01,  6.7572736109820092e-02,  1.5929477614388710e-01,  5.0289090551820306e-03
     2,  3.5633e+00,  1.3125987746464629e-01, -7.2457239662654133e-02,  1.5687387632976421e-01,  3.6007009138270501e-03,  1.1319857187526060e-01,  6.7572736109820092e-02,  1.5929477614388710e-01,  5.0289090551820306e-03
     3,  3.5633e+00,  1.3125987746464629e-01, -7.2464486111265256e-02,  1.5688956371739718e-01,  3.6007009138270501e-03,  1.1319857187526060e-01,  6.7572736109820092e-02,  1.5929477614388710e-01,  5.0289090551820306e-03
     4,  3.5633e+00,  1.3125987746464629e-01, -7.2464486111265256e-02,  1.5687387632976421e-01,  3.6017009138270503e-03,  1.1319857187526060e-01,  6.7572736109820092e-02,  1.5929477614388710e-01,  5.0289090551820306e-03
     5,  3.5633e+00,  1.3125987746464629e-01, -7.2464486111265256e-02,  1.5687387632976421e-01,  3.6007009138270501e-03,  1.1320989173244812e-01,  6.7572736109820092e-02,  1.5929477614388710e-01,  5.0289090551820306e-03
     6,  3.5634e+00,  1.3125987746464629e-01, -7.2464486111265256e-02,  1.5687387632976421e-01,  3.6007009138270501e-03,  1.1319857187526060e-01,  6.7579493383431069e-02,  1.5929477614388710e-01,  5.0289090551820306e-03
     7,  3.5634e+00,  1.3125987746464629e-01, -7.2464486111265256e-02,  1.5687387632976421e-01,  3.6007009138270501e-03,  1.1319857187526060e-01,  6.7572736109820092e-02,  1.5931070562150149e-01,  5.0289090551820306e-03
     8,  3.5634e+00,  1.3125987746464629e-01, -7.2464486111265256e-02,  1.5687387632976421e-01,  3.6007009138270501e-03,  1.1319857187526060e-01,  6.7572736109820092e-02,  1.5929477614388710e-01,  5.0299090551820308e-03
     9,  6.4458e+00,  1.4000716390524065e-01, -5.0872121269567958e-02,  1.4385494065181245e-01,  2.0475279133027680e-04,  1.3983808876186490e-01,  5.1994677015781962e-02,  1.5656348144551602e-01, -4.8138494436519158e-05
    10,  6.4458e+00,  1.4002116462163117e-01, -5.0872121269567958e-02,  1.4385494065181245e-01,  2.0475279133027680e-04,  1.3983808876186490e-01,  5.1994677015781962e-02,  1.5656348144551602e-01, -4.8138494436519158e-05
    11,  6.4459e+00,  1.4000716390524065e-01, -5.0867034057441002e-02,  1.4385494065181245e-01,  2.0475279133027680e-04,  1.3983808876186490e-01,  5.1994677015781962e-02,  1.5656348144551602e-01, -4.8138494436519158e-05
    12,  6.4459e+00,  1.4000716390524065e-01, -5.0872121269567958e-02,  1.4386932614587764e-01,  2.0475279133027680e-04,  1.3983808876186490e-01,  5.1994677015781962e-02,  1.5656348144551602e-01, -4.8138494436519158e-05
    13,  6.4459e+00,  1.4000716390524065e-01, -5.0872121269567958e-02,  1.4385494065181245e-01,  2.0575279133027680e-04,  1.3983808876186490e-01,  5.1994677015781962e-02,  1.5656348144551602e-01, -4.8138494436519158e-05
    14,  6.4459e+00,  1.4000716390524065e-01, -5.0872121269567958e-02,  1.4385494065181245e-01,  2.0475279133027680e-04,  1.3985207257074109e-01,  5.1994677015781962e-02,  1.5656348144551602e-01, -4.8138494436519158e-05
    15,  6.4460e+00,  1.4000716390524065e-01, -5.0872121269567958e-02,  1.4385494065181245e-01,  2.0475279133027680e-04,  1.3983808876186490e-01,  5.1999876483483538e-02,  1.5656348144551602e-01, -4.8138494436519158e-05
    16,  6.4460e+00,  1.4000716390524065e-01, -5.0872121269567958e-02,  1.4385494065181245e-01,  2.0475279133027680e-04,  1.3983808876186490e-01,  5.1994677015781962e-02,  1.5657913779366056e-01, -4.8138494436519158e-05
    17,  6.4460e+00,  1.4000716390524065e-01, -5.0872121269567958e-02,  1.4385494065181245e-01,  2.0475279133027680e-04,  1.3983808876186490e-01,  5.1994677015781962e-02,  1.5656348144551602e-01, -4.7138494436519161e-05
    18,  8.7749e+00,  1.1653696252823717e-01, -6.0299607461843693e-02,  1.4773028771829680e-01, -7.8484576007927616e-04,  1.1333218162873078e-01,  6.5044440968875489e-02,  1.6264730046203471e-01, -8.9856348248043907e-04
    19,  8.7750e+00,  1.1654861622448999e-01, -6.0299607461843693e-02,  1.4773028771829680e-01, -7.8484576007927616e-04,  1.1333218162873078e-01,  6.5044440968875489e-02,  1.6264730046203471e-01, -8.9856348248043907e-04
    20,  8.7750e+00,  1.1653696252823717e-01, -6.0293577501097512e-02,  1.4773028771829680e-01, -7.8484576007927616e-04,  1.1333218162873078e-01,  6.5044440968875489e-02,  1.6264730046203471e-01, -8.9856348248043907e-04
    21,  8.7750e+00,  1.1653696252823717e-01, -6.0299607461843693e-02,  1.4774506074706864e-01, -7.8484576007927616e-04,  1.1333218162873078e-01,  6.5044440968875489e-02,  1.6264730046203471e-01, -8.9856348248043907e-04
    22,  8.7751e+00,  1.1653696252823717e-01, -6.0299607461843693e-02,  1.4773028771829680e-01, -7.8384576007927613e-04,  1.1333218162873078e-01,  6.5044440968875489e-02,  1.6264730046203471e-01, -8.9856348248043907e-04
    23,  8.7751e+00,  1.1653696252823717e-01, -6.0299607461843693e-02,  1.4773028771829680e-01, -7.8484576007927616e-04,  1.1334351484689366e-01,  6.5044440968875489e-02,  1.6264730046203471e-01, -8.9856348248043907e-04
    24,  8.7751e+00,  1.1653696252823717e-01, -6.0299607461843693e-02,  1.4773028771829680e-01, -7.8484576007927616e-04,  1.1333218162873078e-01,  6.5050945412972377e-02,  1.6264730046203471e-01, -8.9856348248043907e-04
    25,  8.7751e+00,  1.1653696252823717e-01, -6.0299607461843693e-02,  1.4773028771829680e-01, -7.8484576007927616e-04,  1.1333218162873078e-01,  6.5044440968875489e-02,  1.6266356519208092e-01, -8.9856348248043907e-04
    26,  8.7751e+00,  1.1653696252823717e-01, -6.0299607461843693e-02,  1.4773028771829680e-01, -7.8484576007927616e-04,  1.1333218162873078e-01,  6.5044440968875489e-02,  1.6264730046203471e-01, -8.9756348248043905e-04
    27,  1.1075e+01,  1.2713728889394485e-01, -5.2747242398462485e-02,  1.4596702764188532e-01, -4.6131950593096081e-03,  1.2166448631600264e-01,  6.4505756715323243e-02,  1.6146359493054316e-01, -4.9395234533976236e-03
    28,  1.1075e+01,  1.2715000262283424e-01, -5.2747242398462485e-02,  1.4596702764188532e-01, -4.6131950593096081e-03,  1.2166448631600264e-01,  6.4505756715323243e-02,  1.6146359493054316e-01, -4.9395234533976236e-03
    29,  1.1075e+01,  1.2713728889394485e-01, -5.2741967674222637e-02,  1.4596702764188532e-01, -4.6131950593096081e-03,  1.2166448631600264e-01,  6.4505756715323243e-02,  1.6146359493054316e-01, -4.9395234533976236e-03
    30,  1.1075e+01,  1.2713728889394485e-01, -5.2747242398462485e-02,  1.4598162434464951e-01, -4.6131950593096081e-03,  1.2166448631600264e-01,  6.4505756715323243e-02,  1.6146359493054316e-01, -4.9395234533976236e-03
    31,  1.1075e+01,  1.2713728889394485e-01, -5.2747242398462485e-02,  1.4596702764188532e-01, -4.6121950593096079e-03,  1.2166448631600264e-01,  6.4505756715323243e-02,  1.6146359493054316e-01, -4.9395234533976236e-03
    32,  1.1075e+01,  1.2713728889394485e-01, -5.2747242398462485e-02,  1.4596702764188532e-01, -4.6131950593096081e-03,  1.2167665276463424e-01,  6.4505756715323243e-02,  1.6146359493054316e-01, -4.9395234533976236e-03
    33,  1.1075e+01,  1.2713728889394485e-01, -5.2747242398462485e-02,  1.4596702764188532e-01, -4.6131950593096081e-03,  1.2166448631600264e-01,  6.4512207290994772e-02,  1.6146359493054316e-01, -4.9395234533976236e-03
    34,  1.1076e+01,  1.2713728889394485e-01, -5.2747242398462485e-02,  1.4596702764188532e-01, -4.6131950593096081e-03,  1.2166448631600264e-01,  6.4505756715323243e-02,  1.6147974129003620e-01, -4.9395234533976236e-03
    35,  1.1076e+01,  1.2713728889394485e-01, -5.2747242398462485e-02,  1.4596702764188532e-01, -4.6131950593096081e-03,  1.2166448631600264e-01,  6.4505756715323243e-02,  1.6146359493054316e-01, -4.9385234533976235e-03
    36,  1.6685e+01,  1.1918400760441705e-01, -5.8781722281925172e-02,  1.4784174978514777e-01, -2.8578383477599802e-03,  1.1472412902288251e-01,  6.7891386548407359e-02,  1.6336011067400785e-01, -3.2489492783605049e-03
    37,  1.6686e+01,  1.1919592600517749e-01, -5.8781722281925172e-02,  1.4784174978514777e-01, -2.8578383477599802e-03,  1.1472412902288251e-01,  6.7891386548407359e-02,  1.6336011067400785e-01, -3.2489492783605049e-03
    38,  1.6686e+01,  1.1918400760441705e-01, -5.8775844109696981e-02,  1.4784174978514777e-01, -2.8578383477599802e-03,  1.1472412902288251e-01,  6.7891386548407359e-02,  1.6336011067400785e-01, -3.2489492783605049e-03
    39,  1.6686e+01,  1.1918400760441705e-01, -5.8781722281925172e-02,  1.4785653396012630e-01, -2.8578383477599802e-03,  1.1472412902288251e-01,  6.7891386548407359e-02,  1.6336011067400785e-01, -3.2489492783605049e-03
    40,  1.6686e+01,  1.1918400760441705e-01, -5.8781722281925172e-02,  1.4784174978514777e-01, -2.8568383477599801e-03,  1.1472412902288251e-01,  6.7891386548407359e-02,  1.6336011067400785e-01, -3.2489492783605049e-03
    41,  1.6686e+01,  1.1918400760441705e-01, -5.8781722281925172e-02,  1.4784174978514777e-01, -2.8578383477599802e-03,  1.1473560143578480e-01,  6.7891386548407359e-02,  1.6336011067400785e-01, -3.2489492783605049e-03
    42,  1.6686e+01,  1.1918400760441705e-01, -5.8781722281925172e-02,  1.4784174978514777e-01, -2.8578383477599802e-03,  1.1472412902288251e-01,  6.7898175687062204e-02,  1.6336011067400785e-01, -3.2489492783605049e-03
    43,  1.6686e+01,  1.1918400760441705e-01, -5.8781722281925172e-02,  1.4784174978514777e-01, -2.8578383477599802e-03,  1.1472412902288251e-01,  6.7891386548407359e-02,  1.6337644668507526e-01, -3.2489492783605049e-03
    44,  1.6686e+01,  1.1918400760441705e-01, -5.8781722281925172e-02,  1.4784174978514777e-01, -2.8578383477599802e-03,  1.1472412902288251e-01,  6.7891386548407359e-02,  1.6336011067400785e-01, -3.2479492783605048e-03
    45,  2.2471e+01,  1.2438552552001911e-01, -5.4214030145596059e-02,  1.4661184511385913e-01, -5.0516622352635579e-03,  1.1827316016724249e-01,  6.7570233842778271e-02,  1.6240743219449871e-01, -5.7100049711209747e-03
    46,  2.2471e+01,  1.2439796407257112e-01, -5.4214030145596059e-02,  1.4661184511385913e-01, -5.0516622352635579e-03,  1.1827316016724249e-01,  6.7570233842778271e-02,  1.6240743219449871e-01, -5.7100049711209747e-03
    47,  2.2471e+01,  1.2438552552001911e-01, -5.4208608742581502e-02,  1.4661184511385913e-01, -5.0516622352635579e-03,  1.1827316016724249e-01,  6.7570233842778271e-02,  1.6240743219449871e-01, -5.7100049711209747e-03
    48,  2.2471e+01,  1.2438552552001911e-01, -5.4214030145596059e-02,  1.4662650629837051e-01, -5.0516622352635579e-03,  1.1827316016724249e-01,  6.7570233842778271e-02,  1.6240743219449871e-01, -5.7100049711209747e-03
    49,  2.2471e+01,  1.2438552552001911e-01, -5.4214030145596059e-02,  1.4661184511385913e-01, -5.0506622352635578e-03,  1.1827316016724249e-01,  6.7570233842778271e-02,  1.6240743219449871e-01, -5.7100049711209747e-03
    50,  2.2471e+01,  1.2438552552001911e-01, -5.4214030145596059e-02,  1.4661184511385913e-01, -5.0516622352635579e-03,  1.1828498748325920e-01,  6.7570233842778271e-02,  1.6240743219449871e-01, -5.7100049711209747e-03
    51,  2.2471e+01,  1.2438552552001911e-01, -5.4214030145596059e-02,  1.4661184511385913e-01, -5.0516622352635579e-03,  1.1827316016724249e-01,  6.7576990866162548e-02,  1.6240743219449871e-01, -5.7100049711209747e-03
    52,  2.2471e+01,  1.2438552552001911e-01, -5.4214030145596059e-02,  1.4661184511385913e-01, -5.0516622352635579e-03,  1.1827316016724249e-01,  6.7570233842778271e-02,  1.6242367293771817e-01, -5.7100049711209747e-03
    53,  2.2471e+01,  1.2438552552001911e-01, -5.4214030145596059e-02,  1.4661184511385913e-01, -5.0516622352635579e-03,  1.1827316016724249e-01,  6.7570233842778271e-02,  1.6240743219449871e-01, -5.7090049711209746e-03
    54,  2.5813e+01,  1.2052961311798803e-01, -5.5941583894867537e-02,  1.4731194514961538e-01, -5.1093497828803829e-03,  1.1418852805228449e-01,  6.9996283803085285e-02,  1.6332327431859903e-01, -5.9107005943714536e-03
    55,  2.5813e+01,  1.2054166607929982e-01, -5.5941583894867537e-02,  1.4731194514961538e-01, -5.1093497828803829e-03,  1.1418852805228449e-01,  6.9996283803085285e-02,  1.6332327431859903e-01, -5.9107005943714536e-03
    56,  2.5813e+01,  1.2052961311798803e-01, -5.5935989736478051e-02,  1.4731194514961538e-01, -5.1093497828803829e-03,  1.1418852805228449e-01,  6.9996283803085285e-02,  1.6332327431859903e-01, -5.9107005943714536e-03
    57,  2.5813e+01,  1.2052961311798803e-01, -5.5941583894867537e-02,  1.4732667634413033e-01, -5.1093497828803829e-03,  1.1418852805228449e-01,  6.9996283803085285e-02,  1.6332327431859903e-01, -5.9107005943714536e-03
    58,  2.5813e+01,  1.2052961311798803e-01, -5.5941583894867537e-02,  1.4731194514961538e-01, -5.1083497828803828e-03,  1.1418852805228449e-01,  6.9996283803085285e-02,  1.6332327431859903e-01, -5.9107005943714536e-03
    59,  2.5813e+01,  1.2052961311798803e-01, -5.5941583894867537e-02,  1.4731194514961538e-01, -5.1093497828803829e-03,  1.1419994690508972e-01,  6.9996283803085285e-02,  1.6332327431859903e-01, -5.9107005943714536e-03
    60,  2.5813e+01,  1.2052961311798803e-01, -5.5941583894867537e-02,  1.4731194514961538e-01, -5.1093497828803829e-03,  1.1418852805228449e-01,  7.0003283431465599e-02,  1.6332327431859903e-01, -5.9107005943714536e-03
    61,  2.5813e+01,  1.2052961311798803e-01, -5.5941583894867537e-02,  1.4731194514961538e-01, -5.1093497828803829e-03,  1.1418852805228449e-01,  6.9996283803085285e-02,  1.6333960664603089e-01, -5.9107005943714536e-03
    62,  2.5813e+01,  1.2052961311798803e-01, -5.5941583894867537e-02,  1.4731194514961538e-01, -5.1093497828803829e-03,  1.1418852805228449e-01,  6.9996283803085285e-02,  1.6332327431859903e-01, -5.9097005943714535e-03
    63,  3.4661e+01,  1.2289162446632820e-01, -5.4242992062964408e-02,  1.4676680289318242e-01, -5.5985046965671484e-03,  1.1621219687682900e-01,  6.9161648917915958e-02,  1.6274973211986132e-01, -6.5387156366154336e-03
    64,  3.4661e+01,  1.2290391362877484e-01, -5.4242992062964408e-02,  1.4676680289318242e-01, -5.5985046965671484e-03,  1.1621219687682900e-01,  6.9161648917915958e-02,  1.6274973211986132e-01, -6.5387156366154336e-03
    65,  3.4661e+01,  1.2289162446632820e-01, -5.4237567763758113e-02,  1.4676680289318242e-01, -5.5985046965671484e-03,  1.1621219687682900e-01,  6.9161648917915958e-02,  1.6274973211986132e-01, -6.5387156366154336e-03
    66,  3.4661e+01,  1.2289162446632820e-01, -5.4242992062964408e-02,  1.4678147957347173e-01, -5.5985046965671484e-03,  1.1621219687682900e-01,  6.9161648917915958e-02,  1.6274973211986132e-01, -6.5387156366154336e-03
    67,  3.4661e+01,  1.2289162446632820e-01, -5.4242992062964408e-02,  1.4676680289318242e-01, -5.5975046965671483e-03,  1.1621219687682900e-01,  6.9161648917915958e-02,  1.6274973211986132e-01, -6.5387156366154336e-03
    68,  3.4661e+01,  1.2289162446632820e-01, -5.4242992062964408e-02,  1.4676680289318242e-01, -5.5985046965671484e-03,  1.1622381809651669e-01,  6.9161648917915958e-02,  1.6274973211986132e-01, -6.5387156366154336e-03
    69,  3.4661e+01,  1.2289162446632820e-01, -5.4242992062964408e-02,  1.4676680289318242e-01, -5.5985046965671484e-03,  1.1621219687682900e-01,  6.9168565082807748e-02,  1.6274973211986132e-01, -6.5387156366154336e-03
    70,  3.4661e+01,  1.2289162446632820e-01, -5.4242992062964408e-02,  1.4676680289318242e-01, -5.5985046965671484e-03,  1.1621219687682900e-01,  6.9161648917915958e-02,  1.6276600709307332e-01, -6.5387156366154336e-03
    71,  3.4661e+01,  1.2289162446632820e-01, -5.4242992062964408e-02,  1.4676680289318242e-01, -5.5985046965671484e-03,  1.1621219687682900e-01,  6.9161648917915958e-02,  1.6274973211986132e-01, -6.5377156366154335e-03
    72,  4.0698e+01,  1.2124376950779837e-01, -5.5233982041798912e-02,  1.4715077543599789e-01, -5.4351643951228547e-03,  1.1470376373700375e-01,  6.9938061845517929e-02,  1.6311983807625030e-01, -6.3359192172091124e-03
    73,  4.0698e+01,  1.2125589388474915e-01, -5.5233982041798912e-02,  1.4715077543599789e-01, -5.4351643951228547e-03,  1.1470376373700375e-01,  6.9938061845517929e-02,  1.6311983807625030e-01, -6.3359192172091124e-03
    74,  4.0698e+01,  1.2124376950779837e-01, -5.5228458643594734e-02,  1.4715077543599789e-01, -5.4351643951228547e-03,  1.1470376373700375e-01,  6.9938061845517929e-02,  1.6311983807625030e-01, -6.3359192172091124e-03
    75,  4.0699e+01,  1.2124376950779837e-01, -5.5233982041798912e-02,  1.4716549051354150e-01, -5.4351643951228547e-03,  1.1470376373700375e-01,  6.9938061845517929e-02,  1.6311983807625030e-01, -6.3359192172091124e-03
    76,  4.0699e+01,  1.2124376950779837e-01, -5.5233982041798912e-02,  1.4715077543599789e-01, -5.4341643951228546e-03,  1.1470376373700375e-01,  6.9938061845517929e-02,  1.6311983807625030e-01, -6.3359192172091124e-03
    77,  4.0699e+01,  1.2124376950779837e-01, -5.5233982041798912e-02,  1.4715077543599789e-01, -5.4351643951228547e-03,  1.1471523411337745e-01,  6.9938061845517929e-02,  1.6311983807625030e-01, -6.3359192172091124e-03
    78,  4.0699e+01,  1.2124376950779837e-01, -5.5233982041798912e-02,  1.4715077543599789e-01, -5.4351643951228547e-03,  1.1470376373700375e-01,  6.9945055651702476e-02,  1.6311983807625030e-01, -6.3359192172091124e-03
    79,  4.0699e+01,  1.2124376950779837e-01, -5.5233982041798912e-02,  1.4715077543599789e-01, -5.4351643951228547e-03,  1.1470376373700375e-01,  6.9938061845517929e-02,  1.6313615006005794e-01, -6.3359192172091124e-03
    80,  4.0699e+01,  1.2124376950779837e-01, -5.5233982041798912e-02,  1.4715077543599789e-01, -5.4351643951228547e-03,  1.1470376373700375e-01,  6.9938061845517929e-02,  1.6311983807625030e-01, -6.3349192172091123e-03
    81,  4.7032e+01,  1.2225166750187373e-01, -5.4591728728586253e-02,  1.4690698936155119e-01, -5.5850637381856198e-03,  1.1557247635137403e-01,  6.9556882880535104e-02,  1.6291711019415930e-01, -6.5275503937830080e-03
    82,  4.7032e+01,  1.2226389266862392e-01, -5.4591728728586253e-02,  1.4690698936155119e-01, -5.5850637381856198e-03,  1.1557247635137403e-01,  6.9556882880535104e-02,  1.6291711019415930e-01, -6.5275503937830080e-03
    83,  4.7032e+01,  1.2225166750187373e-01, -5.4586269555713392e-02,  1.4690698936155119e-01, -5.5850637381856198e-03,  1.1557247635137403e-01,  6.9556882880535104e-02,  1.6291711019415930e-01, -6.5275503937830080e-03
    84,  4.7032e+01,  1.2225166750187373e-01, -5.4591728728586253e-02,  1.4692168006048734e-01, -5.5850637381856198e-03,  1.1557247635137403e-01,  6.9556882880535104e-02,  1.6291711019415930e-01, -6.5275503937830080e-03
    85,  4.7032e+01,  1.2225166750187373e-01, -5.4591728728586253e-02,  1.4690698936155119e-01, -5.5840637381856196e-03,  1.1557247635137403e-01,  6.9556882880535104e-02,  1.6291711019415930e-01, -6.5275503937830080e-03
    86,  4.7032e+01,  1.2225166750187373e-01, -5.4591728728586253e-02,  1.4690698936155119e-01, -5.5850637381856198e-03,  1.1558403359900918e-01,  6.9556882880535104e-02,  1.6291711019415930e-01, -6.5275503937830080e-03
    87,  4.7032e+01,  1.2225166750187373e-01, -5.4591728728586253e-02,  1.4690698936155119e-01, -5.5850637381856198e-03,  1.1557247635137403e-01,  6.9563838568823158e-02,  1.6291711019415930e-01, -6.5275503937830080e-03
    88,  4.7032e+01,  1.2225166750187373e-01, -5.4591728728586253e-02,  1.4690698936155119e-01, -5.5850637381856198e-03,  1.1557247635137403e-01,  6.9556882880535104e-02,  1.6293340190517872e-01, -6.5275503937830080e-03
    89,  4.7032e+01,  1.2225166750187373e-01, -5.4591728728586253e-02,  1.4690698936155119e-01, -5.5850637381856198e-03,  1.1557247635137403e-01,  6.9556882880535104e-02,  1.6291711019415930e-01, -6.5265503937830078e-03
    90,  5.3874e+01,  1.2158887117048692e-01, -5.5027790253249685e-02,  1.4707922938035559e-01, -5.4940662195343435e-03,  1.1499963398624864e-01,  6.9836859433586154e-02,  1.6305476497069327e-01, -6.4124405931353899e-03
    91,  5.3874e+01,  1.2160103005760396e-01, -5.5027790253249685e-02,  1.4707922938035559e-01, -5.4940662195343435e-03,  1.1499963398624864e-01,  6.9836859433586154e-02,  1.6305476497069327e-01, -6.4124405931353899e-03
    92,  5.3874e+01,  1.2158887117048692e-01, -5.5022287474224357e-02,  1.4707922938035559e-01, -5.4940662195343435e-03,  1.1499963398624864e-01,  6.9836859433586154e-02,  1.6305476497069327e-01, -6.4124405931353899e-03
    93,  5.3874e+01,  1.2158887117048692e-01, -5.5027790253249685e-02,  1.4709393730329362e-01, -5.4940662195343435e-03,  1.1499963398624864e-01,  6.9836859433586154e-02,  1.6305476497069327e-01, -6.4124405931353899e-03
    94,  5.3874e+01,  1.2158887117048692e-01, -5.5027790253249685e-02,  1.4707922938035559e-01, -5.4930662195343434e-03,  1.1499963398624864e-01,  6.9836859433586154e-02,  1.6305476497069327e-01, -6.4124405931353899e-03
    95,  5.3874e+01,  1.2158887117048692e-01, -5.5027790253249685e-02,  1.4707922938035559e-01, -5.4940662195343435e-03,  1.1501113394964727e-01,  6.9836859433586154e-02,  1.6305476497069327e-01, -6.4124405931353899e-03
    96,  5.3874e+01,  1.2158887117048692e-01, -5.5027790253249685e-02,  1.4707922938035559e-01, -5.4940662195343435e-03,  1.1499963398624864e-01,  6.9843843119529514e-02,  1.6305476497069327e-01, -6.4124405931353899e-03
    97,  5.3874e+01,  1.2158887117048692e-01, -5.5027790253249685e-02,  1.4707922938035559e-01, -5.4940662195343435e-03,  1.1499963398624864e-01,  6.9836859433586154e-02,  1.6307107044719032e-01, -6.4124405931353899e-03
    98,  5.3874e+01,  1.2158887117048692e-01, -5.5027790253249685e-02,  1.4707922938035559e-01, -5.4940662195343435e-03,  1.1499963398624864e-01,  6.9836859433586154e-02,  1.6305476497069327e-01, -6.4114405931353898e-03
    99,  6.0242e+01,  1.2200645624194434e-01, -5.4781610018308370e-02,  1.4698150037667493e-01, -5.5420590557758139e-03,  1.1537025245890443e-01,  6.9667121300561435e-02,  1.6297271839281002e-01, -6.4738743178369938e-03
   100,  6.0242e+01,  1.2201865688756854e-01, -5.4781610018308370e-02,  1.4698150037667493e-01, -5.5420590557758139e-03,  1.1537025245890443e-01,  6.9667121300561435e-02,  1.6297271839281002e-01, -6.4738743178369938e-03
   101,  6.0242e+01,  1.2200645624194434e-01, -5.4776131857306537e-02,  1.4698150037667493e-01, -5.5420590557758139e-03,  1.1537025245890443e-01,  6.9667121300561435e-02,  1.6297271839281002e-01, -6.4738743178369938e-03
   102,  6.0242e+01,  1.2200645624194434e-01, -5.4781610018308370e-02,  1.4699619852671258e-01, -5.5420590557758139e-03,  1.1537025245890443e-01,  6.9667121300561435e-02,  1.6297271839281002e-01, -6.4738743178369938e-03
   103,  6.0242e+01,  1.2200645624194434e-01, -5.4781610018308370e-02,  1.4698150037667493e-01, -5.5410590557758137e-03,  1.1537025245890443e-01,  6.9667121300561435e-02,  1.6297271839281002e-01, -6.4738743178369938e-03
   104,  6.0242e+01,  1.2200645624194434e-01, -5.4781610018308370e-02,  1.4698150037667493e-01, -5.5420590557758139e-03,  1.1538178948415033e-01,  6.9667121300561435e-02,  1.6297271839281002e-01, -6.4738743178369938e-03
   105,  6.0242e+01,  1.2200645624194434e-01, -5.4781610018308370e-02,  1.4698150037667493e-01, -5.5420590557758139e-03,  1.1537025245890443e-01,  6.9674088012691496e-02,  1.6297271839281002e-01, -6.4738743178369938e-03
   106,  6.0242e+01,  1.2200645624194434e-01, -5.4781610018308370e-02,  1.4698150037667493e-01, -5.5420590557758139e-03,  1.1537025245890443e-01,  6.9667121300561435e-02,  1.6298901566464929e-01, -6.4738743178369938e-03
   107,  6.0242e+01,  1.2200645624194434e-01, -5.4781610018308370e-02,  1.4698150037667493e-01, -5.5420590557758139e-03,  1.1537025245890443e-01,  6.9667121300561435e-02,  1.6297271839281002e-01, -6.4728743178369937e-03
   108,  6.7591e+01,  1.2189593978996445e-01, -5.4853789514571441e-02,  1.4702178440007485e-01, -5.5216705620105781e-03,  1.1529340093425371e-01,  6.9691094520163491e-02,  1.6297541170858632e-01, -6.4510914592838271e-03
   109,  6.7591e+01,  1.2190812938394345e-01, -5.4853789514571441e-02,  1.4702178440007485e-01, -5.5216705620105781e-03,  1.1529340093425371e-01,  6.9691094520163491e-02,  1.6297541170858632e-01, -6.4510914592838271e-03
   110,  6.7591e+01,  1.2189593978996445e-01, -5.4848304135619981e-02,  1.4702178440007485e-01, -5.5216705620105781e-03,  1.1529340093425371e-01,  6.9691094520163491e-02,  1.6297541170858632e-01, -6.4510914592838271e-03
   111,  6.7591e+01,  1.2189593978996445e-01, -5.4853789514571441e-02,  1.4703648657851487e-01, -5.5216705620105781e-03,  1.1529340093425371e-01,  6.9691094520163491e-02,  1.6297541170858632e-01, -6.4510914592838271e-03
   112,  6.7591e+01,  1.2189593978996445e-01, -5.4853789514571441e-02,  1.4702178440007485e-01, -5.5206705620105779e-03,  1.1529340093425371e-01,  6.9691094520163491e-02,  1.6297541170858632e-01, -6.4510914592838271e-03
   113,  6.7591e+01,  1.2189593978996445e-01, -5.4853789514571441e-02,  1.4702178440007485e-01, -5.5216705620105781e-03,  1.1530493027434713e-01,  6.9691094520163491e-02,  1.6297541170858632e-01, -6.4510914592838271e-03
   114,  6.7591e+01,  1.2189593978996445e-01, -5.4853789514571441e-02,  1.4702178440007485e-01, -5.5216705620105781e-03,  1.1529340093425371e-01,  6.9698063629615503e-02,  1.6297541170858632e-01, -6.4510914592838271e-03
   115,  6.7591e+01,  1.2189593978996445e-01, -5.4853789514571441e-02,  1.4702178440007485e-01, -5.5216705620105781e-03,  1.1529340093425371e-01,  6.9691094520163491e-02,  1.6299170924975717e-01, -6.4510914592838271e-03
   116,  6.7591e+01,  1.2189593978996445e-01, -5.4853789514571441e-02,  1.4702178440007485e-01, -5.5216705620105781e-03,  1.1529340093425371e-01,  6.9691094520163491e-02,  1.6297541170858632e-01, -6.4500914592838269e-03
   117,  7.3909e+01,  1.2180328312232284e-01, -5.4919001942043938e-02,  1.4703144931771250e-01, -5.5127639703103238e-03,  1.1519085484570785e-01,  6.9756808728995506e-02,  1.6302148190128155e-01, -6.4358468454528400e-03
   118,  7.3909e+01,  1.2181546345063508e-01, -5.4919001942043938e-02,  1.4703144931771250e-01, -5.5127639703103238e-03,  1.1519085484570785e-01,  6.9756808728995506e-02,  1.6302148190128155e-01, -6.4358468454528400e-03
   119,  7.3909e+01,  1.2180328312232284e-01, -5.4913510041849731e-02,  1.4703144931771250e-01, -5.5127639703103238e-03,  1.1519085484570785e-01,  6.9756808728995506e-02,  1.6302148190128155e-01, -6.4358468454528400e-03
   120,  7.3909e+01,  1.2180328312232284e-01, -5.4919001942043938e-02,  1.4704615246264427e-01, -5.5127639703103238e-03,  1.1519085484570785e-01,  6.9756808728995506e-02,  1.6302148190128155e-01, -6.4358468454528400e-03
   121,  7.3909e+01,  1.2180328312232284e-01, -5.4919001942043938e-02,  1.4703144931771250e-01, -5.5117639703103237e-03,  1.1519085484570785e-01,  6.9756808728995506e-02,  1.6302148190128155e-01, -6.4358468454528400e-03
   122,  7.3909e+01,  1.2180328312232284e-01, -5.4919001942043938e-02,  1.4703144931771250e-01, -5.5127639703103238e-03,  1.1520237393119241e-01,  6.9756808728995506e-02,  1.6302148190128155e-01, -6.4358468454528400e-03
   123,  7.3909e+01,  1.2180328312232284e-01, -5.4919001942043938e-02,  1.4703144931771250e-01, -5.5127639703103238e-03,  1.1519085484570785e-01,  6.9763784409868412e-02,  1.6302148190128155e-01, -6.4358468454528400e-03
   124,  7.3909e+01,  1.2180328312232284e-01, -5.4919001942043938e-02,  1.4703144931771250e-01, -5.5127639703103238e-03,  1.1519085484570785e-01,  6.9756808728995506e-02,  1.6303778404947167e-01, -6.4358468454528400e-03
   125,  7.3909e+01,  1.2180328312232284e-01, -5.4919001942043938e-02,  1.4703144931771250e-01, -5.5127639703103238e-03,  1.1519085484570785e-01,  6.9756808728995506e-02,  1.6302148190128155e-01, -6.4348468454528398e-03
   126,  8.2863e+01,  1.2187062286641197e-01, -5.4881957329830727e-02,  1.4702100253516442e-01, -5.5190346871481725e-03,  1.1525727722080942e-01,  6.9724763249294497e-02,  1.6300179368771039e-01, -6.4447765920242978e-03
   127,  8.2863e+01,  1.2188280992869861e-01, -5.4881957329830727e-02,  1.4702100253516442e-01, -5.5190346871481725e-03,  1.1525727722080942e-01,  6.9724763249294497e-02,  1.6300179368771039e-01, -6.4447765920242978e-03
   128,  8.2863e+01,  1.2187062286641197e-01, -5.4876469134097744e-02,  1.4702100253516442e-01, -5.5190346871481725e-03,  1.1525727722080942e-01,  6.9724763249294497e-02,  1.6300179368771039e-01, -6.4447765920242978e-03
   129,  8.2863e+01,  1.2187062286641197e-01, -5.4881957329830727e-02,  1.4703570463541793e-01, -5.5190346871481725e-03,  1.1525727722080942e-01,  6.9724763249294497e-02,  1.6300179368771039e-01, -6.4447765920242978e-03
   130,  8.2863e+01,  1.2187062286641197e-01, -5.4881957329830727e-02,  1.4702100253516442e-01, -5.5180346871481724e-03,  1.1525727722080942e-01,  6.9724763249294497e-02,  1.6300179368771039e-01, -6.4447765920242978e-03
   131,  8.2863e+01,  1.2187062286641197e-01, -5.4881957329830727e-02,  1.4702100253516442e-01, -5.5190346871481725e-03,  1.1526880294853149e-01,  6.9724763249294497e-02,  1.6300179368771039e-01, -6.4447765920242978e-03
   132,  8.2863e+01,  1.2187062286641197e-01, -5.4881957329830727e-02,  1.4702100253516442e-01, -5.5190346871481725e-03,  1.1525727722080942e-01,  6.9731735725619429e-02,  1.6300179368771039e-01, -6.4447765920242978e-03
   133,  8.2863e+01,  1.2187062286641197e-01, -5.4881957329830727e-02,  1.4702100253516442e-01, -5.5190346871481725e-03,  1.1525727722080942e-01,  6.9724763249294497e-02,  1.6301809386707916e-01, -6.4447765920242978e-03
   134,  8.2863e+01,  1.2187062286641197e-01, -5.4881957329830727e-02,  1.4702100253516442e-01, -5.5190346871481725e-03,  1.1525727722080942e-01,  6.9724763249294497e-02,  1.6300179368771039e-01, -6.4437765920242977e-03
   135,  8.8106e+01,  1.2185219508756320e-01, -5.4894643798995869e-02,  1.4702739923807984e-01, -5.5149556811963721e-03,  1.1524484106189645e-01,  6.9728271927922997e-02,  1.6300274569277201e-01, -6.4401247154298909e-03
   136,  8.8107e+01,  1.2186438030707196e-01, -5.4894643798995869e-02,  1.4702739923807984e-01, -5.5149556811963721e-03,  1.1524484106189645e-01,  6.9728271927922997e-02,  1.6300274569277201e-01, -6.4401247154298909e-03
   137,  8.8107e+01,  1.2185219508756320e-01, -5.4889154334615969e-02,  1.4702739923807984e-01, -5.5149556811963721e-03,  1.1524484106189645e-01,  6.9728271927922997e-02,  1.6300274569277201e-01, -6.4401247154298909e-03
   138,  8.8107e+01,  1.2185219508756320e-01, -5.4894643798995869e-02,  1.4704210197800363e-01, -5.5149556811963721e-03,  1.1524484106189645e-01,  6.9728271927922997e-02,  1.6300274569277201e-01, -6.4401247154298909e-03
   139,  8.8107e+01,  1.2185219508756320e-01, -5.4894643798995869e-02,  1.4702739923807984e-01, -5.5139556811963720e-03,  1.1524484106189645e-01,  6.9728271927922997e-02,  1.6300274569277201e-01, -6.4401247154298909e-03
   140,  8.8107e+01,  1.2185219508756320e-01, -5.4894643798995869e-02,  1.4702739923807984e-01, -5.5149556811963721e-03,  1.1525636554600263e-01,  6.9728271927922997e-02,  1.6300274569277201e-01, -6.4401247154298909e-03
   141,  8.8107e+01,  1.2185219508756320e-01, -5.4894643798995869e-02,  1.4702739923807984e-01, -5.5149556811963721e-03,  1.1524484106189645e-01,  6.9735244755115791e-02,  1.6300274569277201e-01, -6.4401247154298909e-03
   142,  8.8107e+01,  1.2185219508756320e-01, -5.4894643798995869e-02,  1.4702739923807984e-01, -5.5149556811963721e-03,  1.1524484106189645e-01,  6.9728271927922997e-02,  1.6301904596734129e-01, -6.4401247154298909e-03
   143,  8.8107e+01,  1.2185219508756320e-01, -5.4894643798995869e-02,  1.4702739923807984e-01, -5.5149556811963721e-03,  1.1524484106189645e-01,  6.9728271927922997e-02,  1.6300274569277201e-01, -6.4391247154298907e-03
   144,  9.8838e+01,  1.2184423867567859e-01, -5.4899495542575644e-02,  1.4702720428881530e-01, -5.5146478522520789e-03,  1.1523467844997809e-01,  6.9734906225988130e-02,  1.6300782643072612e-01, -6.4392113721159841e-03
   145,  9.8838e+01,  1.2185642309954615e-01, -5.4899495542575644e-02,  1.4702720428881530e-01, -5.5146478522520789e-03,  1.1523467844997809e-01,  6.9734906225988130e-02,  1.6300782643072612e-01, -6.4392113721159841e-03
   146,  9.8838e+01,  1.2184423867567859e-01, -5.4894005593021385e-02,  1.4702720428881530e-01, -5.5146478522520789e-03,  1.1523467844997809e-01,  6.9734906225988130e-02,  1.6300782643072612e-01, -6.4392113721159841e-03
   147,  9.8838e+01,  1.2184423867567859e-01, -5.4899495542575644e-02,  1.4704190700924419e-01, -5.5146478522520789e-03,  1.1523467844997809e-01,  6.9734906225988130e-02,  1.6300782643072612e-01, -6.4392113721159841e-03
   148,  9.8838e+01,  1.2184423867567859e-01, -5.4899495542575644e-02,  1.4702720428881530e-01, -5.5136478522520788e-03,  1.1523467844997809e-01,  6.9734906225988130e-02,  1.6300782643072612e-01, -6.4392113721159841e-03
   149,  9.8838e+01,  1.2184423867567859e-01, -5.4899495542575644e-02,  1.4702720428881530e-01, -5.5146478522520789e-03,  1.1524620191782309e-01,  6.9734906225988130e-02,  1.6300782643072612e-01, -6.4392113721159841e-03
   150,  9.8838e+01,  1.2184423867567859e-01, -5.4899495542575644e-02,  1.4702720428881530e-01, -5.5146478522520789e-03,  1.1523467844997809e-01,  6.9741879716610736e-02,  1.6300782643072612e-01, -6.4392113721159841e-03
   151,  9.8838e+01,  1.2184423867567859e-01, -5.4899495542575644e-02,  1.4702720428881530e-01, -5.5146478522520789e-03,  1.1523467844997809e-01,  6.9734906225988130e-02,  1.6302412721336920e-01, -6.4392113721159841e-03
   152,  9.8838e+01,  1.2184423867567859e-01, -5.4899495542575644e-02,  1.4702720428881530e-01, -5.5146478522520789e-03,  1.1523467844997809e-01,  6.9734906225988130e-02,  1.6300782643072612e-01, -6.4382113721159840e-03
   153,  1.0712e+02,  1.2184570162156808e-01, -5.4898996678205005e-02,  1.4702701849097904e-01, -5.5147538586733718e-03,  1.1523610101604834e-01,  6.9734478724694945e-02,  1.6300756168724012e-01, -6.4393375850104366e-03
   154,  1.0712e+02,  1.2185788619173023e-01, -5.4898996678205005e-02,  1.4702701849097904e-01, -5.5147538586733718e-03,  1.1523610101604834e-01,  6.9734478724694945e-02,  1.6300756168724012e-01, -6.4393375850104366e-03
   155,  1.0712e+02,  1.2184570162156808e-01, -5.4893506778537181e-02,  1.4702701849097904e-01, -5.5147538586733718e-03,  1.1523610101604834e-01,  6.9734478724694945e-02,  1.6300756168724012e-01, -6.4393375850104366e-03
   156,  1.0712e+02,  1.2184570162156808e-01, -5.4898996678205005e-02,  1.4704172119282813e-01, -5.5147538586733718e-03,  1.1523610101604834e-01,  6.9734478724694945e-02,  1.6300756168724012e-01, -6.4393375850104366e-03
   157,  1.0712e+02,  1.2184570162156808e-01, -5.4898996678205005e-02,  1.4702701849097904e-01, -5.5137538586733717e-03,  1.1523610101604834e-01,  6.9734478724694945e-02,  1.6300756168724012e-01, -6.4393375850104366e-03
   158,  1.0712e+02,  1.2184570162156808e-01, -5.4898996678205005e-02,  1.4702701849097904e-01, -5.5147538586733718e-03,  1.1524762462614994e-01,  6.9734478724694945e-02,  1.6300756168724012e-01, -6.4393375850104366e-03
   159,  1.0712e+02,  1.2184570162156808e-01, -5.4898996678205005e-02,  1.4702701849097904e-01, -5.5147538586733718e-03,  1.1523610101604834e-01,  6.9741452172567414e-02,  1.6300756168724012e-01, -6.4393375850104366e-03
   160,  1.0712e+02,  1.2184570162156808e-01, -5.4898996678205005e-02,  1.4702701849097904e-01, -5.5147538586733718e-03,  1.1523610101604834e-01,  6.9734478724694945e-02,  1.6302386244340886e-01, -6.4393375850104366e-03
   161,  1.0712e+02,  1.2184570162156808e-01, -5.4898996678205005e-02,  1.4702701849097904e-01, -5.5147538586733718e-03,  1.1523610101604834e-01,  6.9734478724694945e-02,  1.6300756168724012e-01, -6.4383375850104365e-03
   162,  1.2021e+02,  1.2184570678329371e-01, -5.4898997189751345e-02,  1.4702701910252733e-01, -5.5147526352542567e-03,  1.1523610691020722e-01,  6.9734478991332977e-02,  1.6300755880314657e-01, -6.4393380613626330e-03
   163,  1.2021e+02,  1.2185789135397203e-01, -5.4898997189751345e-02,  1.4702701910252733e-01, -5.5147526352542567e-03,  1.1523610691020722e-01,  6.9734478991332977e-02,  1.6300755880314657e-01, -6.4393380613626330e-03
   164,  1.2021e+02,  1.2184570678329371e-01, -5.4893507290032367e-02,  1.4702701910252733e-01, -5.5147526352542567e-03,  1.1523610691020722e-01,  6.9734478991332977e-02,  1.6300755880314657e-01, -6.4393380613626330e-03
   165,  1.2021e+02,  1.2184570678329371e-01, -5.4898997189751345e-02,  1.4704172180443759e-01, -5.5147526352542567e-03,  1.1523610691020722e-01,  6.9734478991332977e-02,  1.6300755880314657e-01, -6.4393380613626330e-03
   166,  1.2021e+02,  1.2184570678329371e-01, -5.4898997189751345e-02,  1.4702701910252733e-01, -5.5137526352542566e-03,  1.1523610691020722e-01,  6.9734478991332977e-02,  1.6300755880314657e-01, -6.4393380613626330e-03
   167,  1.2021e+02,  1.2184570678329371e-01, -5.4898997189751345e-02,  1.4702701910252733e-01, -5.5147526352542567e-03,  1.1524763052089824e-01,  6.9734478991332977e-02,  1.6300755880314657e-01, -6.4393380613626330e-03
   168,  1.2021e+02,  1.2184570678329371e-01, -5.4898997189751345e-02,  1.4702701910252733e-01, -5.5147526352542567e-03,  1.1523610691020722e-01,  6.9741452439232104e-02,  1.6300755880314657e-01, -6.4393380613626330e-03
   169,  1.2021e+02,  1.2184570678329371e-01, -5.4898997189751345e-02,  1.4702701910252733e-01, -5.5147526352542567e-03,  1.1523610691020722e-01,  6.9734478991332977e-02,  1.6302385955902690e-01, -6.4393380613626330e-03
   170,  1.2021e+02,  1.2184570678329371e-01, -5.4898997189751345e-02,  1.4702701910252733e-01, -5.5147526352542567e-03,  1.1523610691020722e-01,  6.9734478991332977e-02,  1.6300755880314657e-01, -6.4383380613626329e-03
