Problem type:
least_squares
nparams:
24
function_evaluation,seconds,x(0),x(1),x(2),x(3),x(4),x(5),x(6),x(7),x(8),x(9),x(10),x(11),x(12),x(13),x(14),x(15),x(16),x(17),x(18),x(19),x(20),x(21),x(22),x(23),objective_function
     0,  1.2657e+01,  1.0833587912018280e-01,  0.0000000000000000e+00,  0.0000000000000000e+00, -9.8978358861474852e-02,  1.6270539213332599e-01,  3.0659186342287320e-03,  0.0000000000000000e+00,  0.0000000000000000e+00,  0.0000000000000000e+00,  0.0000000000000000e+00,  0.0000000000000000e+00,  0.0000000000000000e+00,  1.0425935708511970e-01,  0.0000000000000000e+00,  0.0000000000000000e+00,  1.0282374012821600e-01,  1.8559756265247759e-01,  3.1042091023180509e-03,  0.0000000000000000e+00,  0.0000000000000000e+00,  0.0000000000000000e+00,  0.0000000000000000e+00,  0.0000000000000000e+00,  0.0000000000000000e+00,  2.3798765614321826e-01
     1,  3.3813e+02,  7.8460337549177861e-02,  3.2296671728248459e-03, -1.4083818575288978e-02, -1.3601700209323878e-01,  1.5467206342123341e-01,  3.2924024120031842e-02, -1.4912004640704407e-03,  2.2176382638304525e-02,  5.5488552417103154e-02,  1.8783916331516395e-02,  1.6381624218564615e-03,  1.1839505209957407e-03,  2.2657130479970478e-02,  3.9738984641993465e-03,  1.5075255997328608e-02,  1.4183445072191103e-01,  2.4435584032287211e-01,  3.5147869124992070e-02, -1.9763765185215379e-03, -1.6486354590969990e-02,  1.2195200568354011e-02,  1.8898163548718067e-02,  2.1031138689551407e-03,  1.4279005218949571e-03,  4.4362999999986367e+28
     2,  3.5087e+02,  1.1462388727496273e-01,  3.1782979620603026e-03, -7.1406142499951088e-03, -1.0102766017182715e-01,  1.6494495756676075e-01,  9.5815952497064275e-03, -6.9407354630827642e-04,  1.5686399925224630e-02,  1.3065698973606141e-02,  3.9948562119865695e-03, -1.3148387299174353e-03, -1.9738733114539439e-05,  8.7206072883876107e-02,  2.6333825736344911e-03,  7.0989043002772445e-03,  9.9602613851634894e-02,  1.8114054369464702e-01,  7.9250083980747094e-03, -8.0411556239415251e-04, -1.4611526240798429e-02,  9.8370051083406535e-03,  3.5084785199041065e-03, -1.8861933485546177e-03, -1.2511303182495623e-05,  4.9508602743115609e-02
     3,  6.7243e+02,  1.2611877332715407e-01,  2.5121048165597541e-03, -1.9145438964118230e-02, -9.9610193525781474e-02,  1.6460754579688411e-01,  1.9902684475808875e-02, -1.0526626020966432e-03,  1.4791907700417028e-02,  3.3884270370301735e-02,  1.6178006537526941e-02,  3.5803238529441323e-04, -5.2293209138749440e-04,  9.2927425262631314e-02,  1.2936893017053883e-03,  2.0462974170187973e-02,  7.6136491951675933e-02,  1.5817274011602678e-01,  1.7978726573106590e-02, -8.4274714240384547e-04, -7.8995585077040742e-04,  3.3700138786200873e-02,  1.3117629509487076e-02, -1.1017967480047798e-03, -4.5779729408648831e-04,  3.5483651389881881e+04
     4,  6.8522e+02,  1.1780558133788960e-01,  5.6198698218760910e-03, -1.2410441672584319e-02, -9.8365076047598310e-02,  1.6478944370877391e-01,  1.1981452085405790e-02, -6.3091641093113507e-04,  1.7185983652672075e-02,  1.8531726922172184e-02,  6.8532200757074457e-03, -3.9244533122287405e-04, -1.5772343896634902e-04,  8.4584124152442097e-02,  4.5745181122686922e-03,  1.1876583755327227e-02,  9.5955202970897741e-02,  1.7782738290407338e-01,  1.0997118879541981e-02, -5.8393734664724734e-04, -1.3337335647863867e-02,  1.4978415030975257e-02,  6.2251223633440385e-03, -1.1897186059822409e-03, -1.4074766578522308e-04,  2.6483129592070158e-02
     5,  1.0059e+03,  1.2495275352104103e-01,  3.6030474832743557e-03, -1.7821588853803923e-02, -9.8031352186527268e-02,  1.5998604010840198e-01,  1.7416254799209406e-02,  3.6275974415208028e-04,  1.4405186295198220e-02,  2.8258128701333096e-02,  1.5815645703319666e-02, -1.4533743824896562e-03, -1.9254455210449597e-04,  8.4479280708176424e-02,  3.2525645954358607e-03,  1.6384158484618425e-02,  8.3635195545541621e-02,  1.6863843462295169e-01,  1.5735454464795445e-02,  4.2561869449444904e-04, -7.6515629077474534e-03,  2.6633943411578979e-02,  1.1685673121644664e-02, -2.8036998405945616e-03, -1.3784880393436240e-04,  5.1210902917783818e-01
     6,  1.0186e+03,  1.1931414964867003e-01,  5.2673896391074206e-03, -1.4904883324582679e-02, -9.7860417282241152e-02,  1.6371537838881459e-01,  1.2872181122150014e-02, -8.0526209677264518e-05,  1.6946556463112723e-02,  2.0828564797148588e-02,  9.5629982640501182e-03, -4.5708278652691016e-04, -9.8406535602028826e-05,  8.3715206648490942e-02,  4.2920590442736758e-03,  1.3370631135061352e-02,  9.3546592736087175e-02,  1.7588838346799859e-01,  1.1968017306419217e-02, -5.2273158973889533e-05, -1.2200000908082962e-02,  1.7785296265491125e-02,  8.0553747906356374e-03, -1.4702618286051405e-03, -7.6412843417334453e-05,  1.7157721022671199e-02
     7,  1.3385e+03,  1.2262413726728416e-01,  3.9140255727709763e-03, -1.7834020915226206e-02, -9.7988901299948167e-02,  1.6126646870589134e-01,  1.5653988335986371e-02,  4.6702865215877889e-04,  1.5510332435110035e-02,  2.5356218005068196e-02,  1.5022984001961084e-02, -1.5549035762675778e-03, -2.2222693397301482e-05,  8.2281025659617785e-02,  3.9857035261080887e-03,  1.5966654114235652e-02,  8.8069602005383968e-02,  1.7171246263611145e-01,  1.3943274409684025e-02,  4.9792173350056554e-04, -1.0292477550879938e-02,  2.3497082739060565e-02,  1.1719035391529882e-02, -2.8272565821668948e-03,  3.5145738514207785e-05,  1.2297013132166957e-02
     8,  1.6561e+03,  1.2505444081790418e-01,  3.6285018157790343e-03, -1.7089489725152358e-02, -1.0158212816355044e-01,  1.5821319143987742e-01,  2.0178294972606089e-02,  7.7155901675924851e-04,  1.2698407069650244e-02,  2.8161026784068736e-02,  1.9192690679002439e-02, -1.9189566992403122e-03, -4.4012248307924505e-04,  8.3621711267780077e-02,  4.4797006973138764e-03,  1.6621207937040083e-02,  8.0324961052778240e-02,  1.6749213267736179e-01,  1.7647891329834201e-02,  6.6310293748721215e-04, -1.0248176241679119e-02,  2.6438491596659293e-02,  1.5600966266082556e-02, -3.4805366884003708e-03, -2.9072530682577521e-04,  6.3768814698958032e-01
     9,  1.6679e+03,  1.2314894990552328e-01,  3.6799644045931363e-03, -1.8039149575912194e-02, -9.8390289703404618e-02,  1.6044173563920180e-01,  1.6282703550507458e-02,  5.1538252445269893e-04,  1.4960036484183205e-02,  2.6207919517126244e-02,  1.6450856804841991e-02, -1.8937199930497729e-03, -2.0201927580512310e-04,  8.1823148978793642e-02,  4.1470888958096098e-03,  1.6696481654441656e-02,  8.6659964221785887e-02,  1.7035319250639244e-01,  1.4215595909267173e-02,  4.9513532918091729e-04, -1.0370728569640816e-02,  2.4515310874875986e-02,  1.3052111121077847e-02, -3.3095047982674391e-03, -7.4258923753206191e-05,  2.3829502818909107e-01
    10,  1.6804e+03,  1.2274015242587934e-01,  3.8434874310091325e-03, -1.7887402173437799e-02, -9.8141814836091190e-02,  1.6094240856918557e-01,  1.5707249083178512e-02,  4.8649695411074565e-04,  1.5381872497597347e-02,  2.5527732401448070e-02,  1.5355199855228796e-02, -1.5642183150005014e-03, -1.0871274955072895e-04,  8.2152193673951476e-02,  4.0930342528674351e-03,  1.6259175776072641e-02,  8.7838428354600845e-02,  1.7128763987405998e-01,  1.3881569851560112e-02,  4.9954293568644809e-04, -1.0388356254937833e-02,  2.3585637283795226e-02,  1.2009649108300151e-02, -2.9439071791713739e-03, -1.1570214722734824e-05,  8.7922021982371531e-03
    11,  1.9983e+03,  1.2296528136075416e-01,  3.7342565811048327e-03, -1.8000633298432555e-02, -9.8241280131880840e-02,  1.6061915539740654e-01,  1.6033228090119513e-02,  4.9529846177490176e-04,  1.5128972873835878e-02,  2.5979277967372337e-02,  1.6073354042675403e-02, -1.7991316444397516e-03, -1.7403920280415494e-04,  8.1917048164083878e-02,  4.1388295984385636e-03,  1.6585413018852871e-02,  8.7128367561520315e-02,  1.7067307400180687e-01,  1.4052168151072785e-02,  4.8605974058977657e-04, -1.0415064090557900e-02,  2.4175158202979472e-02,  1.2725202675579849e-02, -3.1996055432020054e-03, -5.5582849645448782e-05,  2.2888036687978361e-01
    12,  2.0108e+03,  1.2279246813335080e-01,  3.8184958161610852e-03, -1.7917162101384963e-02, -9.8155776110526977e-02,  1.6085474346409415e-01,  1.5777605483322563e-02,  4.8307690737024430e-04,  1.5322841191371644e-02,  2.5646307175668834e-02,  1.5537383412952722e-02, -1.6257713743440985e-03, -1.2594201251221333e-04,  8.2092176766548425e-02,  4.1144237411521178e-03,  1.6352208634028167e-02,  8.7679936637229616e-02,  1.7112408195757806e-01,  1.3916023762979370e-02,  4.9020660607597909e-04, -1.0407999182155254e-02,  2.3716536864366280e-02,  1.2200233639272509e-02, -3.0119033312686542e-03, -2.2743982710655732e-05,  8.6466187082971449e-03
    13,  2.3288e+03,  1.2282520589646266e-01,  3.8484590925165329e-03, -1.7774851895135464e-02, -9.8187351736216483e-02,  1.6064121890100699e-01,  1.6035772477611676e-02,  4.8356736882740320e-04,  1.5200602449364520e-02,  2.5760396302098379e-02,  1.5619918969879625e-02, -1.7891756706657697e-03, -1.7843785104593510e-04,  8.1894728586821980e-02,  4.2219892869492775e-03,  1.6333816831585787e-02,  8.7209287776087580e-02,  1.7082383660043982e-01,  1.4000513921552668e-02,  4.7933491109785644e-04, -1.0687527597591676e-02,  2.3988080105175256e-02,  1.2401510129847604e-02, -3.1595445425206242e-03, -6.4748434442260592e-05,  8.4018295003149765e-03
    14,  2.6239e+03,  1.2385009735510599e-01,  3.7244343983611726e-03, -1.7721878383895006e-02, -9.7247693882899139e-02,  1.6080965206203174e-01,  1.5876149745245309e-02,  3.9037601149378585e-04,  1.5313920118483324e-02,  2.5760396055975042e-02,  1.5542364359365840e-02, -1.5678560387012586e-03, -1.7367111141652189e-04,  8.1100151670930959e-02,  4.0134758336981477e-03,  1.6473144048851914e-02,  8.6982167144164083e-02,  1.7131268080637327e-01,  1.4234030202122409e-02,  4.1392302791344913e-04, -1.0603165292188925e-02,  2.3892665755747271e-02,  1.2401507394771982e-02, -3.1595422415397626e-03, -6.1257284444224332e-05,  1.5597033818633520e-02
    15,  2.6368e+03,  1.2257462810588461e-01,  3.8713073008013513e-03, -1.7794759958670695e-02, -9.8335764513408086e-02,  1.6061307397003449e-01,  1.6098951219318196e-02,  4.8286509869201308e-04,  1.5202860878029714e-02,  2.5760395556966593e-02,  1.5631349519904261e-02, -1.8402846060813335e-03, -1.8684180598401597e-04,  8.2019759553458929e-02,  4.3389334177053275e-03,  1.6286155915261152e-02,  8.7183634745672575e-02,  1.7059649098667526e-01,  1.3884155638830793e-02,  4.7567431211698442e-04, -1.0738986192487490e-02,  2.4041879133068246e-02,  1.2401501687685919e-02, -3.1595374458999645e-03, -6.7030912803982384e-05,  8.6892242308562965e-03
    16,  2.6497e+03,  1.2280933052288565e-01,  3.8484182485810851e-03, -1.7783991475371366e-02, -9.8177930888138198e-02,  1.6064209337289925e-01,  1.6059969374570656e-02,  4.6834875689535888e-04,  1.5222864716153932e-02,  2.5760395541697033e-02,  1.5611449734958123e-02, -1.7882706593380841e-03, -1.8091205626221432e-04,  8.1888556162922413e-02,  4.2507288115843827e-03,  1.6322216685724446e-02,  8.7167332661206909e-02,  1.7075319079823137e-01,  1.3965368263199357e-02,  4.7459179221056170e-04, -1.0715452097867591e-02,  2.4013733363447178e-02,  1.2401501540598756e-02, -3.1595373213681964e-03, -6.8043306909467837e-05,  8.4356322589176514e-03
    17,  2.6623e+03,  1.2282463835843335e-01,  3.8482771358092430e-03, -1.7775845280719908e-02, -9.8185394718910843e-02,  1.6064128367517636e-01,  1.6040492975482299e-02,  4.7518339544107974e-04,  1.5212117170487144e-02,  2.5760395522510891e-02,  1.5604826466766039e-02, -1.7881467125504264e-03, -1.7631283619627255e-04,  8.1895710062649563e-02,  4.2221645989239187e-03,  1.6333700691811445e-02,  8.7206377612853492e-02,  1.7081977030393569e-01,  1.3998318508430946e-02,  4.7938468997582774e-04, -1.0698391191130585e-02,  2.4000509392005147e-02,  1.2401501328419400e-02, -3.1595371428287263e-03, -6.4755671441086215e-05,  8.4391305662434597e-03
    18,  2.6752e+03,  1.2282517503739868e-01,  3.8484342106477071e-03, -1.7774740468643968e-02, -9.8186863005740366e-02,  1.6064120508821519e-01,  1.6035981520673436e-02,  4.8192705695638860e-04,  1.5203279384819251e-02,  2.5760395513802600e-02,  1.5615770445312011e-02, -1.7891796915787124e-03, -1.7920944718198857e-04,  8.1895237585699887e-02,  4.2219237047464823e-03,  1.6334361133834071e-02,  8.7209695321222386e-02,  1.7082336389901986e-01,  1.4000395438023993e-02,  4.7929150420196340e-04, -1.0688920854813830e-02,  2.3992105929740336e-02,  1.2401501219997320e-02, -3.1595370520217164e-03, -6.5679611786494246e-05,  8.4080705248813867e-03
    19,  2.6883e+03,  1.2282520098815038e-01,  3.8484445292737627e-03, -1.7774814050502824e-02, -9.8187216149119280e-02,  1.6064121480842899e-01,  1.6035743681993037e-02,  4.8325132434577119e-04,  1.5201374131498005e-02,  2.5760395524910974e-02,  1.5619147844718574e-02, -1.7891983004355951e-03, -1.7881647475521102e-04,  8.1894878964900594e-02,  4.2219651330749992e-03,  1.6333974188088511e-02,  8.7209476395375324e-02,  1.7082373430799441e-01,  1.4000489167450621e-02,  4.7931754436417813e-04, -1.0687479025887577e-02,  2.3989211638751569e-02,  1.2401501345326705e-02, -3.1595371573936858e-03, -6.5153011798110860e-05,  8.3980086608432068e-03
    20,  2.9936e+03,  1.2282520171567859e-01,  3.8484449679654989e-03, -1.7774812958900790e-02, -9.8187259108838423e-02,  1.6064114384994779e-01,  1.6035742460933665e-02,  4.8325456442516049e-04,  1.5201365954794585e-02,  2.5760290110714956e-02,  1.5619436266304292e-02, -1.7892088006959109e-03, -1.7882787215043244e-04,  8.1894876003623898e-02,  4.2219646943832635e-03,  1.6333977237256388e-02,  8.7209470652828872e-02,  1.7082371962703496e-01,  1.4000478905891256e-02,  4.7930922195474850e-04, -1.0687484344829922e-02,  2.3989210209966933e-02,  1.2401209933886938e-02, -3.1595493325835837e-03, -6.5167956858537006e-05,  8.4269105612121403e-03
    21,  2.9953e+03,  1.2282520035161651e-01,  3.8484449751307018e-03, -1.7774819057614730e-02, -9.8187223311466981e-02,  1.6064120057738465e-01,  1.6035737787308178e-02,  4.8324265724561578e-04,  1.5201366887905614e-02,  2.5760366920654951e-02,  1.5619199614325362e-02, -1.7892090352684561e-03, -1.7882734351618430e-04,  8.1894877407751754e-02,  4.2219646872180602e-03,  1.6333969027975948e-02,  8.7209474485874128e-02,  1.7082373155944228e-01,  1.4000481145619930e-02,  4.7930716521593343e-04, -1.0687488371600848e-02,  2.3989207623152202e-02,  1.2401417885934110e-02, -3.1595480908797650e-03, -6.5164393215823619e-05,  4.4362999999986367e+28
    22,  3.0083e+03,  1.2282520027422240e-01,  3.8484449770821265e-03, -1.7774819002931895e-02, -9.8187216375251185e-02,  1.6064121426054934e-01,  1.6035738182480302e-02,  4.8324252919576305e-04,  1.5201368298640891e-02,  2.5760394277498065e-02,  1.5619149670875082e-02, -1.7892071584391365e-03, -1.7882533685914385e-04,  8.1894877875815938e-02,  4.2219646852666350e-03,  1.6333968807789905e-02,  8.7209475358895741e-02,  1.7082373420646471e-01,  1.4000482830867482e-02,  4.7930869778782325e-04, -1.0687487292367846e-02,  2.3989207960496053e-02,  1.2401497695128097e-02, -3.1595460208952513e-03, -6.5161889738444415e-05,  8.3982034788469429e-03
    23,  3.0213e+03,  1.2282520080729098e-01,  3.8484449692591811e-03, -1.7774815301597940e-02, -9.8187216164060273e-02,  1.6064121475736348e-01,  1.6035742294611882e-02,  4.8324910109542413e-04,  1.5201372665809230e-02,  2.5760395395564316e-02,  1.5619147997072163e-02, -1.7892005278032036e-03, -1.7881870240254004e-04,  8.1894878692425802e-02,  4.2219646930895813e-03,  1.6333972827245156e-02,  8.7209476138575631e-02,  1.7082373429892989e-01,  1.4000487575979761e-02,  4.7931531779689049e-04, -1.0687481108510867e-02,  2.3989210711215889e-02,  1.2401500969778025e-02, -3.1595393851352929e-03, -6.5155240576010145e-05,  8.3990408067748032e-03
    24,  3.0230e+03,  1.2282520094544931e-01,  3.8484449379706329e-03, -1.7774814345839812e-02, -9.8187216152071544e-02,  1.6064121479756588e-01,  1.6035743354510062e-02,  4.8325079950028733e-04,  1.5201373785610060e-02,  2.5760395496913807e-02,  1.5619147876470729e-02, -1.7891988260929181e-03, -1.7881700046822255e-04,  8.1894878900615573e-02,  4.2219647243781286e-03,  1.6333973866821731e-02,  8.7209476334822955e-02,  1.7082373430608078e-01,  1.4000488791890002e-02,  4.7931701886736730e-04, -1.0687479517440007e-02,  2.3989211419817743e-02,  1.2401501264140323e-02, -3.1595376831256316e-03, -6.5153537738817129e-05,  4.4362999999986367e+28
