Problem type:
least_squares
nparams:
8
function_evaluation,seconds,x(0),x(1),x(2),x(3),x(4),x(5),x(6),x(7),objective_function
     0,  1.2706e+01,  1.3445596740217239e-01, -7.6118736490874209e-02,  1.6635008173503299e-01, -1.2763446904551980e-02,  1.3287363372805269e-01,  1.0160058130665200e-01,  1.6696339315621439e-01, -1.8274196258231300e-02,  4.3468965905694423e-01
     1,  1.5002e+02,  1.0304331403473169e-01, -9.6478526057213701e-02,  1.7164267685522780e-01, -7.2813965402515517e-03,  9.9361283891934479e-02,  1.1073444746730460e-01,  1.7814544829018938e-01, -6.7230747985927188e-03,  2.7747038663326185e-01
     2,  2.7672e+02,  1.0873576490082149e-01, -8.4991604087561567e-02,  1.5418023251262969e-01, -4.7011656575072502e-03,  9.4323869387216569e-02,  1.1249596809911964e-01,  1.9046343594976181e-01, -5.0561802551211659e-03,  2.4911240189705408e-01
     3,  4.0164e+02,  1.0412356885750963e-01, -1.0399869656745622e-01,  1.7071075163615021e-01,  1.4086951001242411e-03,  1.0469537069629471e-01,  1.0305887646964970e-01,  1.8052142816398231e-01,  2.7707846290866405e-03,  2.8389747293887185e-01
     4,  4.1455e+02,  1.0615699023540898e-01, -9.0134122271587527e-02,  1.5937528829274303e-01, -4.0636428642665699e-03,  9.4843555178009048e-02,  1.1178376852247469e-01,  1.8864638109932433e-01, -4.0330604889805841e-03,  2.4107721668681653e-01
     5,  5.4016e+02,  1.0678934761640671e-01, -9.7261115906116830e-02,  1.6370484286677361e-01,  6.9871783682226747e-04,  1.0217575221401537e-01,  1.0367439616846015e-01,  1.8437060219234805e-01,  1.6274296359681710e-03,  2.4710306449608158e-01
     6,  5.5311e+02,  1.0596831107439210e-01, -9.1874599322396333e-02,  1.6011789208828495e-01, -2.6054834949628390e-03,  9.6214097205091137e-02,  1.0949815434429466e-01,  1.8792719484421275e-01, -2.2889566667268456e-03,  2.4028202545748298e-01
     7,  6.7831e+02,  1.0605052816374394e-01, -9.4223045109620818e-02,  1.6113532397044292e-01, -1.1116712817615770e-03,  9.7936037558616074e-02,  1.0807186070542728e-01,  1.8751179168656357e-01, -7.2577330311836448e-04,  2.3938824198450395e-01
     8,  8.0455e+02,  1.0662192376813186e-01, -9.5981751241124236e-02,  1.6189247537701798e-01,  2.9207614956900177e-04,  9.9986972065480184e-02,  1.0615962060190444e-01,  1.8670819282280690e-01,  6.6419179339581970e-04,  2.3875961118866873e-01
     9,  9.3029e+02,  1.0724287526787663e-01, -9.8006267343710929e-02,  1.6291902965580132e-01,  1.6220152534668012e-03,  1.0217171093455160e-01,  1.0464734986379882e-01,  1.8590047578273861e-01,  1.8409851122336632e-03,  2.3829941926794332e-01
    10,  1.0562e+03,  1.0829000193984320e-01, -9.8976188595569434e-02,  1.6263094222946337e-01,  3.1929327652354361e-03,  1.0425982882747446e-01,  1.0250171822589808e-01,  1.8550301611571976e-01,  3.2814906891746893e-03,  2.3802664465461448e-01
    11,  1.1818e+03,  1.0817170771059741e-01, -9.8367568560045401e-02,  1.6257051884777235e-01,  2.4680884950630715e-03,  1.0362949934683512e-01,  1.0350537967183052e-01,  1.8579554151322733e-01,  2.5905391483850662e-03,  2.3807883236910168e-01
    12,  1.1950e+03,  1.0833749042707885e-01, -9.8981529970071813e-02,  1.6269240986311989e-01,  3.0584665857299465e-03,  1.0427282133669870e-01,  1.0283833748282824e-01,  1.8559332734632319e-01,  3.0963201868847092e-03,  2.3799233291335486e-01
    13,  1.3203e+03,  1.0821599025282838e-01, -9.8831224786383232e-02,  1.6278889997592491e-01,  2.8659313562787126e-03,  1.0406422834439599e-01,  1.0294889426477431e-01,  1.8549577539535003e-01,  2.9200126311845296e-03,  2.3801729892005158e-01
    14,  1.3333e+03,  1.0831973965736043e-01, -9.8940032106967044e-02,  1.6273304876210443e-01,  3.0141145742860636e-03,  1.0421525683050432e-01,  1.0284023977004639e-01,  1.8556063024967037e-01,  3.0615047110806241e-03,  2.3799386295592370e-01
    15,  1.3463e+03,  1.0833716943655486e-01, -9.8968376117564399e-02,  1.6270893003810821e-01,  3.0512499847460245e-03,  1.0425990867296553e-01,  1.0283261375303802e-01,  1.8559146664811013e-01,  3.0948000862475291e-03,  2.3798944447442802e-01
    16,  1.4721e+03,  1.0833646496110901e-01, -9.8978048064253241e-02,  1.6270464338966140e-01,  3.0707513032690440e-03,  1.0426044447363987e-01,  1.0282489074266511e-01,  1.8559764530426079e-01,  3.1054097927672403e-03,  2.3798800859435429e-01
    17,  1.5977e+03,  1.0833628577792039e-01, -9.8978620181862154e-02,  1.6270501918974659e-01,  3.0644311559276621e-03,  1.0425931700424684e-01,  1.0282403866704275e-01,  1.8559729632944086e-01,  3.1042273539683301e-03,  2.3798776191229226e-01
    18,  1.7230e+03,  1.0833587933249120e-01, -9.8978358699248647e-02,  1.6270539211227245e-01,  3.0659188231562363e-03,  1.0425935735681290e-01,  1.0282374037928635e-01,  1.8559756269515082e-01,  3.1042106431426676e-03,  2.3798766331255591e-01
    19,  1.8487e+03,  1.0833558989256252e-01, -9.8978331553634780e-02,  1.6270556023656577e-01,  3.0657080396635367e-03,  1.0425904210098375e-01,  1.0282360480594208e-01,  1.8559739973990225e-01,  3.1026466414490342e-03,  2.3798788717225347e-01
    20,  1.8617e+03,  1.0833582055643570e-01, -9.8978387470608623e-02,  1.6270540716765530e-01,  3.0658713003431704e-03,  1.0425928512837293e-01,  1.0282368405824538e-01,  1.8559754406041534e-01,  3.1038153924503849e-03,  2.3798772614377703e-01
    21,  1.8746e+03,  1.0833586547508389e-01, -9.8978368288606872e-02,  1.6270539406022158e-01,  3.0659068168942161e-03,  1.0425933979834914e-01,  1.0282372480438558e-01,  1.8559755948706116e-01,  3.1041119525560051e-03,  2.3798767886689984e-01
    22,  1.8875e+03,  1.0833587591956875e-01, -9.8978361247609559e-02,  1.6270539248490712e-01,  3.0659158058752240e-03,  1.0425935299952903e-01,  1.0282373639156105e-01,  1.8559756198399044e-01,  3.1041859848898743e-03,  2.3798771069143909e-01
    23,  1.9003e+03,  1.0833587848245906e-01, -9.8978359345790037e-02,  1.6270539219827607e-01,  3.0659180677303391e-03,  1.0425935626952973e-01,  1.0282373937647506e-01,  1.8559756252303877e-01,  3.1042044795859059e-03,  2.3798767165381696e-01
    24,  1.9134e+03,  1.0833587912018280e-01, -9.8978358861474852e-02,  1.6270539213332605e-01,  3.0659186342287320e-03,  1.0425935708511973e-01,  1.0282374012821596e-01,  1.8559756265247765e-01,  3.1042091023180509e-03,  2.3798765745566230e-01
