Problem type:
least_squares
nparams:
24
function_evaluation,seconds,x(0),x(1),x(2),x(3),x(4),x(5),x(6),x(7),x(8),x(9),x(10),x(11),x(12),x(13),x(14),x(15),x(16),x(17),x(18),x(19),x(20),x(21),x(22),x(23),objective_function,F(0),F(1)
     0,  3.1459e+01,  1.6357364695090851e-01,  0.0000000000000000e+00,  0.0000000000000000e+00,  3.6959981289520778e-02,  1.6587767138577511e-01, -1.0887894979133880e-01,  0.0000000000000000e+00,  0.0000000000000000e+00,  0.0000000000000000e+00,  0.0000000000000000e+00,  0.0000000000000000e+00,  0.0000000000000000e+00, -1.2536585945864520e-01,  0.0000000000000000e+00,  0.0000000000000000e+00,  3.3577030361738418e-02,  2.1539380707832340e-01,  8.0042024214965632e-02,  0.0000000000000000e+00,  0.0000000000000000e+00,  0.0000000000000000e+00,  0.0000000000000000e+00,  0.0000000000000000e+00,  0.0000000000000000e+00,  4.0103994282078509e-01, -9.9310957051040738e-01,  2.0023519075299456e-01
     1,  3.3024e+02,  1.5047415697064759e-01, -3.1356154362236696e-02, -1.4451429580053540e-01,  3.4049536323196058e-02,  3.5662555481980929e-01, -6.7997595040841491e-02, -1.0471713810534659e-01, -3.5778337454682979e-02,  1.2001932620280724e-02,  4.2192503145452587e-02,  1.6209794197589458e-02, -9.5115461250617178e-02, -1.2490882210016717e-01, -7.1360532432068252e-03,  1.7481752848054592e-02,  7.9349595823682312e-02,  2.9608914152289190e-01, -5.7957201361877833e-02, -1.0153876500600871e-01,  9.8801926206307424e-03,  1.9821766172943019e-02, -1.3992272311084401e-02, -9.3248330956564665e-02,  7.6518885729910530e-02,  1.0000099999999999e+25,  1.0000000000000000e+12,  1.0000000000000000e+12
     2,  3.6509e+02,  1.6282564950392767e-01,  8.8422750676031970e-04,  1.4078051731859120e-03,  3.6815108406289793e-02,  2.2396088631455327e-01, -9.5311820055867830e-02, -1.7717170151593199e-03,  3.8492320975980107e-04, -4.4018870362911152e-03, -1.1634501727242293e-02,  2.7704531189846888e-03,  4.7039182399423096e-03, -1.2537563315928338e-01,  1.5260382295552487e-04, -2.2259921552864950e-03,  3.5938839444273833e-02,  2.6951388709027146e-01,  4.0340597584188558e-02,  7.6275621979425929e-03, -6.2978534136195303e-04, -4.1803566378533514e-03, -5.6646846376783308e-03,  1.3060143500103930e-02, -5.2681172114203484e-03,  2.9113860114823215e-01, -2.9079568611833144e+00,  1.7037986378606534e-01
     3,  6.4050e+02,  1.6132692341250021e-01, -6.7697826186087634e-03, -2.5488300373004324e-02,  2.4562690220200398e-02,  1.0702161240973133e-01, -1.0424069569537908e-01, -3.0900011319273970e-02, -7.6002464980542339e-03,  4.2508498743707148e-03,  2.8677582991257909e-02, -7.4639483843300068e-03,  5.4023640967500435e-04, -1.2735579313060374e-01, -1.9455269633695746e-03, -1.1283585328538001e-02,  3.4297975107211054e-02,  1.6054562853752755e-01,  8.3823092711131142e-02, -1.8182199137757548e-02,  7.1720191480030700e-04,  9.0030047038226462e-03,  2.3977684201193061e-02, -2.1703764293750438e-02,  3.3621976704799996e-03,  1.0000099999999999e+25,  1.0000000000000000e+12,  1.0000000000000000e+12
     4,  6.8447e+02,  1.6176119711665854e-01, -3.8778741412420076e-03, -1.8039143634931851e-02,  2.7319189776038325e-02,  2.0684977394443607e-01, -1.0423665146634153e-01, -2.0558039158271504e-02, -5.0380953251970163e-03, -4.3958967864816288e-03, -2.1887309114757836e-03,  6.5530161250708418e-03, -7.1150034425919873e-04, -1.2666080614615052e-01, -1.2091351519523267e-03, -9.3491816081898750e-03,  3.4522194701821128e-02,  2.5130784812372053e-01,  3.9102308228414255e-02, -6.2305648917949106e-03,  2.9187320047516891e-04, -4.8645134777959304e-04, -1.4574222582504287e-03,  2.1719872914713976e-03,  2.9359744251755259e-04,  2.2895258812613634e-01, -2.5455336418203913e+00,  1.5109752280364241e-01
     5,  1.0800e+03,  1.6201366018248178e-01, -4.4899692229885815e-03, -1.4666122395031624e-02,  2.9237491125463526e-02,  2.1030858022400264e-01, -1.0378065918877388e-01, -1.7754192870660022e-02, -5.2351165779062287e-03, -3.0972938536908035e-03, -1.1166805063776621e-03,  1.0142927801089439e-02, -2.2179884341279896e-04, -1.2658932678388754e-01,  2.4633507455777293e-03, -7.2214588864867833e-03,  3.4788716820686280e-02,  2.4955564724768770e-01,  4.0819183846731270e-02, -1.7981714321040933e-04,  4.1122480587086328e-04,  1.3741368850106541e-03, -2.0195546826640527e-03,  1.0686017497221496e-04,  3.9836726239001006e-03,  2.2815458610248410e-01, -2.5411959009480842e+00,  1.5083395454664197e-01
     6,  1.3838e+03,  1.6204948801436822e-01, -4.4331143162123932e-03, -1.4628315777175983e-02,  2.8992852218753921e-02,  2.1047554859285239e-01, -1.0439634250412183e-01, -1.7534273614389296e-02, -5.9509210423864794e-03, -3.5269526596881317e-03, -9.2098139662191182e-04,  1.0211045925855165e-02, -7.5146404219972437e-04, -1.2653708309068920e-01,  2.3984831126515347e-03, -6.4387131008943194e-03,  3.4437048730136637e-02,  2.4713966526430417e-01,  4.0902655467241290e-02,  1.9670394382581070e-04,  5.0106905218360275e-04,  1.4004847337617749e-03, -2.2345818335244238e-03,  1.7527963328456579e-05,  4.1751464815358384e-03,  2.2315214605224820e-01, -2.5170452339741445e+00,  1.4917057162230793e-01
     7,  1.7443e+03,  1.6205822041839713e-01, -4.1305734754010694e-03, -1.4511804776085780e-02,  2.8973627819336285e-02,  2.1054961922301715e-01, -1.0457548019270389e-01, -1.7402706365281538e-02, -5.9543400905065318e-03, -3.5316109677100103e-03, -9.1247394005052442e-04,  1.0275581201664401e-02, -7.3906722906125308e-04, -1.2651107675393206e-01,  2.6627551303659625e-03, -6.0434839633681445e-03,  3.4297849469729788e-02,  2.4704090908314830e-01,  4.0973221519327446e-02,  2.9810124614127359e-04,  6.9428031673515311e-04,  1.5444325451138146e-03, -2.2667358285889576e-03, -1.6419564291467238e-05,  4.3392374131478520e-03,  2.2143655230185386e-01, -2.5159501019460295e+00,  1.4859460010723999e-01
     8,  2.1502e+03,  1.6207694128215760e-01, -3.9916045346160643e-03, -1.4334200350157901e-02,  2.8969338350191002e-02,  2.1064677390247163e-01, -1.0475527807583906e-01, -1.7170024232981376e-02, -5.9270879987964042e-03, -3.5518440228663939e-03, -8.4506251743980470e-04,  1.0490539895879421e-02, -5.2966568627740363e-04, -1.2647441882269353e-01,  2.7900028688512897e-03, -5.7680222125066974e-03,  3.4321526337669515e-02,  2.4691576353384051e-01,  4.1096862816397857e-02,  5.6353897983681578e-04,  7.6151087539645646e-04,  1.6296898255720844e-03, -2.2052775569531011e-03,  1.1637702091646950e-05,  4.6010001153790224e-03,  2.1986793089995682e-01, -2.5146186799410506e+00,  1.4806606639922801e-01
     9,  2.4937e+03,  1.6209397125359881e-01, -3.9860028077783084e-03, -1.4301251798856706e-02,  2.9036780029273134e-02,  2.1080984310258433e-01, -1.0501308857200627e-01, -1.7009720254965235e-02, -6.0687423080087221e-03, -3.5587213266807666e-03, -7.1315660939512242e-04,  1.0604518399671697e-02, -5.4169777793129799e-04, -1.2644465990494852e-01,  2.7662437993827308e-03, -5.3437749834506273e-03,  3.4297831446846540e-02,  2.4669526161310798e-01,  4.1315005892501651e-02,  7.2006160193984533e-04,  8.7775556654240514e-04,  1.7154263199477724e-03, -2.2712929016324916e-03, -5.7736934819431537e-05,  4.7236427405194939e-03,  2.2951780164785548e-01, -2.5118357283094674e+00,  1.5129007560816879e-01
    10,  2.5360e+03,  1.6208119880005811e-01, -3.9902040546322603e-03, -1.4325963232120258e-02,  2.8986198778194396e-02,  2.1068754220682895e-01, -1.0481973082562812e-01, -1.7129948194013988e-02, -5.9625016227716713e-03, -3.5535633958070230e-03, -8.1208620079583759e-04,  1.0519034644073041e-02, -5.3267364422816593e-04, -1.2646697907944104e-01,  2.7840630904534874e-03, -5.6619602770842182e-03,  3.4315602591386572e-02,  2.4686063883747669e-01,  4.1151398136351262e-02,  6.0266971185884174e-04,  7.9057208112863985e-04,  1.6511239083057947e-03, -2.2217815976424962e-03, -5.7057211588878965e-06,  4.6316607953402053e-03,  2.1936478829458689e-01, -2.5139247529539741e+00,  1.4789618200894689e-01
    11,  2.9052e+03,  1.6208981953462903e-01, -3.9876734969934444e-03, -1.4309087875736828e-02,  2.8956255077289137e-02,  2.1076436740893201e-01, -1.0494481629432026e-01, -1.7047327884552890e-02, -6.0354793344274621e-03, -3.5575429137152306e-03, -7.4350964609698825e-04,  1.0577376757302281e-02, -5.3955122519060801e-04, -1.2645163521805158e-01,  2.7729012147401444e-03, -5.4445685721678325e-03,  3.4249328761540021e-02,  2.4674928022648712e-01,  4.1218453300629454e-02,  6.8384515820333670e-04,  8.5194916911727103e-04,  1.6979063528710892e-03, -2.2536442097772602e-03, -4.0114360747773609e-05,  4.6949030317168620e-03,  2.1831797478586745e-01, -2.5127433807845776e+00,  1.4754205734504985e-01
    12,  3.2514e+03,  1.6209066782829007e-01, -3.9875668656082800e-03, -1.4307480740313648e-02,  2.8953709172854593e-02,  2.1004198847128278e-01, -1.0495900981427518e-01, -1.7039091185916063e-02, -6.0429546147038275e-03, -3.5582365099802267e-03, -7.3661032122419965e-04,  1.0583406592082198e-02, -5.4021405489976964e-04, -1.2645010428376594e-01,  2.7719382739691467e-03, -5.4228240612235129e-03,  3.4243085734085028e-02,  2.4673754826154093e-01,  4.1225539110670430e-02,  6.9173993480372642e-04,  8.5804360761373738e-04,  1.7023609841957002e-03, -2.2568141156152377e-03, -4.3524930776523373e-05,  4.7014970960186789e-03,  2.1867031457891961e-01, -2.5048473723572782e+00,  1.4766275378139171e-01
    13,  3.2932e+03,  1.6209003163390021e-01, -3.9876467752939801e-03, -1.4308686136553105e-02,  2.8955618563037858e-02,  2.1058377264233458e-01, -1.0494836470836164e-01, -1.7045268736558514e-02, -6.0373481409730385e-03, -3.5577163749072791e-03, -7.4178511539810179e-04,  1.0578884324349834e-02, -5.3971683333369608e-04, -1.2645125248163597e-01,  2.7726604777584163e-03, -5.4391325008829854e-03,  3.4247767975197664e-02,  2.4674634846528104e-01,  4.1220223987947009e-02,  6.8581887329261513e-04,  8.5347275915290967e-04,  1.6990199050510801e-03, -2.2544369368061425e-03, -4.0966629647893212e-05,  4.6965515123156476e-03,  2.1840281396704669e-01, -2.5107731917890455e+00,  1.4757114073049177e-01
    14,  3.3339e+03,  1.6208987256092106e-01, -3.9876668129278387e-03, -1.4308987443487983e-02,  2.8956095946551526e-02,  2.1071921871544802e-01, -1.0494570339977219e-01, -1.7046813099074659e-02, -6.0359465352927766e-03, -3.5575862825554913e-03, -7.4307853055708968e-04,  1.0577753655242142e-02, -5.3959262156545620e-04, -1.2645153953378552e-01,  2.7728410303927103e-03, -5.4432095575653351e-03,  3.4248938563273643e-02,  2.4674854735631871e-01,  4.1218895928829567e-02,  6.8433858816954805e-04,  8.5233006550929340e-04,  1.6981847348921334e-03, -2.2538424058212844e-03, -4.0327406670711553e-05,  4.6953151498437679e-03,  2.1833773847547713e-01, -2.5122510711134707e+00,  1.4754883867080962e-01
    15,  3.3768e+03,  1.6208983279129216e-01, -3.9876718257544656e-03, -1.4309062767830333e-02,  2.8956215294471777e-02,  2.1075308023544886e-01, -1.0494503807080194e-01, -1.7047199188276279e-02, -6.0355961345966505e-03, -3.5575537561418524e-03, -7.4340186825955668e-04,  1.0577470982164938e-02, -5.3956157393823768e-04, -1.2645161129697516e-01,  2.7728861686470499e-03, -5.4442288187139852e-03,  3.4249231211870672e-02,  2.4674909701323264e-01,  4.1218563955012194e-02,  6.8396851576787846e-04,  8.5204439314699525e-04,  1.6979759480080740e-03, -2.2536937596616944e-03, -4.0167620926197723e-05,  4.6950060611249244e-03,  2.1832378039297684e-01, -2.5126203182039895e+00,  1.4754404573097205e-01
    16,  3.4187e+03,  1.6208982284880041e-01, -3.9876730791698640e-03, -1.4309081598769884e-02,  2.8956245131576533e-02,  2.1076154561555424e-01, -1.0494487173844806e-01, -1.7047295710489515e-02, -6.0355085344668286e-03, -3.5575456243353469e-03, -7.4348270170274480e-04,  1.0577400313541423e-02, -5.3955381235600323e-04, -1.2645162923778186e-01,  2.7728974532164833e-03, -5.4444836338166025e-03,  3.4249304374116295e-02,  2.4674923442344002e-01,  4.1218480964059341e-02,  6.8387599759900906e-04,  8.5197297512045779e-04,  1.6979237516324436e-03, -2.2536565973026606e-03, -4.0127675711429061e-05,  4.6949287890611906e-03,  2.1831941506594760e-01, -2.5127126160665698e+00,  1.4754255067500141e-01
    17,  3.4591e+03,  1.6208982036317224e-01, -3.9876733925366861e-03, -1.4309086306495697e-02,  2.8956252590860470e-02,  2.1076366196058713e-01, -1.0494483015535266e-01, -1.7047319841037408e-02, -6.0354866344371205e-03, -3.5575435913710999e-03, -7.4350291000249149e-04,  1.0577382646363532e-02, -5.3955187198061411e-04, -1.2645163372298412e-01,  2.7729002743592051e-03, -5.4445473375807881e-03,  3.4249322664683689e-02,  2.4674926877574199e-01,  4.1218460216476578e-02,  6.8385286805253793e-04,  8.5195512061780280e-04,  1.6979107025599991e-03, -2.2536473066619989e-03, -4.0117689483634956e-05,  4.6949094710524641e-03,  2.1831833468778297e-01, -2.5127356896630024e+00,  1.4754218062072025e-01
    18,  3.5010e+03,  1.6208981974176484e-01, -3.9876734708792008e-03, -1.4309087483426583e-02,  2.8956254455681937e-02,  2.1076419104684577e-01, -1.0494481975957839e-01, -1.7047325873674041e-02, -6.0354811594298657e-03, -3.5575430831292503e-03, -7.4350796207361795e-04,  1.0577378229567686e-02, -5.3955138688802562e-04, -1.2645163484428470e-01,  2.7729009796449082e-03, -5.4445632635211193e-03,  3.4249327237325912e-02,  2.4674927736380187e-01,  4.1218455029590588e-02,  6.8384708566565471e-04,  8.5195065699238744e-04,  1.6979074402932275e-03, -2.2536449839986564e-03, -4.0115192931423270e-05,  4.6949046415507324e-03,  2.1831806462521466e-01, -2.5127414580077936e+00,  1.4754208811784369e-01
    19,  3.5427e+03,  1.6208981958641300e-01, -3.9876734904648803e-03, -1.4309087777659270e-02,  2.8956254921887335e-02,  2.1076432331841044e-01, -1.0494481716063479e-01, -1.7047327381833181e-02, -6.0354797906780619e-03, -3.5575429560687388e-03, -7.4350922509116158e-04,  1.0577377125368638e-02, -5.3955126561495721e-04, -1.2645163512460986e-01,  2.7729011559663353e-03, -5.4445672450061568e-03,  3.4249328380486492e-02,  2.4674927951081588e-01,  4.1218453732869698e-02,  6.8384564006891734e-04,  8.5194954108604908e-04,  1.6979066247266182e-03, -2.2536444033326225e-03, -4.0114568793666297e-05,  4.6949034341753279e-03,  2.1831799732714061e-01, -2.5127429000905916e+00,  1.4754206506584658e-01
    20,  3.5836e+03,  1.6208981954757501e-01, -3.9876734953613029e-03, -1.4309087851217438e-02,  2.8956255038438686e-02,  2.1076435638630162e-01, -1.0494481651089889e-01, -1.7047327758872962e-02, -6.0354794484901121e-03, -3.5575429243036080e-03, -7.4350954084553258e-04,  1.0577376849318870e-02, -5.3955123529669498e-04, -1.2645163519469116e-01,  2.7729012000466922e-03, -5.4445682403774136e-03,  3.4249328666276641e-02,  2.4674928004756932e-01,  4.1218453408689515e-02,  6.8384527866973191e-04,  8.5194926210946549e-04,  1.6979064208349711e-03, -2.2536442581661017e-03, -4.0114412759245547e-05,  4.6949031323314785e-03,  2.1831798047252074e-01, -2.5127432606110913e+00,  1.4754205929264580e-01
    21,  3.6257e+03,  1.6208981953786553e-01, -3.9876734965854088e-03, -1.4309087869606982e-02,  2.8956255067576524e-02,  2.1076436465327442e-01, -1.0494481634846492e-01, -1.7047327853132909e-02, -6.0354793629431251e-03, -3.5575429163623249e-03, -7.4350961978412436e-04,  1.0577376780306428e-02, -5.3955122771712975e-04, -1.2645163521221148e-01,  2.7729012110667812e-03, -5.4445684892202280e-03,  3.4249328737724176e-02,  2.4674928018175768e-01,  4.1218453327644469e-02,  6.8384518831993547e-04,  8.5194919236531959e-04,  1.6979063698620597e-03, -2.2536442218744706e-03, -4.0114373750641516e-05,  4.6949030568705164e-03,  2.1831797644278178e-01, -2.5127433507411778e+00,  1.4754205791167221e-01
