   6.7467300486246870E-005  -410.81634928648612     
  -9.9325326995137533E-003   2.7060322035567310     
   96004.195476377834       -42572.354581801541     
 
   9665663.1647762898       0.11824332608646226     
  -3428688.5187209211        3147.3364367077547     
 
   1.0345763722660145E-007  -3.8868342742272456E-012
   1.1270609928943558E-004   3.1772474705690432E-004
 
  -1583.8089045320082        1324.8786185188324     
 
 
  -4.7625607925823321E-005  -325.17390403003503     
  -1.0047625607925824E-002   0.0000000000000000     
   99235.606425497928        12959.680866389270     
 
   9876523.1008625906      -0.93399505803551897     
   1289825.2156376450        3089.8881009334809     
 
   1.0124620939560431E-007   3.0604169514020708E-011
  -4.2263638552712380E-005   3.2362354017556843E-004
 
  -1585.3378555194181        1324.7753423245827     
 
 
   5.7693445909220292E-005   419.12899296045600     
  -9.9423065540907799E-003   4.5807331384270356     
   96268.314634203809       -46474.745972218465     
 
   9682712.7118557524        4.0042118192720799E-002
  -3257225.2438269681        3076.0172349193326     
 
   1.0327639069097106E-007  -1.3444025591338805E-012
   1.0936039727969510E-004   3.2509428413663322E-004
 
  -1451.6979537128291        1219.6358117079778     
 
 
  -8.9162959089535029E-007   482.69983412521026     
  -9.6316616001645760E-006  0.64126457976283291     
   36.221546071737805       -735.29689711523679     
 
   3761932.9356274074        1.8898481409300900E-002
   129542231.69362655        3092.3333336947112     
 
   2.6587674675123087E-007  -1.6248787609323095E-012
  -1.1137954228383295E-002   3.2344847158694695E-004
 
  -14.641996937375929        11.634408684105010     
 
 
   1.8098218157967367E-005  -618.89475965544148     
  -4.0158254677547752E-005   6.5704649795758314     
   222.42527703724943       -19724.049477922032     
 
   5534345.3535195012       -2.6729745559286203E-002
   10258114.115166739        3064.6228995455558     
 
   1.8068692316283922E-007   1.5759575126679288E-012
  -6.0480755305901423E-004   3.2629914558044944E-004
 
  -519.91873390892931        436.76332309481450     
 
 
   3.0412099980829665E-005  -572.70128074391073     
  -9.9695879000191705E-003  -4.1180335884904480     
   96414.228412358440        4554.5191907619301     
 
   9670891.2505245283      -0.13889669908585883     
  -812014.78363042511        3071.8476866327701     
 
   1.0340347861062607E-007   4.6754928362853264E-012
   2.7333761916652800E-005   3.2553820976243317E-004
 
  -520.43769558934059        436.75668628527779     
 
 
   4.6030319783348095E-005  -527.43067805330031     
  -9.9539696802166521E-003  -3.0227271713963546     
   96134.237530967395        3423.5992742764938     
 
   9657901.7449603993       -7.3977195839021181E-002
  -590342.31803456927        3076.6418143670562     
 
   1.0354231137930194E-007   2.4896527801067227E-012
   1.9867573738637930E-005   3.2503018878494934E-004
 
  -520.42439125438432        436.75062158621836     
 
 
   6.1296934587845228E-005  -483.26149225009794     
  -9.9387030654121550E-003  -1.9680650668756243     
   95884.558716617321        2207.5883628476004     
 
   9647597.1834981591       -2.2857413747581601E-002
  -387969.61511821230        3080.9464930627014     
 
   1.0365278310514669E-007   7.6899568196248361E-013
   1.3052524754254758E-005   3.2457567848018042E-004
 
  -520.41162883171546        436.74509467836953     
 
 
  -5.2801487187898806E-006  -439.88978054140415     
  -2.0468210919368591E-005 -0.53467238758565827     
   74.240159891689018        624.62135331521858     
 
   3627293.2253076425       -7.5614720312143276E-003
  -50074912.205615334        3085.1887181931666     
 
   2.7569699324370632E-007   6.7570424175641876E-013
   4.4747676700036300E-003   3.2414024786666870E-004
 
  -520.39953853896145        436.74007557781533     
 
 
  -9.0513483141842904E-005  -444.39860994212324     
  -1.0090513483141843E-002   0.0000000000000000     
   98312.177711210039        24632.873599268933     
 
   9743030.2110452130      -0.71583023950499480     
   2441191.2872841284        3128.7397876424948     
 
   1.0263158956292716E-007   2.3481273715308132E-011
  -8.0078037563463477E-005   3.1959918228695159E-004
 
  -468.80814279089981        437.90924852521215     
 
 
