   4.2420455169160654E-005  -427.49187953777454     
  -9.9575795448308396E-003  0.90416820699778100     
   89384.914613410132       -5170.5734918716544     
 
   8976560.9490776882      -0.10498483148523739     
  -247505.25857659380        2992.8282933288378     
 
   1.1140134544623910E-007   3.9078257529748261E-012
   9.2128301753602567E-006   3.3413242230985154E-004
 
   780.80039600704129        2560.2623232624560     
 
 
   3.0538026132433116E-005  -429.26018083838676     
  -9.9694619738675671E-003  0.74069321565241353     
   89493.632318417745       -4549.2195465346904     
 
   8976769.1324540768       -9.9642101637149955E-002
  -234051.78746896837        2991.5882913756263     
 
   1.1139875089487336E-007   3.7104055029625724E-012
   8.7154629010685917E-006   3.3427088590696699E-004
 
   780.80077742065828        2560.2446969697362     
 
 
   1.9245027959868127E-005  -431.33596470922521     
  -9.9807549720401321E-003  0.73485664697653874     
   89596.925018365582       -4392.9321304586792     
 
   8976961.7863197289       -9.3944500547378351E-002
  -219972.72930234935        2990.2950838127563     
 
   1.1139634919221582E-007   3.4996794946138381E-012
   8.1945621683882141E-006   3.3441541446772724E-004
 
   780.80188861497641        2560.2270265931588     
 
 
   8.5266626246357363E-006  -433.71155787827769     
  -9.9914733373753645E-003  0.83758213141737770     
   89694.885007187564       -4554.5472767332476     
 
   8977135.6441155262       -8.7839750284316676E-002
  -205280.86864541683        2988.9474202999495     
 
   1.1139418091314819E-007   3.2736731894584462E-012
   7.6505508476294947E-006   3.3456616373737447E-004
 
   780.80369180947355        2560.2093065409526     
 
 
  -1.6435754129386082E-006  -436.37852031767449     
  -1.0001643575412939E-002   0.0000000000000000     
   89787.606363025276       -1898.3748625976077     
 
   8977285.1517874841       -8.0927042120201131E-002
  -189806.29016457900        2987.5647510104955     
 
   1.1139231469334035E-007   3.0173908498570933E-012
   7.0769887071525371E-006   3.3472097044307718E-004
 
   780.80614695143106        2560.1915319340151     
 
 
  -6.7832646753365649E-006  -356.29123977411643     
  -1.6117258894791850E-005  0.55835716732667606     
   62.945171543884726       -1570.0589433251871     
 
   3905095.4158625398       -1.0276070406346748E-002
   7159495.4359829426        3018.5882504072456     
 
   2.5607409096657180E-007   8.7174373240826068E-013
  -6.0735719265497974E-004   3.3127862291911284E-004
 
   485.49951719949053        1596.3956658133125     
 
 
  -4.7577108288175338E-005   398.98652802729470     
  -1.0047577108288176E-002   0.0000000000000000     
   90416.280042671744        3010.8184770553344     
 
   8998814.2482716534       0.42517175064369789     
   299656.17029917293        2965.7893416439106     
 
   1.1112628244225351E-007  -1.5930921116032449E-011
  -1.1227930368706564E-005   3.3717997423394786E-004
 
   134.42651778036071        443.71372495324277     
 
 
  -3.2207895098276124E-005   331.65002908669697     
  -1.0032207895098276E-002   0.0000000000000000     
   90312.136848744587        1992.5155469978918     
 
   9002219.4309660364       0.48486555295856026     
   198611.86767983512        3024.5442881214744     
 
   1.1108411037232206E-007  -1.7807925250794834E-011
  -7.2945278788768501E-006   3.3062949046330201E-004
 
   975.31732253891755        3200.7630986724230     
 
 
  -3.7468991427589901E-005   378.83461287372234     
  -1.0037468991427590E-002   0.0000000000000000     
   90449.778711548061        3040.8975578585137     
 
   9011213.7620346211       0.62016709994263886     
   302954.61539712176        3030.3132088779471     
 
   1.1097360543026768E-007  -2.2711242800987888E-011
  -1.1094551498459579E-005   3.3000116210631135E-004
 
   987.44528227232843        3241.3725245296459     
 
 
   6.2903010108737558E-006   246.91952141217959     
  -2.8039748968234576E-006   8.0797761488327069E-003
   2.7332215375744795       -2.5900640888767157     
 
   974741.19312726334       -8.8741500466368445E-003
   7697026.8567489646        2991.7084001019616     
 
   1.0258893177707105E-006   3.0430424759408090E-012
  -2.6393941437153150E-003   3.3424934648920192E-004
 
   998.64713472157962        3283.0299420259075     
 
 
   4.0398329094604515E-005   247.87313162724544     
  -9.9596016709053957E-003 -0.41598070291749423     
   89071.276955680092        2055.1450274859490     
 
   8943270.8639827501      -0.33291112080947849     
   81298.559957024932        2993.9940606879654     
 
   1.1181580032777146E-007   1.2433132015891070E-011
  -3.0362329927271910E-006   3.3400166097005874E-004
 
   998.71564942611701        3283.0401105419310     
 
 
   1.2767484014113519E-005   249.32911467003950     
  -6.4678942202297716E-005  0.33435214833073701     
   437.39642187826234       -869.83877793747797     
 
   6762412.4317736700       -3.2118996475099179E-002
   2019364.4726640766        2992.2019073155348     
 
   1.4787574769881245E-007   1.5873329294652954E-012
  -9.9797754470226264E-005   3.3420097492465906E-004
 
   998.71855422559997        3283.0503053357274     
 
 
   5.2770277986773084E-005   250.62370459519175     
  -9.9472297220132271E-003 -0.37367013242015901     
   88914.677714899386        1883.0032419484382     
 
   8938652.3214543965      -0.40231156114194666     
   76856.013488387835        2993.2786252330516     
 
   1.1187355860847727E-007   1.5036363683242922E-011
  -2.8724875983563469E-006   3.3408144365016198E-004
 
   998.72476763535269        3283.0605572620252     
 
 
   6.7713167278510983E-005   254.05461836582845     
  -9.9322868327214892E-003 -0.32862185216640682     
   88736.334229791610        1683.7476871789522     
 
   8934144.8714776337      -0.47239345437276237     
   70511.964424389938        2992.5052910945988     
 
   1.1192999089445421E-007   1.7669140035906986E-011
  -2.6373900021026061E-006   3.3416774803711268E-004
 
   998.74022378686720        3283.0812102365699     
 
 
   7.1600580094657862E-005   260.54051676172980     
  -9.9283994199053423E-003 -0.29197832551540159     
   88638.478215380121        1465.4680819579235     
 
   8927788.1801491082      -0.57803417345116925     
   59636.392264955553        2991.2294278952513     
 
   1.1200968134398012E-007   2.1645087792464610E-011
  -2.2331464219387827E-006   3.3431026715616822E-004
 
   998.76536457679344        3283.1126779190181     
 
 
   1.7633783772049729E-005   268.57500415057285     
  -8.1556775950020048E-005  0.23041967979412448     
   568.56540997295349       -587.40510782301681     
 
   6971210.4830344282       -6.9258440502252674E-002
   1241942.9526867531        2988.8678413810294     
 
   1.4344651825717752E-007   3.3239616728518657E-012
  -5.9605309398570338E-005   3.3457346557255925E-004
 
   998.78397324297941        3283.1448537882652     
 
 
   8.2032078988198906E-005   271.31304827619272     
  -9.9179679210118013E-003 -0.23404685084784660     
   88471.115624906830        1141.8440637675212     
 
   8920303.4242198281      -0.71601987611873485     
   44586.126842232603        2989.3172477628332     
 
   1.1210367576381231E-007   2.6851770280632342E-011
  -1.6720435781202189E-006   3.3452414712153771E-004
 
   998.79091589574409        3283.1557593219418     
 
 
   4.2723650726608698E-006   287.84533770854955     
   3.5784867389888251E-006  -4.3934791642641358E-003
   80.170755937180729       -32.576821785889479     
 
  -22403545.805793084       -8.1109246721122463E-003
   12763281.005081652        2980.8745067554587     
 
  -4.4635860716679432E-008  -1.2145365500204920E-013
   1.9111842244266651E-004   3.3547254266520006E-004
 
   998.82099581322882        3283.2117670123425     
 
 
  -2.9234358881017364E-005   291.46459583304659     
  -1.1213457481881139E-004  0.16514900338421512     
   728.35557401211645       -384.31326559356057     
 
   6495244.4270745441       -8.5388573769154985E-002
   969409.95534946735        2985.2898210643439     
 
   1.5395813694999835E-007   4.4036815593433966E-012
  -4.9994660355346518E-005   3.3497442156913538E-004
 
   998.77627474123881        3283.2232820955801     
 
 
  -5.5298326635084064E-005   409.94318461588063     
  -1.0055298326635084E-002   0.0000000000000000     
   90634.643512676033        2632.8324715095432     
 
   9013620.5380001012       0.64892371322756548     
   261835.34152692542        2966.5293833077963     
 
   1.1094391540183411E-007  -2.4268809858302099E-011
  -9.7922636947498368E-006   3.3709639286197516E-004
 
   1013.6986478909791        3343.4587997763419     
 
 
  -1.7359335750186111E-005   195.11660935252158     
  -1.0017359335750186E-002   0.0000000000000000     
   90295.827116257031        640.20100235929749     
 
   9013935.1190095749       0.47061901931945876     
   63909.158182492625        3001.4713966451818     
 
   1.1093946189860267E-007  -1.7394875333779789E-011
  -2.3621906332617834E-006   3.3317029534566447E-004
 
   37.295048131144505        304.51568536189575     
 
 
   2.0806467050930866E-005   296.49466169328485     
  -9.9791935329490693E-003  0.12817533913920443     
   89667.691308038615       -686.76894889189134     
 
   8985467.0539836027       0.18262172452766642     
  -30168.882681147825        3009.2202800802356     
 
   1.1129079771068725E-007  -6.7539480364805556E-012
   1.1157438496112875E-006   3.3231192906033144E-004
 
   416.36046816737871        1369.3974526014524     
 
 
   1.0270318041379414E-005   292.96456766264743     
  -9.9897296819586208E-003  0.19160051125737709     
   89753.646498654358       -1016.9244076698360     
 
   8984595.3350532837       0.16805964754607272     
  -44099.330608979973        3008.2592783716236     
 
   1.1130158771754780E-007  -6.2179831830368686E-012
   1.6316165130278969E-006   3.3241806415449857E-004
 
   416.37449835340595        1369.4091491022486     
 
 
   8.2266067582929814E-007   289.49404014302229     
  -9.9991773393241709E-003  0.23042090004770444     
   89830.332909234625       -1269.1468711733905     
 
   8983775.9153026529       0.15469354522617973     
  -57624.055698820652        3007.3388268439239     
 
   1.1131173345017625E-007  -5.7257288467060220E-012
   2.1328602786659403E-006   3.3251978830391377E-004
 
   416.38840405851931        1369.4207554805716     
 
 
  -7.6381069526593182E-006   286.09349308486475     
  -1.0007638106952660E-002   0.0000000000000000     
   89898.783318825896       -708.16578755048977     
 
   8983017.0074165687       0.14263232358157962     
  -70762.529578139729        3006.4677303227154     
 
   1.1132113247228529E-007  -5.2812779688643243E-012
   2.6201395244633269E-006   3.3261611830973195E-004
 
   416.40215764525334        1369.4322699906734     
 
 
  -2.3930385446848182E-005   379.28584886161417     
  -1.0023930385446848E-002   0.0000000000000000     
   90144.091174231216        1800.7067297587528     
 
   8992888.7879255526       0.30133303427909203     
   179640.78565160872        3027.3476584358759     
 
   1.1119919437727588E-007  -1.1068431654264473E-011
  -6.5984858349835633E-006   3.3032281097785250E-004
 
   441.48740772740388        1450.9102375234509     
 
 
  -5.2713887923300229E-005   379.92015691430970     
  -1.0052713887923300E-002   0.0000000000000000     
   90557.763687850806        2646.7422397810865     
 
   9008290.1689504180       0.53878906909549318     
   263286.33931984258        3025.3007102631964     
 
   1.1100943535978548E-007  -1.9770157107162980E-011
  -9.6609463537586281E-006   3.3054737395850266E-004
 
   962.20465903391971        3165.8865999227401     
 
 
  -1.3106073126087359E-005  -483.21079369548943     
  -1.0013106073126088E-002   0.0000000000000000     
   90014.444014182664       -248.58408052063169     
 
   8989662.4840288125      -0.58081130598038233     
  -24825.871083885857        3016.5182885861095     
 
   1.1123894067277062E-007   2.1418346658958724E-011
   9.1549373696807194E-007   3.3150819456752881E-004
 
   272.07916502789629        879.97540068033004     
 
 
  -3.6050217394206080E-005   407.40384309452003     
  -1.0036050217394206E-002   0.0000000000000000     
   90385.260888550649        3497.2987042547688     
 
   9006059.0501926150       0.61379575629970784     
   348473.61546611425        2964.7775665473305     
 
   1.1103724782667790E-007  -2.2987961146300661E-011
  -1.3051080674031968E-005   3.3729613377454987E-004
 
   284.94383508942855        936.87605718078964     
 
 
  -4.1454098840598697E-005  -495.69326694609111     
  -1.0041454098840599E-002   0.0000000000000000     
   90472.432091765717        4073.9558614234438     
 
   9009893.5075759403      -0.76497057849674110     
   405713.73640932958        3031.2503775589639     
 
   1.1098784192112132E-007   2.8009046784474506E-011
  -1.4855022328471528E-005   3.2989311729183412E-004
 
   234.80036441285253        742.10935349933413     
 
 
