       0.10000D+01       0.00000D+00       0.48885D-01       0.39395D+00       0.00000D+00
       0.20000D+01       0.00000D+00       0.69115D-01       0.34457D+00       0.24886D+00
       0.30000D+01       0.55593D-06       0.41518D-02       0.34941D+00       0.32785D+00
       0.40000D+01       0.73334D-06       0.26145D-01       0.36769D+00       0.23972D+00
       0.50000D+01       0.61679D-06       0.79615D-01       0.35646D+00       0.29539D+00
       0.60000D+01       0.51186D-06       0.17139D-01       0.35115D+00       0.33163D+00
       0.70000D+01       0.54879D-06       0.98219D-02       0.36219D+00       0.27994D+00
       0.80000D+01       0.45652D-06       0.76022D-01       0.35954D+00       0.30805D+00
       0.90000D+01       0.66696D-06       0.37100D-01       0.35293D+00       0.33243D+00
       0.10000D+02       0.67968D-06       0.10261D-02       0.35890D+00       0.29660D+00
       0.11000D+02       0.59707D-06       0.59896D-01       0.36056D+00       0.31406D+00
       0.12000D+02       0.59054D-06       0.59675D-01       0.35478D+00       0.33135D+00
       0.13000D+02       0.54656D-06       0.98269D-03       0.35655D+00       0.34236D+00
       0.14000D+02       0.53955D-06       0.37354D-01       0.36051D+00       0.31609D+00
       0.15000D+02       0.53987D-06       0.75909D-01       0.35649D+00       0.33032D+00
       0.16000D+02       0.63276D-06       0.96789D-02       0.35553D+00       0.34119D+00
       0.17000D+02       0.64316D-06       0.17312D-01       0.35981D+00       0.31923D+00
       0.18000D+02       0.60237D-06       0.79657D-01       0.35786D+00       0.33011D+00
       0.19000D+02       0.57945D-06       0.25931D-01       0.35539D+00       0.34017D+00
       0.20000D+02       0.61977D-06       0.42469D-02       0.35878D+00       0.32163D+00
       0.21000D+02       0.57641D-06       0.69292D-01       0.35876D+00       0.32998D+00
       0.22000D+02       0.64064D-06       0.48641D-01       0.35580D+00       0.33864D+00
       0.23000D+02       0.68418D-06       0.44617D-06       0.35758D+00       0.32301D+00
       0.24000D+02       0.65378D-06       0.49130D-01       0.35916D+00       0.32904D+00
       0.25000D+02       0.69520D-06       0.68936D-01       0.35654D+00       0.33673D+00
       0.26000D+02       0.72865D-06       0.40580D-02       0.35664D+00       0.34233D+00
       0.27000D+02       0.75370D-06       0.26361D-01       0.35909D+00       0.32853D+00
       0.28000D+02       0.73473D-06       0.79572D-01       0.35736D+00       0.33551D+00
       0.29000D+02       0.71006D-06       0.16966D-01       0.35625D+00       0.34162D+00
       0.30000D+02       0.72020D-06       0.99656D-02       0.35865D+00       0.32914D+00
       0.31000D+02       0.68734D-06       0.76134D-01       0.35807D+00       0.33486D+00
       0.32000D+02       0.73432D-06       0.36847D-01       0.35627D+00       0.34091D+00
       0.33000D+02       0.73303D-06       0.10705D-02       0.35798D+00       0.32976D+00
       0.34000D+02       0.70345D-06       0.60116D-01       0.35853D+00       0.33442D+00
       0.35000D+02       0.69948D-06       0.59453D-01       0.35661D+00       0.33981D+00
       0.36000D+02       0.68372D-06       0.94019D-03       0.35721D+00       0.34353D+00
       0.37000D+02       0.67968D-06       0.37608D-01       0.35868D+00       0.33354D+00
       0.38000D+02       0.67782D-06       0.75794D-01       0.35714D+00       0.33873D+00
       0.39000D+02       0.71495D-06       0.95367D-02       0.35674D+00       0.34297D+00
       0.40000D+02       0.72081D-06       0.17487D-01       0.35852D+00       0.33357D+00
       0.41000D+02       0.70045D-06       0.79696D-01       0.35769D+00       0.33802D+00
       0.42000D+02       0.68989D-06       0.25717D-01       0.35658D+00       0.34238D+00
       0.43000D+02       0.70627D-06       0.43431D-02       0.35814D+00       0.33369D+00
       0.44000D+02       0.68247D-06       0.69468D-01       0.35813D+00       0.33741D+00
       0.45000D+02       0.71240D-06       0.48396D-01       0.35670D+00       0.34149D+00
       0.46000D+02       0.72749D-06       0.17850D-05       0.35758D+00       0.33361D+00
       0.47000D+02       0.71117D-06       0.49373D-01       0.35838D+00       0.33645D+00
       0.48000D+02       0.72779D-06       0.68756D-01       0.35703D+00       0.34032D+00
       0.49000D+02       0.73910D-06       0.39653D-02       0.35708D+00       0.34321D+00
       0.50000D+02       0.75477D-06       0.26578D-01       0.35839D+00       0.33573D+00
       0.51000D+02       0.74549D-06       0.79527D-01       0.35745D+00       0.33943D+00
       0.52000D+02       0.73231D-06       0.16793D-01       0.35683D+00       0.34277D+00
       0.53000D+02       0.74103D-06       0.10110D-01       0.35818D+00       0.33567D+00
       0.54000D+02       0.72111D-06       0.76245D-01       0.35785D+00       0.33884D+00
       0.55000D+02       0.74823D-06       0.36594D-01       0.35681D+00       0.34229D+00
       0.56000D+02       0.74687D-06       0.11157D-02       0.35781D+00       0.33569D+00
       0.57000D+02       0.72844D-06       0.60335D-01       0.35814D+00       0.33837D+00
       0.58000D+02       0.72653D-06       0.59230D-01       0.35699D+00       0.34156D+00
       0.59000D+02       0.71860D-06       0.89860D-03       0.35735D+00       0.34379D+00
       0.60000D+02       0.71388D-06       0.37862D-01       0.35825D+00       0.33762D+00
       0.61000D+02       0.71158D-06       0.75677D-01       0.35729D+00       0.34080D+00
       0.62000D+02       0.73917D-06       0.93952D-02       0.35705D+00       0.34343D+00
       0.63000D+02       0.74461D-06       0.17662D-01       0.35817D+00       0.33745D+00
       0.64000D+02       0.73154D-06       0.79734D-01       0.35764D+00       0.34024D+00
       0.65000D+02       0.72431D-06       0.25505D-01       0.35693D+00       0.34303D+00
       0.66000D+02       0.73890D-06       0.44405D-02       0.35794D+00       0.33735D+00
       0.67000D+02       0.72270D-06       0.69644D-01       0.35794D+00       0.33974D+00
       0.68000D+02       0.74046D-06       0.48151D-01       0.35699D+00       0.34241D+00
       0.69000D+02       0.74704D-06       0.40175D-05       0.35758D+00       0.33714D+00
       0.70000D+02       0.73613D-06       0.49617D-01       0.35811D+00       0.33900D+00
       0.71000D+02       0.74588D-06       0.68575D-01       0.35720D+00       0.34158D+00
       0.72000D+02       0.74922D-06       0.38738D-02       0.35724D+00       0.34353D+00
       0.73000D+02       0.76180D-06       0.26796D-01       0.35813D+00       0.33840D+00
       0.74000D+02       0.75497D-06       0.79481D-01       0.35748D+00       0.34092D+00
       0.75000D+02       0.74611D-06       0.16621D-01       0.35706D+00       0.34321D+00
       0.76000D+02       0.75094D-06       0.10255D-01       0.35800D+00       0.33825D+00
       0.77000D+02       0.73659D-06       0.76354D-01       0.35776D+00       0.34044D+00
       0.78000D+02       0.75887D-06       0.36341D-01       0.35703D+00       0.34285D+00
       0.79000D+02       0.75725D-06       0.11620D-02       0.35774D+00       0.33817D+00
       0.80000D+02       0.74409D-06       0.60554D-01       0.35797D+00       0.34005D+00
       0.81000D+02       0.74308D-06       0.59007D-01       0.35715D+00       0.34231D+00
       0.82000D+02       0.73663D-06       0.85794D-03       0.35741D+00       0.34391D+00
       0.83000D+02       0.73189D-06       0.38116D-01       0.35806D+00       0.33945D+00
       0.84000D+02       0.72947D-06       0.75559D-01       0.35737D+00       0.34174D+00
       0.85000D+02       0.74842D-06       0.92546D-02       0.35719D+00       0.34364D+00
       0.86000D+02       0.75453D-06       0.17837D-01       0.35801D+00       0.33926D+00
       0.87000D+02       0.74554D-06       0.79770D-01       0.35762D+00       0.34129D+00
       0.88000D+02       0.73914D-06       0.25294D-01       0.35710D+00       0.34334D+00
       0.89000D+02       0.75383D-06       0.45391D-02       0.35785D+00       0.33912D+00
       0.90000D+02       0.74130D-06       0.69818D-01       0.35784D+00       0.34088D+00
       0.91000D+02       0.75483D-06       0.47905D-01       0.35714D+00       0.34286D+00
       0.92000D+02       0.75864D-06       0.71453D-05       0.35758D+00       0.33890D+00
       0.93000D+02       0.74993D-06       0.49860D-01       0.35797D+00       0.34028D+00
       0.94000D+02       0.75793D-06       0.68393D-01       0.35729D+00       0.34222D+00
       0.95000D+02       0.75852D-06       0.37835D-02       0.35732D+00       0.34369D+00
       0.96000D+02       0.76561D-06       0.27015D-01       0.35799D+00       0.33979D+00
       0.97000D+02       0.75998D-06       0.79432D-01       0.35750D+00       0.34170D+00
       0.98000D+02       0.75454D-06       0.16450D-01       0.35718D+00       0.34344D+00
       0.99000D+02       0.75654D-06       0.10401D-01       0.35790D+00       0.33963D+00
       0.10000D+03       0.74537D-06       0.76461D-01       0.35771D+00       0.34131D+00
       0.10100D+03       0.76424D-06       0.36088D-01       0.35715D+00       0.34316D+00
       0.10200D+03       0.76426D-06       0.12091D-02       0.35771D+00       0.33953D+00
       0.10300D+03       0.75380D-06       0.60772D-01       0.35788D+00       0.34098D+00
       0.10400D+03       0.75330D-06       0.58783D-01       0.35724D+00       0.34273D+00
       0.10500D+03       0.74732D-06       0.81820D-03       0.35745D+00       0.34397D+00
       0.10600D+03       0.74368D-06       0.38370D-01       0.35795D+00       0.34048D+00
       0.10700D+03       0.74140D-06       0.75439D-01       0.35741D+00       0.34227D+00
       0.10800D+03       0.75333D-06       0.91148D-02       0.35727D+00       0.34376D+00
       0.10900D+03       0.75905D-06       0.18013D-01       0.35792D+00       0.34030D+00
       0.11000D+03       0.75197D-06       0.79805D-01       0.35760D+00       0.34191D+00
       0.11100D+03       0.74626D-06       0.25084D-01       0.35719D+00       0.34352D+00
       0.11200D+03       0.75781D-06       0.46389D-02       0.35779D+00       0.34017D+00
       0.11300D+03       0.74783D-06       0.69990D-01       0.35778D+00       0.34156D+00
       0.11400D+03       0.76119D-06       0.47659D-01       0.35722D+00       0.34314D+00
       0.11500D+03       0.76410D-06       0.11171D-04       0.35758D+00       0.33996D+00
       0.11600D+03       0.75692D-06       0.50103D-01       0.35789D+00       0.34106D+00
       0.11700D+03       0.76473D-06       0.68210D-01       0.35734D+00       0.34262D+00
       0.11800D+03       0.76576D-06       0.36944D-02       0.35737D+00       0.34379D+00
       0.11900D+03       0.76954D-06       0.27235D-01       0.35791D+00       0.34064D+00
       0.12000D+03       0.76463D-06       0.79383D-01       0.35751D+00       0.34218D+00
       0.12100D+03       0.76075D-06       0.16279D-01       0.35725D+00       0.34359D+00
       0.12200D+03       0.76144D-06       0.10548D-01       0.35784D+00       0.34050D+00
       0.12300D+03       0.75230D-06       0.76567D-01       0.35768D+00       0.34185D+00
       0.12400D+03       0.76556D-06       0.35836D-01       0.35723D+00       0.34336D+00
       0.12500D+03       0.76723D-06       0.12572D-02       0.35768D+00       0.34039D+00
       0.12600D+03       0.75843D-06       0.60989D-01       0.35782D+00       0.34157D+00
       0.12700D+03       0.75801D-06       0.58558D-01       0.35730D+00       0.34300D+00
       0.12800D+03       0.75258D-06       0.77938D-03       0.35747D+00       0.34402D+00
       0.12900D+03       0.74951D-06       0.38624D-01       0.35788D+00       0.34114D+00
       0.13000D+03       0.74767D-06       0.75318D-01       0.35743D+00       0.34261D+00
       0.13100D+03       0.75607D-06       0.89758D-02       0.35732D+00       0.34384D+00
       0.13200D+03       0.76002D-06       0.18190D-01       0.35786D+00       0.34098D+00
       0.13300D+03       0.75414D-06       0.79837D-01       0.35759D+00       0.34231D+00
       0.13400D+03       0.74926D-06       0.24875D-01       0.35726D+00       0.34364D+00
       0.13500D+03       0.75750D-06       0.47399D-02       0.35775D+00       0.34086D+00
       0.13600D+03       0.74940D-06       0.70162D-01       0.35774D+00       0.34201D+00
       0.13700D+03       0.76264D-06       0.47413D-01       0.35728D+00       0.34332D+00
       0.13800D+03       0.76627D-06       0.16096D-04       0.35758D+00       0.34067D+00
       0.13900D+03       0.76036D-06       0.50345D-01       0.35784D+00       0.34158D+00
       0.14000D+03       0.76832D-06       0.68026D-01       0.35737D+00       0.34288D+00
       0.14100D+03       0.76927D-06       0.36065D-02       0.35740D+00       0.34386D+00
       0.14200D+03       0.77151D-06       0.27456D-01       0.35785D+00       0.34122D+00
       0.14300D+03       0.76717D-06       0.79331D-01       0.35752D+00       0.34251D+00
       0.14400D+03       0.76284D-06       0.16109D-01       0.35730D+00       0.34369D+00
       0.14500D+03       0.76285D-06       0.10696D-01       0.35779D+00       0.34108D+00
       0.14600D+03       0.75507D-06       0.76672D-01       0.35766D+00       0.34223D+00
       0.14700D+03       0.76487D-06       0.35583D-01       0.35728D+00       0.34349D+00
       0.14800D+03       0.76623D-06       0.13063D-02       0.35766D+00       0.34098D+00
       0.14900D+03       0.75875D-06       0.61205D-01       0.35778D+00       0.34198D+00
       0.15000D+03       0.75757D-06       0.58332D-01       0.35734D+00       0.34319D+00
       0.15100D+03       0.75291D-06       0.74148D-03       0.35749D+00       0.34404D+00
       0.15200D+03       0.75019D-06       0.38878D-01       0.35784D+00       0.34161D+00
       0.15300D+03       0.74922D-06       0.75195D-01       0.35745D+00       0.34285D+00
       0.15400D+03       0.75745D-06       0.88376D-02       0.35736D+00       0.34389D+00
       0.15500D+03       0.75949D-06       0.18367D-01       0.35781D+00       0.34146D+00
       0.15600D+03       0.75443D-06       0.79868D-01       0.35759D+00       0.34259D+00
       0.15700D+03       0.74980D-06       0.24667D-01       0.35730D+00       0.34372D+00
       0.15800D+03       0.75594D-06       0.48420D-02       0.35773D+00       0.34134D+00
       0.15900D+03       0.74881D-06       0.70332D-01       0.35772D+00       0.34233D+00
       0.16000D+03       0.76047D-06       0.47166D-01       0.35732D+00       0.34345D+00
       0.16100D+03       0.76490D-06       0.21925D-04       0.35758D+00       0.34118D+00
       0.16200D+03       0.75955D-06       0.50587D-01       0.35780D+00       0.34196D+00
       0.16300D+03       0.76723D-06       0.67841D-01       0.35740D+00       0.34307D+00
       0.16400D+03       0.76809D-06       0.35198D-02       0.35743D+00       0.34391D+00
       0.16500D+03       0.77029D-06       0.27679D-01       0.35781D+00       0.34164D+00
       0.16600D+03       0.76652D-06       0.79278D-01       0.35752D+00       0.34274D+00
       0.16700D+03       0.76221D-06       0.15939D-01       0.35734D+00       0.34376D+00
       0.16800D+03       0.76174D-06       0.10844D-01       0.35776D+00       0.34151D+00
       0.16900D+03       0.75499D-06       0.76774D-01       0.35765D+00       0.34250D+00
       0.17000D+03       0.76283D-06       0.35332D-01       0.35732D+00       0.34359D+00
       0.17100D+03       0.76339D-06       0.13563D-02       0.35765D+00       0.34141D+00
       0.17200D+03       0.75700D-06       0.61420D-01       0.35775D+00       0.34227D+00
       0.17300D+03       0.75564D-06       0.58106D-01       0.35737D+00       0.34332D+00
       0.17400D+03       0.75213D-06       0.70450D-03       0.35750D+00       0.34406D+00
       0.17500D+03       0.74989D-06       0.39132D-01       0.35780D+00       0.34195D+00
       0.17600D+03       0.74951D-06       0.75070D-01       0.35746D+00       0.34303D+00
       0.17700D+03       0.75729D-06       0.87003D-02       0.35739D+00       0.34393D+00
       0.17800D+03       0.75857D-06       0.18545D-01       0.35778D+00       0.34181D+00
       0.17900D+03       0.75416D-06       0.79897D-01       0.35758D+00       0.34279D+00
       0.18000D+03       0.74976D-06       0.24461D-01       0.35734D+00       0.34378D+00
       0.18100D+03       0.75435D-06       0.49454D-02       0.35771D+00       0.34171D+00
       0.18200D+03       0.74818D-06       0.70501D-01       0.35770D+00       0.34257D+00
       0.18300D+03       0.75770D-06       0.46919D-01       0.35735D+00       0.34354D+00
       0.18400D+03       0.76195D-06       0.28660D-04       0.35758D+00       0.34155D+00
       0.18500D+03       0.75721D-06       0.50829D-01       0.35777D+00       0.34223D+00
       0.18600D+03       0.76323D-06       0.67655D-01       0.35742D+00       0.34321D+00
       0.18700D+03       0.76431D-06       0.34343D-02       0.35744D+00       0.34394D+00
       0.18800D+03       0.76652D-06       0.27903D-01       0.35778D+00       0.34195D+00
       0.18900D+03       0.76351D-06       0.79223D-01       0.35752D+00       0.34292D+00
       0.19000D+03       0.76013D-06       0.15770D-01       0.35737D+00       0.34381D+00
       0.19100D+03       0.75990D-06       0.10993D-01       0.35774D+00       0.34183D+00
       0.19200D+03       0.75395D-06       0.76876D-01       0.35764D+00       0.34270D+00
       0.19300D+03       0.76002D-06       0.35080D-01       0.35735D+00       0.34366D+00
       0.19400D+03       0.76013D-06       0.14073D-02       0.35764D+00       0.34174D+00
       0.19500D+03       0.75456D-06       0.61635D-01       0.35773D+00       0.34250D+00
       0.19600D+03       0.75335D-06       0.57879D-01       0.35739D+00       0.34342D+00
       0.19700D+03       0.75115D-06       0.66845D-03       0.35751D+00       0.34408D+00
       0.19800D+03       0.74928D-06       0.39386D-01       0.35777D+00       0.34221D+00
       0.19900D+03       0.74945D-06       0.74945D-01       0.35747D+00       0.34317D+00
       0.20000D+03       0.75699D-06       0.85638D-02       0.35741D+00       0.34396D+00
       0.20100D+03       0.75866D-06       0.18724D-01       0.35776D+00       0.34209D+00
       0.20200D+03       0.75480D-06       0.79925D-01       0.35758D+00       0.34296D+00
       0.20300D+03       0.75109D-06       0.24255D-01       0.35736D+00       0.34383D+00
       0.20400D+03       0.75488D-06       0.50499D-02       0.35769D+00       0.34199D+00
       0.20500D+03       0.74942D-06       0.70669D-01       0.35768D+00       0.34275D+00
       0.20600D+03       0.75774D-06       0.46671D-01       0.35737D+00       0.34361D+00
       0.20700D+03       0.76094D-06       0.36307D-04       0.35758D+00       0.34185D+00
       0.20800D+03       0.75672D-06       0.51070D-01       0.35775D+00       0.34245D+00
       0.20900D+03       0.76093D-06       0.67467D-01       0.35743D+00       0.34332D+00
       0.21000D+03       0.76138D-06       0.33500D-02       0.35746D+00       0.34397D+00
       0.21100D+03       0.76361D-06       0.28128D-01       0.35776D+00       0.34219D+00
       0.21200D+03       0.76122D-06       0.79167D-01       0.35753D+00       0.34306D+00
       0.21300D+03       0.75870D-06       0.15601D-01       0.35739D+00       0.34385D+00
       0.21400D+03       0.75912D-06       0.11142D-01       0.35772D+00       0.34209D+00
       0.21500D+03       0.75378D-06       0.76975D-01       0.35763D+00       0.34286D+00
       0.21600D+03       0.75850D-06       0.34829D-01       0.35737D+00       0.34372D+00
       0.21700D+03       0.75836D-06       0.14592D-02       0.35764D+00       0.34200D+00
       0.21800D+03       0.75336D-06       0.61848D-01       0.35771D+00       0.34268D+00
       0.21900D+03       0.75237D-06       0.57651D-01       0.35741D+00       0.34351D+00
       0.22000D+03       0.75141D-06       0.63333D-03       0.35752D+00       0.34409D+00
       0.22100D+03       0.74976D-06       0.39640D-01       0.35775D+00       0.34242D+00
       0.22200D+03       0.74992D-06       0.74817D-01       0.35748D+00       0.34327D+00
       0.22300D+03       0.75754D-06       0.84283D-02       0.35742D+00       0.34399D+00
       0.22400D+03       0.75956D-06       0.18903D-01       0.35774D+00       0.34230D+00
       0.22500D+03       0.75629D-06       0.79950D-01       0.35758D+00       0.34308D+00
       0.22600D+03       0.75332D-06       0.24051D-01       0.35738D+00       0.34387D+00
       0.22700D+03       0.75737D-06       0.51556D-02       0.35768D+00       0.34221D+00
       0.22800D+03       0.75253D-06       0.70835D-01       0.35767D+00       0.34290D+00
       0.22900D+03       0.75968D-06       0.46424D-01       0.35739D+00       0.34367D+00
       0.23000D+03       0.76169D-06       0.44870D-04       0.35758D+00       0.34208D+00
       0.23100D+03       0.75793D-06       0.51311D-01       0.35773D+00       0.34263D+00
       0.23200D+03       0.76084D-06       0.67279D-01       0.35745D+00       0.34340D+00
       0.23300D+03       0.76023D-06       0.32668D-02       0.35747D+00       0.34399D+00
       0.23400D+03       0.76280D-06       0.28354D-01       0.35774D+00       0.34239D+00
       0.23500D+03       0.76076D-06       0.79109D-01       0.35753D+00       0.34317D+00
       0.23600D+03       0.75869D-06       0.15433D-01       0.35741D+00       0.34389D+00
       0.23700D+03       0.75926D-06       0.11293D-01       0.35771D+00       0.34229D+00
       0.23800D+03       0.75444D-06       0.77074D-01       0.35762D+00       0.34299D+00
       0.23900D+03       0.75943D-06       0.34579D-01       0.35739D+00       0.34376D+00
       0.24000D+03       0.75936D-06       0.15122D-02       0.35763D+00       0.34221D+00
       0.24100D+03       0.75485D-06       0.62061D-01       0.35769D+00       0.34283D+00
       0.24200D+03       0.75402D-06       0.57423D-01       0.35742D+00       0.34357D+00
       0.24300D+03       0.75321D-06       0.59913D-03       0.35752D+00       0.34410D+00
       0.24400D+03       0.75123D-06       0.39894D-01       0.35773D+00       0.34258D+00
       0.24500D+03       0.75111D-06       0.74688D-01       0.35749D+00       0.34336D+00
       0.24600D+03       0.75887D-06       0.82936D-02       0.35744D+00       0.34401D+00
       0.24700D+03       0.76122D-06       0.19083D-01       0.35772D+00       0.34248D+00
       0.24800D+03       0.75852D-06       0.79974D-01       0.35758D+00       0.34319D+00
       0.24900D+03       0.75572D-06       0.23847D-01       0.35740D+00       0.34390D+00
       0.25000D+03       0.76065D-06       0.52624D-02       0.35767D+00       0.34239D+00
       0.25100D+03       0.75624D-06       0.71001D-01       0.35766D+00       0.34302D+00
       0.25200D+03       0.76225D-06       0.46176D-01       0.35741D+00       0.34372D+00
       0.25300D+03       0.76355D-06       0.54353D-04       0.35758D+00       0.34227D+00
       0.25400D+03       0.76017D-06       0.51552D-01       0.35771D+00       0.34277D+00
       0.25500D+03       0.76291D-06       0.67089D-01       0.35746D+00       0.34348D+00
       0.25600D+03       0.76149D-06       0.31849D-02       0.35748D+00       0.34401D+00
       0.25700D+03       0.76399D-06       0.28581D-01       0.35773D+00       0.34255D+00
       0.25800D+03       0.76197D-06       0.79049D-01       0.35753D+00       0.34327D+00
       0.25900D+03       0.76045D-06       0.15266D-01       0.35742D+00       0.34391D+00
       0.26000D+03       0.76071D-06       0.11444D-01       0.35770D+00       0.34246D+00
       0.26100D+03       0.75628D-06       0.77171D-01       0.35762D+00       0.34310D+00
       0.26200D+03       0.76172D-06       0.34329D-01       0.35740D+00       0.34380D+00
       0.26300D+03       0.76182D-06       0.15662D-02       0.35763D+00       0.34239D+00
       0.26400D+03       0.75767D-06       0.62273D-01       0.35768D+00       0.34295D+00
       0.26500D+03       0.75704D-06       0.57194D-01       0.35743D+00       0.34363D+00
       0.26600D+03       0.75590D-06       0.56587D-03       0.35753D+00       0.34411D+00
       0.26700D+03       0.75388D-06       0.40148D-01       0.35772D+00       0.34272D+00
       0.26800D+03       0.75357D-06       0.74558D-01       0.35750D+00       0.34343D+00
       0.26900D+03       0.75966D-06       0.81598D-02       0.35745D+00       0.34402D+00
       0.27000D+03       0.76244D-06       0.19264D-01       0.35771D+00       0.34263D+00
       0.27100D+03       0.76003D-06       0.79996D-01       0.35757D+00       0.34327D+00
       0.27200D+03       0.75710D-06       0.23645D-01       0.35741D+00       0.34392D+00
       0.27300D+03       0.76258D-06       0.53704D-02       0.35766D+00       0.34255D+00
       0.27400D+03       0.75842D-06       0.71165D-01       0.35765D+00       0.34312D+00
       0.27500D+03       0.76478D-06       0.45927D-01       0.35742D+00       0.34376D+00
       0.27600D+03       0.76579D-06       0.64760D-04       0.35758D+00       0.34243D+00
       0.27700D+03       0.76251D-06       0.51792D-01       0.35770D+00       0.34289D+00
       0.27800D+03       0.76557D-06       0.66899D-01       0.35746D+00       0.34354D+00
       0.27900D+03       0.76431D-06       0.31041D-02       0.35749D+00       0.34403D+00
       0.28000D+03       0.76561D-06       0.28809D-01       0.35771D+00       0.34269D+00
       0.28100D+03       0.76361D-06       0.78988D-01       0.35753D+00       0.34334D+00
       0.28200D+03       0.76267D-06       0.15099D-01       0.35743D+00       0.34394D+00
       0.28300D+03       0.76234D-06       0.11595D-01       0.35768D+00       0.34260D+00
       0.28400D+03       0.75827D-06       0.77266D-01       0.35761D+00       0.34319D+00
       0.28500D+03       0.76310D-06       0.34080D-01       0.35742D+00       0.34384D+00
       0.28600D+03       0.76385D-06       0.16211D-02       0.35762D+00       0.34253D+00
       0.28700D+03       0.75998D-06       0.62484D-01       0.35767D+00       0.34305D+00
       0.28800D+03       0.75946D-06       0.56964D-01       0.35744D+00       0.34367D+00
       0.28900D+03       0.75810D-06       0.53355D-03       0.35753D+00       0.34412D+00
       0.29000D+03       0.75635D-06       0.40402D-01       0.35771D+00       0.34284D+00
       0.29100D+03       0.75598D-06       0.74426D-01       0.35750D+00       0.34350D+00
       0.29200D+03       0.76052D-06       0.80270D-02       0.35746D+00       0.34404D+00
       0.29300D+03       0.76337D-06       0.19445D-01       0.35770D+00       0.34275D+00
       0.29400D+03       0.76112D-06       0.80016D-01       0.35757D+00       0.34335D+00
       0.29500D+03       0.75840D-06       0.23444D-01       0.35743D+00       0.34395D+00
       0.29600D+03       0.76309D-06       0.54797D-02       0.35765D+00       0.34267D+00
       0.29700D+03       0.75931D-06       0.71327D-01       0.35764D+00       0.34320D+00
       0.29800D+03       0.76626D-06       0.45678D-01       0.35743D+00       0.34380D+00
       0.29900D+03       0.76743D-06       0.76098D-04       0.35758D+00       0.34257D+00
       0.30000D+03       0.76446D-06       0.52032D-01       0.35769D+00       0.34299D+00
       0.30100D+03       0.76784D-06       0.66708D-01       0.35747D+00       0.34359D+00
       0.30200D+03       0.76681D-06       0.30245D-02       0.35749D+00       0.34404D+00
       0.30300D+03       0.76735D-06       0.29038D-01       0.35770D+00       0.34280D+00
       0.30400D+03       0.76541D-06       0.78925D-01       0.35754D+00       0.34341D+00
       0.30500D+03       0.76441D-06       0.14933D-01       0.35744D+00       0.34396D+00
       0.30600D+03       0.76399D-06       0.11748D-01       0.35768D+00       0.34272D+00
       0.30700D+03       0.76022D-06       0.77360D-01       0.35761D+00       0.34327D+00
       0.30800D+03       0.76373D-06       0.33831D-01       0.35743D+00       0.34386D+00
       0.30900D+03       0.76496D-06       0.16771D-02       0.35762D+00       0.34266D+00
       0.31000D+03       0.76133D-06       0.62694D-01       0.35766D+00       0.34313D+00
       0.31100D+03       0.76064D-06       0.56734D-01       0.35745D+00       0.34371D+00
       0.31200D+03       0.75937D-06       0.50218D-03       0.35753D+00       0.34412D+00
       0.31300D+03       0.75781D-06       0.40656D-01       0.35769D+00       0.34294D+00
       0.31400D+03       0.75763D-06       0.74292D-01       0.35750D+00       0.34355D+00
       0.31500D+03       0.76188D-06       0.78951D-02       0.35747D+00       0.34405D+00
       0.31600D+03       0.76372D-06       0.19627D-01       0.35769D+00       0.34286D+00
       0.31700D+03       0.76158D-06       0.80034D-01       0.35757D+00       0.34341D+00
       0.31800D+03       0.75896D-06       0.23243D-01       0.35744D+00       0.34396D+00
       0.31900D+03       0.76257D-06       0.55900D-02       0.35765D+00       0.34278D+00
       0.32000D+03       0.75904D-06       0.71489D-01       0.35763D+00       0.34327D+00
       0.32100D+03       0.76630D-06       0.45429D-01       0.35744D+00       0.34383D+00
       0.32200D+03       0.76788D-06       0.88370D-04       0.35758D+00       0.34269D+00
       0.32300D+03       0.76510D-06       0.52271D-01       0.35768D+00       0.34308D+00
       0.32400D+03       0.76878D-06       0.66515D-01       0.35748D+00       0.34363D+00
       0.32500D+03       0.76771D-06       0.29461D-02       0.35750D+00       0.34405D+00
       0.32600D+03       0.76842D-06       0.29269D-01       0.35769D+00       0.34290D+00
       0.32700D+03       0.76653D-06       0.78861D-01       0.35754D+00       0.34347D+00
       0.32800D+03       0.76510D-06       0.14767D-01       0.35745D+00       0.34398D+00
       0.32900D+03       0.76448D-06       0.11901D-01       0.35767D+00       0.34283D+00
       0.33000D+03       0.76095D-06       0.77452D-01       0.35760D+00       0.34333D+00
       0.33100D+03       0.76385D-06       0.33583D-01       0.35744D+00       0.34389D+00
       0.33200D+03       0.76483D-06       0.17341D-02       0.35761D+00       0.34276D+00
       0.33300D+03       0.76146D-06       0.62903D-01       0.35766D+00       0.34321D+00
       0.33400D+03       0.76078D-06       0.56503D-01       0.35746D+00       0.34375D+00
       0.33500D+03       0.75970D-06       0.47174D-03       0.35754D+00       0.34413D+00
       0.33600D+03       0.75835D-06       0.40909D-01       0.35769D+00       0.34303D+00
       0.33700D+03       0.75850D-06       0.74157D-01       0.35751D+00       0.34359D+00
       0.33800D+03       0.76297D-06       0.77641D-02       0.35747D+00       0.34406D+00
       0.33900D+03       0.76411D-06       0.19810D-01       0.35768D+00       0.34295D+00
       0.34000D+03       0.76210D-06       0.80050D-01       0.35757D+00       0.34346D+00
       0.34100D+03       0.75948D-06       0.23044D-01       0.35745D+00       0.34398D+00
       0.34200D+03       0.76235D-06       0.57016D-02       0.35764D+00       0.34288D+00
       0.34300D+03       0.75907D-06       0.71649D-01       0.35763D+00       0.34334D+00
       0.34400D+03       0.76566D-06       0.45180D-01       0.35745D+00       0.34389D+00
       0.34500D+03       0.76735D-06       0.10158D-03       0.35758D+00       0.34283D+00
       0.34600D+03       0.76464D-06       0.52510D-01       0.35767D+00       0.34323D+00
       0.34700D+03       0.76810D-06       0.66322D-01       0.35748D+00       0.34375D+00
       0.34800D+03       0.76722D-06       0.28689D-02       0.35750D+00       0.34414D+00
       0.34900D+03       0.76802D-06       0.29501D-01       0.35768D+00       0.34306D+00
       0.35000D+03       0.76627D-06       0.78795D-01       0.35754D+00       0.34359D+00
       0.35100D+03       0.76487D-06       0.14602D-01       0.35746D+00       0.34406D+00
       0.35200D+03       0.76422D-06       0.12055D-01       0.35766D+00       0.34299D+00
       0.35300D+03       0.76090D-06       0.77543D-01       0.35760D+00       0.34346D+00
       0.35400D+03       0.76333D-06       0.33336D-01       0.35745D+00       0.34398D+00
       0.35500D+03       0.76396D-06       0.17922D-02       0.35761D+00       0.34293D+00
       0.35600D+03       0.76087D-06       0.63112D-01       0.35765D+00       0.34335D+00
       0.35700D+03       0.76041D-06       0.56272D-01       0.35747D+00       0.34385D+00
       0.35800D+03       0.75986D-06       0.44226D-03       0.35754D+00       0.34421D+00
       0.35900D+03       0.75861D-06       0.41162D-01       0.35768D+00       0.34318D+00
       0.36000D+03       0.75914D-06       0.74021D-01       0.35751D+00       0.34371D+00
       0.36100D+03       0.76356D-06       0.76342D-02       0.35748D+00       0.34414D+00
       0.36200D+03       0.76484D-06       0.19994D-01       0.35767D+00       0.34310D+00
       0.36300D+03       0.76294D-06       0.80065D-01       0.35757D+00       0.34358D+00
       0.36400D+03       0.76042D-06       0.22846D-01       0.35745D+00       0.34407D+00
       0.36500D+03       0.76279D-06       0.58142D-02       0.35764D+00       0.34303D+00
       0.36600D+03       0.75974D-06       0.71808D-01       0.35762D+00       0.34346D+00
       0.36700D+03       0.76562D-06       0.44930D-01       0.35746D+00       0.34398D+00
       0.36800D+03       0.76706D-06       0.11574D-03       0.35758D+00       0.34298D+00
       0.36900D+03       0.76450D-06       0.52749D-01       0.35766D+00       0.34336D+00
       0.37000D+03       0.76699D-06       0.66128D-01       0.35749D+00       0.34385D+00
       0.37100D+03       0.76618D-06       0.27929D-02       0.35751D+00       0.34421D+00
       0.37200D+03       0.76707D-06       0.29733D-01       0.35768D+00       0.34320D+00
       0.37300D+03       0.76563D-06       0.78728D-01       0.35754D+00       0.34370D+00
       0.37400D+03       0.76475D-06       0.14438D-01       0.35747D+00       0.34414D+00
       0.37500D+03       0.76425D-06       0.12209D-01       0.35766D+00       0.34313D+00
       0.37600D+03       0.76113D-06       0.77632D-01       0.35760D+00       0.34358D+00
       0.37700D+03       0.76287D-06       0.33089D-01       0.35745D+00       0.34406D+00
       0.37800D+03       0.76317D-06       0.18513D-02       0.35761D+00       0.34308D+00
       0.37900D+03       0.76024D-06       0.63319D-01       0.35764D+00       0.34347D+00
       0.38000D+03       0.75982D-06       0.56040D-01       0.35747D+00       0.34394D+00
       0.38100D+03       0.76001D-06       0.41373D-03       0.35754D+00       0.34427D+00
       0.38200D+03       0.75891D-06       0.41416D-01       0.35767D+00       0.34331D+00
       0.38300D+03       0.75957D-06       0.73883D-01       0.35751D+00       0.34380D+00
       0.38400D+03       0.76409D-06       0.75052D-02       0.35749D+00       0.34421D+00
       0.38500D+03       0.76556D-06       0.20178D-01       0.35767D+00       0.34323D+00
       0.38600D+03       0.76381D-06       0.80078D-01       0.35757D+00       0.34369D+00
       0.38700D+03       0.76159D-06       0.22649D-01       0.35746D+00       0.34414D+00
       0.38800D+03       0.76371D-06       0.59281D-02       0.35763D+00       0.34317D+00
       0.38900D+03       0.76085D-06       0.71965D-01       0.35762D+00       0.34357D+00
       0.39000D+03       0.76624D-06       0.44680D-01       0.35746D+00       0.34406D+00
       0.39100D+03       0.76707D-06       0.13084D-03       0.35758D+00       0.34312D+00
       0.39200D+03       0.76477D-06       0.52987D-01       0.35766D+00       0.34348D+00
       0.39300D+03       0.76651D-06       0.65932D-01       0.35749D+00       0.34393D+00
       0.39400D+03       0.76521D-06       0.27181D-02       0.35751D+00       0.34428D+00
       0.39500D+03       0.76620D-06       0.29967D-01       0.35767D+00       0.34333D+00
       0.39600D+03       0.76507D-06       0.78659D-01       0.35754D+00       0.34379D+00
       0.39700D+03       0.76443D-06       0.14274D-01       0.35747D+00       0.34421D+00
       0.39800D+03       0.76418D-06       0.12365D-01       0.35765D+00       0.34326D+00
       0.39900D+03       0.76125D-06       0.77720D-01       0.35759D+00       0.34368D+00
       0.40000D+03       0.76289D-06       0.32843D-01       0.35746D+00       0.34414D+00
       0.40100D+03       0.76312D-06       0.19115D-02       0.35761D+00       0.34321D+00
       0.40200D+03       0.76034D-06       0.63526D-01       0.35764D+00       0.34357D+00
       0.40300D+03       0.75994D-06       0.55807D-01       0.35748D+00       0.34402D+00
       0.40400D+03       0.76039D-06       0.38615D-03       0.35754D+00       0.34433D+00
       0.40500D+03       0.75907D-06       0.41669D-01       0.35766D+00       0.34342D+00
       0.40600D+03       0.75959D-06       0.73743D-01       0.35752D+00       0.34389D+00
       0.40700D+03       0.76459D-06       0.73772D-02       0.35749D+00       0.34428D+00
       0.40800D+03       0.76635D-06       0.20364D-01       0.35766D+00       0.34335D+00
       0.40900D+03       0.76477D-06       0.80089D-01       0.35757D+00       0.34378D+00
       0.41000D+03       0.76271D-06       0.22453D-01       0.35747D+00       0.34421D+00
       0.41100D+03       0.76536D-06       0.60431D-02       0.35763D+00       0.34329D+00
       0.41200D+03       0.76271D-06       0.72121D-01       0.35762D+00       0.34367D+00
       0.41300D+03       0.76736D-06       0.44430D-01       0.35747D+00       0.34413D+00
       0.41400D+03       0.76770D-06       0.14690D-03       0.35758D+00       0.34324D+00
       0.41500D+03       0.76559D-06       0.53225D-01       0.35765D+00       0.34358D+00
       0.41600D+03       0.76705D-06       0.65736D-01       0.35750D+00       0.34401D+00
       0.41700D+03       0.76545D-06       0.26444D-02       0.35752D+00       0.34434D+00
       0.41800D+03       0.76663D-06       0.30202D-01       0.35766D+00       0.34344D+00
       0.41900D+03       0.76550D-06       0.78589D-01       0.35754D+00       0.34388D+00
       0.42000D+03       0.76509D-06       0.14111D-01       0.35748D+00       0.34427D+00
       0.42100D+03       0.76480D-06       0.12520D-01       0.35765D+00       0.34338D+00
       0.42200D+03       0.76201D-06       0.77807D-01       0.35759D+00       0.34377D+00
       0.42300D+03       0.76404D-06       0.32598D-01       0.35747D+00       0.34420D+00
       0.42400D+03       0.76416D-06       0.19727D-02       0.35761D+00       0.34332D+00
       0.42500D+03       0.76155D-06       0.63732D-01       0.35764D+00       0.34367D+00
       0.42600D+03       0.76125D-06       0.55574D-01       0.35748D+00       0.34409D+00
       0.42700D+03       0.76145D-06       0.35954D-03       0.35754D+00       0.34439D+00
       0.42800D+03       0.76008D-06       0.41922D-01       0.35766D+00       0.34353D+00
       0.42900D+03       0.76038D-06       0.73603D-01       0.35752D+00       0.34397D+00
       0.43000D+03       0.76465D-06       0.72502D-02       0.35750D+00       0.34433D+00
       0.43100D+03       0.76676D-06       0.20550D-01       0.35766D+00       0.34346D+00
       0.43200D+03       0.76546D-06       0.80098D-01       0.35757D+00       0.34387D+00
       0.43300D+03       0.76345D-06       0.22258D-01       0.35747D+00       0.34427D+00
       0.43400D+03       0.76677D-06       0.61592D-02       0.35763D+00       0.34340D+00
       0.43500D+03       0.76419D-06       0.72276D-01       0.35761D+00       0.34376D+00
       0.43600D+03       0.76872D-06       0.44180D-01       0.35747D+00       0.34420D+00
       0.43700D+03       0.76883D-06       0.16391D-03       0.35758D+00       0.34335D+00
       0.43800D+03       0.76675D-06       0.53463D-01       0.35765D+00       0.34367D+00
       0.43900D+03       0.76825D-06       0.65539D-01       0.35750D+00       0.34408D+00
       0.44000D+03       0.76661D-06       0.25719D-02       0.35752D+00       0.34439D+00
       0.44100D+03       0.76732D-06       0.30438D-01       0.35766D+00       0.34354D+00
       0.44200D+03       0.76615D-06       0.78517D-01       0.35754D+00       0.34396D+00
       0.44300D+03       0.76620D-06       0.13949D-01       0.35748D+00       0.34433D+00
       0.44400D+03       0.76572D-06       0.12677D-01       0.35764D+00       0.34348D+00
       0.44500D+03       0.76308D-06       0.77892D-01       0.35759D+00       0.34385D+00
       0.44600D+03       0.76520D-06       0.32353D-01       0.35747D+00       0.34426D+00
       0.44700D+03       0.76570D-06       0.20351D-02       0.35760D+00       0.34343D+00
       0.44800D+03       0.76320D-06       0.63937D-01       0.35763D+00       0.34376D+00
       0.44900D+03       0.76287D-06       0.55341D-01       0.35748D+00       0.34416D+00
       0.45000D+03       0.76277D-06       0.33388D-03       0.35755D+00       0.34444D+00
       0.45100D+03       0.76150D-06       0.42174D-01       0.35765D+00       0.34362D+00
       0.45200D+03       0.76166D-06       0.73460D-01       0.35752D+00       0.34404D+00
       0.45300D+03       0.76495D-06       0.71243D-02       0.35750D+00       0.34439D+00
       0.45400D+03       0.76718D-06       0.20737D-01       0.35765D+00       0.34355D+00
       0.45500D+03       0.76593D-06       0.80105D-01       0.35757D+00       0.34394D+00
       0.45600D+03       0.76395D-06       0.22064D-01       0.35748D+00       0.34432D+00
       0.45700D+03       0.76699D-06       0.62765D-02       0.35763D+00       0.34350D+00
       0.45800D+03       0.76453D-06       0.72429D-01       0.35761D+00       0.34384D+00
       0.45900D+03       0.76954D-06       0.43929D-01       0.35748D+00       0.34425D+00
       0.46000D+03       0.76965D-06       0.18188D-03       0.35758D+00       0.34345D+00
       0.46100D+03       0.76757D-06       0.53700D-01       0.35764D+00       0.34376D+00
       0.46200D+03       0.76940D-06       0.65341D-01       0.35750D+00       0.34414D+00
       0.46300D+03       0.76793D-06       0.25005D-02       0.35752D+00       0.34444D+00
       0.46400D+03       0.76821D-06       0.30675D-01       0.35765D+00       0.34363D+00
       0.46500D+03       0.76701D-06       0.78443D-01       0.35754D+00       0.34403D+00
       0.46600D+03       0.76724D-06       0.13787D-01       0.35749D+00       0.34438D+00
       0.46700D+03       0.76683D-06       0.12834D-01       0.35764D+00       0.34357D+00
       0.46800D+03       0.76431D-06       0.77975D-01       0.35759D+00       0.34393D+00
       0.46900D+03       0.76583D-06       0.32110D-01       0.35748D+00       0.34432D+00
       0.47000D+03       0.76687D-06       0.20985D-02       0.35760D+00       0.34352D+00
       0.47100D+03       0.76443D-06       0.64141D-01       0.35763D+00       0.34383D+00
       0.47200D+03       0.76411D-06       0.55107D-01       0.35749D+00       0.34421D+00
       0.47300D+03       0.76381D-06       0.30919D-03       0.35755D+00       0.34448D+00
       0.47400D+03       0.76259D-06       0.42427D-01       0.35765D+00       0.34370D+00
       0.47500D+03       0.76277D-06       0.73317D-01       0.35752D+00       0.34408D+00
       0.47600D+03       0.76545D-06       0.69994D-02       0.35750D+00       0.34438D+00
       0.47700D+03       0.76722D-06       0.20924D-01       0.35765D+00       0.34359D+00
       0.47800D+03       0.76600D-06       0.80111D-01       0.35757D+00       0.34395D+00
       0.47900D+03       0.76416D-06       0.21870D-01       0.35748D+00       0.34432D+00
       0.48000D+03       0.76662D-06       0.63948D-02       0.35762D+00       0.34353D+00
       0.48100D+03       0.76431D-06       0.72582D-01       0.35761D+00       0.34386D+00
       0.48200D+03       0.76977D-06       0.43678D-01       0.35748D+00       0.34425D+00
       0.48300D+03       0.77015D-06       0.20081D-03       0.35758D+00       0.34349D+00
       0.48400D+03       0.76816D-06       0.53937D-01       0.35764D+00       0.34378D+00
       0.48500D+03       0.77025D-06       0.65142D-01       0.35750D+00       0.34415D+00
       0.48600D+03       0.76880D-06       0.24303D-02       0.35752D+00       0.34442D+00
       0.48700D+03       0.76892D-06       0.30913D-01       0.35765D+00       0.34366D+00
       0.48800D+03       0.76773D-06       0.78369D-01       0.35754D+00       0.34403D+00
       0.48900D+03       0.76753D-06       0.13626D-01       0.35749D+00       0.34437D+00
       0.49000D+03       0.76716D-06       0.12992D-01       0.35764D+00       0.34360D+00
       0.49100D+03       0.76477D-06       0.78057D-01       0.35759D+00       0.34394D+00
       0.49200D+03       0.76591D-06       0.31867D-01       0.35748D+00       0.34431D+00
       0.49300D+03       0.76688D-06       0.21630D-02       0.35760D+00       0.34355D+00
       0.49400D+03       0.76455D-06       0.64344D-01       0.35762D+00       0.34385D+00
       0.49500D+03       0.76434D-06       0.54872D-01       0.35749D+00       0.34421D+00
       0.49600D+03       0.76401D-06       0.28546D-03       0.35755D+00       0.34447D+00
       0.49700D+03       0.76283D-06       0.42679D-01       0.35765D+00       0.34373D+00
       0.49800D+03       0.76325D-06       0.73171D-01       0.35752D+00       0.34408D+00
       0.49900D+03       0.76611D-06       0.68756D-02       0.35751D+00       0.34437D+00
       0.50000D+03       0.76728D-06       0.21113D-01       0.35764D+00       0.34361D+00
       0.50100D+03       0.76606D-06       0.80114D-01       0.35756D+00       0.34397D+00
       0.50200D+03       0.76426D-06       0.21678D-01       0.35748D+00       0.34431D+00
       0.50300D+03       0.76623D-06       0.65143D-02       0.35762D+00       0.34356D+00
       0.50400D+03       0.76402D-06       0.72732D-01       0.35761D+00       0.34388D+00
       0.50500D+03       0.76876D-06       0.43427D-01       0.35748D+00       0.34422D+00
       0.50600D+03       0.76969D-06       0.22070D-03       0.35758D+00       0.34350D+00
       0.50700D+03       0.76774D-06       0.54173D-01       0.35764D+00       0.34374D+00
       0.50800D+03       0.76985D-06       0.64943D-01       0.35751D+00       0.34410D+00
       0.50900D+03       0.76846D-06       0.23613D-02       0.35753D+00       0.34436D+00
       0.51000D+03       0.76860D-06       0.31152D-01       0.35765D+00       0.34363D+00
       0.51100D+03       0.76745D-06       0.78292D-01       0.35754D+00       0.34399D+00
       0.51200D+03       0.76698D-06       0.13465D-01       0.35749D+00       0.34431D+00
       0.51300D+03       0.76654D-06       0.13151D-01       0.35763D+00       0.34357D+00
       0.51400D+03       0.76427D-06       0.78138D-01       0.35759D+00       0.34390D+00
       0.51500D+03       0.76519D-06       0.31625D-01       0.35748D+00       0.34425D+00
       0.51600D+03       0.76587D-06       0.22287D-02       0.35760D+00       0.34353D+00
       0.51700D+03       0.76366D-06       0.64547D-01       0.35762D+00       0.34382D+00
       0.51800D+03       0.76364D-06       0.54637D-01       0.35749D+00       0.34416D+00
       0.51900D+03       0.76366D-06       0.26270D-03       0.35755D+00       0.34441D+00
       0.52000D+03       0.76262D-06       0.42931D-01       0.35764D+00       0.34370D+00
       0.52100D+03       0.76324D-06       0.73025D-01       0.35752D+00       0.34404D+00
       0.52200D+03       0.76614D-06       0.67529D-02       0.35751D+00       0.34431D+00
       0.52300D+03       0.76709D-06       0.21302D-01       0.35764D+00       0.34359D+00
       0.52400D+03       0.76589D-06       0.80116D-01       0.35756D+00       0.34393D+00
       0.52500D+03       0.76404D-06       0.21487D-01       0.35749D+00       0.34426D+00
       0.52600D+03       0.76563D-06       0.66349D-02       0.35762D+00       0.34354D+00
       0.52700D+03       0.76352D-06       0.72882D-01       0.35760D+00       0.34384D+00
       0.52800D+03       0.76771D-06       0.43175D-01       0.35749D+00       0.34417D+00
       0.52900D+03       0.76864D-06       0.24156D-03       0.35758D+00       0.34348D+00
       0.53000D+03       0.76676D-06       0.54409D-01       0.35763D+00       0.34371D+00
       0.53100D+03       0.76838D-06       0.64742D-01       0.35751D+00       0.34405D+00
       0.53200D+03       0.76704D-06       0.22934D-02       0.35753D+00       0.34431D+00
       0.53300D+03       0.76721D-06       0.31392D-01       0.35764D+00       0.34360D+00
       0.53400D+03       0.76621D-06       0.78215D-01       0.35754D+00       0.34395D+00
       0.53500D+03       0.76599D-06       0.13305D-01       0.35750D+00       0.34426D+00
       0.53600D+03       0.76548D-06       0.13310D-01       0.35763D+00       0.34355D+00
       0.53700D+03       0.76330D-06       0.78217D-01       0.35758D+00       0.34386D+00
       0.53800D+03       0.76391D-06       0.31384D-01       0.35749D+00       0.34420D+00
       0.53900D+03       0.76442D-06       0.22955D-02       0.35760D+00       0.34351D+00
       0.54000D+03       0.76230D-06       0.64748D-01       0.35762D+00       0.34378D+00
       0.54100D+03       0.76243D-06       0.54402D-01       0.35750D+00       0.34412D+00
       0.54200D+03       0.76291D-06       0.24091D-03       0.35755D+00       0.34435D+00
       0.54300D+03       0.76191D-06       0.43183D-01       0.35764D+00       0.34367D+00
       0.54400D+03       0.76273D-06       0.72877D-01       0.35753D+00       0.34399D+00
       0.54500D+03       0.76566D-06       0.66312D-02       0.35751D+00       0.34426D+00
       0.54600D+03       0.76671D-06       0.21493D-01       0.35764D+00       0.34357D+00
       0.54700D+03       0.76557D-06       0.80116D-01       0.35756D+00       0.34389D+00
       0.54800D+03       0.76379D-06       0.21297D-01       0.35749D+00       0.34421D+00
       0.54900D+03       0.76520D-06       0.67566D-02       0.35762D+00       0.34352D+00
       0.55000D+03       0.76316D-06       0.73029D-01       0.35760D+00       0.34381D+00
       0.55100D+03       0.76701D-06       0.42923D-01       0.35749D+00       0.34412D+00
       0.55200D+03       0.76768D-06       0.26339D-03       0.35758D+00       0.34346D+00
       0.55300D+03       0.76593D-06       0.54644D-01       0.35763D+00       0.34369D+00
       0.55400D+03       0.76700D-06       0.64540D-01       0.35751D+00       0.34401D+00
       0.55500D+03       0.76558D-06       0.22267D-02       0.35753D+00       0.34425D+00
       0.55600D+03       0.76577D-06       0.31633D-01       0.35764D+00       0.34358D+00
       0.55700D+03       0.76495D-06       0.78135D-01       0.35754D+00       0.34391D+00
       0.55800D+03       0.76498D-06       0.13146D-01       0.35750D+00       0.34421D+00
       0.55900D+03       0.76458D-06       0.13470D-01       0.35763D+00       0.34353D+00
       0.56000D+03       0.76250D-06       0.78295D-01       0.35758D+00       0.34383D+00
       0.56100D+03       0.76287D-06       0.31145D-01       0.35749D+00       0.34415D+00
       0.56200D+03       0.76324D-06       0.23634D-02       0.35760D+00       0.34349D+00
       0.56300D+03       0.76122D-06       0.64949D-01       0.35762D+00       0.34375D+00
       0.56400D+03       0.76134D-06       0.54166D-01       0.35750D+00       0.34407D+00
       0.56500D+03       0.76219D-06       0.22008D-03       0.35755D+00       0.34429D+00
       0.56600D+03       0.76116D-06       0.43434D-01       0.35764D+00       0.34364D+00
       0.56700D+03       0.76198D-06       0.72728D-01       0.35753D+00       0.34396D+00
       0.56800D+03       0.76513D-06       0.65106D-02       0.35751D+00       0.34421D+00
       0.56900D+03       0.76633D-06       0.21684D-01       0.35763D+00       0.34354D+00
       0.57000D+03       0.76533D-06       0.80114D-01       0.35756D+00       0.34386D+00
       0.57100D+03       0.76372D-06       0.21107D-01       0.35749D+00       0.34416D+00
       0.57200D+03       0.76527D-06       0.68794D-02       0.35761D+00       0.34350D+00
       0.57300D+03       0.76332D-06       0.73176D-01       0.35760D+00       0.34378D+00
       0.57400D+03       0.76686D-06       0.42671D-01       0.35749D+00       0.34408D+00
       0.57500D+03       0.76724D-06       0.28618D-03       0.35758D+00       0.34344D+00
       0.57600D+03       0.76556D-06       0.54879D-01       0.35763D+00       0.34366D+00
       0.57700D+03       0.76631D-06       0.64338D-01       0.35751D+00       0.34397D+00
       0.57800D+03       0.76476D-06       0.21610D-02       0.35753D+00       0.34420D+00
       0.57900D+03       0.76508D-06       0.31875D-01       0.35764D+00       0.34356D+00
       0.58000D+03       0.76438D-06       0.78055D-01       0.35754D+00       0.34388D+00
       0.58100D+03       0.76455D-06       0.12987D-01       0.35750D+00       0.34416D+00
       0.58200D+03       0.76424D-06       0.13631D-01       0.35763D+00       0.34351D+00
       0.58300D+03       0.76225D-06       0.78371D-01       0.35758D+00       0.34380D+00
       0.58400D+03       0.76285D-06       0.30906D-01       0.35749D+00       0.34411D+00
       0.58500D+03       0.76321D-06       0.24325D-02       0.35760D+00       0.34347D+00
       0.58600D+03       0.76127D-06       0.65148D-01       0.35761D+00       0.34373D+00
       0.58700D+03       0.76139D-06       0.53929D-01       0.35750D+00       0.34403D+00
       0.58800D+03       0.76215D-06       0.20021D-03       0.35755D+00       0.34425D+00
       0.58900D+03       0.76104D-06       0.43686D-01       0.35763D+00       0.34362D+00
       0.59000D+03       0.76169D-06       0.72577D-01       0.35753D+00       0.34394D+00
       0.59100D+03       0.76487D-06       0.63912D-02       0.35752D+00       0.34421D+00
       0.59200D+03       0.76626D-06       0.21876D-01       0.35763D+00       0.34357D+00
       0.59300D+03       0.76539D-06       0.80111D-01       0.35756D+00       0.34387D+00
       0.59400D+03       0.76387D-06       0.20918D-01       0.35750D+00       0.34416D+00
       0.59500D+03       0.76585D-06       0.70033D-02       0.35761D+00       0.34353D+00
       0.59600D+03       0.76397D-06       0.73321D-01       0.35760D+00       0.34379D+00
       0.59700D+03       0.76714D-06       0.42419D-01       0.35750D+00       0.34409D+00
       0.59800D+03       0.76730D-06       0.30994D-03       0.35758D+00       0.34347D+00
       0.59900D+03       0.76571D-06       0.55114D-01       0.35762D+00       0.34368D+00
       0.60000D+03       0.76646D-06       0.64135D-01       0.35751D+00       0.34398D+00
       0.60100D+03       0.76489D-06       0.20965D-02       0.35753D+00       0.34420D+00
       0.60200D+03       0.76528D-06       0.32117D-01       0.35763D+00       0.34358D+00
       0.60300D+03       0.76453D-06       0.77973D-01       0.35755D+00       0.34389D+00
       0.60400D+03       0.76493D-06       0.12829D-01       0.35751D+00       0.34416D+00
       0.60500D+03       0.76462D-06       0.13792D-01       0.35762D+00       0.34354D+00
       0.60600D+03       0.76271D-06       0.78446D-01       0.35758D+00       0.34382D+00
       0.60700D+03       0.76360D-06       0.30668D-01       0.35750D+00       0.34412D+00
       0.60800D+03       0.76412D-06       0.25027D-02       0.35760D+00       0.34350D+00
       0.60900D+03       0.76225D-06       0.65347D-01       0.35761D+00       0.34375D+00
       0.61000D+03       0.76239D-06       0.53693D-01       0.35750D+00       0.34404D+00
       0.61100D+03       0.76285D-06       0.18131D-03       0.35755D+00       0.34424D+00
       0.61200D+03       0.76173D-06       0.43937D-01       0.35763D+00       0.34364D+00
       0.61300D+03       0.76220D-06       0.72425D-01       0.35753D+00       0.34395D+00
       0.61400D+03       0.76473D-06       0.62728D-02       0.35752D+00       0.34421D+00
       0.61500D+03       0.76634D-06       0.22070D-01       0.35763D+00       0.34359D+00
       0.61600D+03       0.76553D-06       0.80105D-01       0.35756D+00       0.34388D+00
       0.61700D+03       0.76402D-06       0.20731D-01       0.35750D+00       0.34416D+00
       0.61800D+03       0.76620D-06       0.71282D-02       0.35761D+00       0.34355D+00
       0.61900D+03       0.76437D-06       0.73465D-01       0.35760D+00       0.34381D+00
       0.62000D+03       0.76798D-06       0.42166D-01       0.35750D+00       0.34411D+00
       0.62100D+03       0.76795D-06       0.33466D-03       0.35758D+00       0.34352D+00
       0.62200D+03       0.76637D-06       0.55348D-01       0.35762D+00       0.34374D+00
       0.62300D+03       0.76729D-06       0.63930D-01       0.35752D+00       0.34403D+00
       0.62400D+03       0.76583D-06       0.20331D-02       0.35753D+00       0.34425D+00
       0.62500D+03       0.76585D-06       0.32361D-01       0.35763D+00       0.34365D+00
       0.62600D+03       0.76507D-06       0.77889D-01       0.35755D+00       0.34395D+00
       0.62700D+03       0.76579D-06       0.12672D-01       0.35751D+00       0.34421D+00
       0.62800D+03       0.76545D-06       0.13954D-01       0.35762D+00       0.34360D+00
       0.62900D+03       0.76363D-06       0.78519D-01       0.35758D+00       0.34387D+00
       0.63000D+03       0.76432D-06       0.30431D-01       0.35750D+00       0.34416D+00
       0.63100D+03       0.76519D-06       0.25741D-02       0.35760D+00       0.34357D+00
       0.63200D+03       0.76337D-06       0.65545D-01       0.35761D+00       0.34380D+00
       0.63300D+03       0.76343D-06       0.53455D-01       0.35751D+00       0.34409D+00
       0.63400D+03       0.76366D-06       0.16337D-03       0.35756D+00       0.34428D+00
       0.63500D+03       0.76262D-06       0.44187D-01       0.35763D+00       0.34370D+00
       0.63600D+03       0.76304D-06       0.72271D-01       0.35753D+00       0.34400D+00
       0.63700D+03       0.76497D-06       0.61556D-02       0.35752D+00       0.34425D+00
       0.63800D+03       0.76664D-06       0.22264D-01       0.35763D+00       0.34366D+00
       0.63900D+03       0.76581D-06       0.80098D-01       0.35756D+00       0.34394D+00
       0.64000D+03       0.76438D-06       0.20544D-01       0.35750D+00       0.34421D+00
       0.64100D+03       0.76635D-06       0.72541D-02       0.35761D+00       0.34362D+00
       0.64200D+03       0.76461D-06       0.73607D-01       0.35759D+00       0.34386D+00
       0.64300D+03       0.76860D-06       0.41914D-01       0.35750D+00       0.34416D+00
       0.64400D+03       0.76862D-06       0.36034D-03       0.35758D+00       0.34358D+00
       0.64500D+03       0.76714D-06       0.55581D-01       0.35762D+00       0.34380D+00
       0.64600D+03       0.76822D-06       0.63725D-01       0.35752D+00       0.34408D+00
       0.64700D+03       0.76684D-06       0.19708D-02       0.35754D+00       0.34429D+00
       0.64800D+03       0.76666D-06       0.32605D-01       0.35763D+00       0.34371D+00
       0.64900D+03       0.76585D-06       0.77804D-01       0.35755D+00       0.34400D+00
       0.65000D+03       0.76639D-06       0.12516D-01       0.35751D+00       0.34425D+00
       0.65100D+03       0.76619D-06       0.14116D-01       0.35762D+00       0.34367D+00
       0.65200D+03       0.76445D-06       0.78591D-01       0.35758D+00       0.34392D+00
       0.65300D+03       0.76480D-06       0.30195D-01       0.35750D+00       0.34420D+00
       0.65400D+03       0.76596D-06       0.26466D-02       0.35760D+00       0.34363D+00
       0.65500D+03       0.76420D-06       0.65742D-01       0.35761D+00       0.34386D+00
       0.65600D+03       0.76435D-06       0.53218D-01       0.35751D+00       0.34413D+00
       0.65700D+03       0.76456D-06       0.14639D-03       0.35756D+00       0.34432D+00
       0.65800D+03       0.76357D-06       0.44438D-01       0.35762D+00       0.34376D+00
       0.65900D+03       0.76410D-06       0.72116D-01       0.35753D+00       0.34405D+00
       0.66000D+03       0.76594D-06       0.60395D-02       0.35752D+00       0.34429D+00
       0.66100D+03       0.76707D-06       0.22459D-01       0.35762D+00       0.34372D+00
       0.66200D+03       0.76622D-06       0.80088D-01       0.35756D+00       0.34398D+00
       0.66300D+03       0.76486D-06       0.20358D-01       0.35750D+00       0.34424D+00
       0.66400D+03       0.76634D-06       0.73811D-02       0.35761D+00       0.34368D+00
       0.66500D+03       0.76469D-06       0.73748D-01       0.35759D+00       0.34392D+00
       0.66600D+03       0.76875D-06       0.41661D-01       0.35750D+00       0.34420D+00
       0.66700D+03       0.76898D-06       0.38699D-03       0.35758D+00       0.34364D+00
       0.66800D+03       0.76751D-06       0.55814D-01       0.35762D+00       0.34385D+00
       0.66900D+03       0.76872D-06       0.63520D-01       0.35752D+00       0.34412D+00
       0.67000D+03       0.76731D-06       0.19096D-02       0.35754D+00       0.34432D+00
       0.67100D+03       0.76726D-06       0.32851D-01       0.35763D+00       0.34377D+00
       0.67200D+03       0.76645D-06       0.77717D-01       0.35755D+00       0.34404D+00
       0.67300D+03       0.76666D-06       0.12360D-01       0.35751D+00       0.34428D+00
       0.67400D+03       0.76650D-06       0.14279D-01       0.35762D+00       0.34372D+00
       0.67500D+03       0.76482D-06       0.78661D-01       0.35758D+00       0.34397D+00
       0.67600D+03       0.76503D-06       0.29960D-01       0.35750D+00       0.34424D+00
       0.67700D+03       0.76605D-06       0.27203D-02       0.35759D+00       0.34369D+00
       0.67800D+03       0.76435D-06       0.65938D-01       0.35761D+00       0.34391D+00
       0.67900D+03       0.76471D-06       0.52980D-01       0.35751D+00       0.34417D+00
       0.68000D+03       0.76500D-06       0.13036D-03       0.35756D+00       0.34436D+00
       0.68100D+03       0.76411D-06       0.44688D-01       0.35762D+00       0.34382D+00
       0.68200D+03       0.76483D-06       0.71960D-01       0.35753D+00       0.34410D+00
       0.68300D+03       0.76682D-06       0.59245D-02       0.35752D+00       0.34432D+00
       0.68400D+03       0.76757D-06       0.22655D-01       0.35762D+00       0.34377D+00
       0.68500D+03       0.76672D-06       0.80077D-01       0.35756D+00       0.34403D+00
       0.68600D+03       0.76536D-06       0.20173D-01       0.35751D+00       0.34428D+00
       0.68700D+03       0.76654D-06       0.75092D-02       0.35761D+00       0.34373D+00
       0.68800D+03       0.76492D-06       0.73887D-01       0.35759D+00       0.34396D+00
       0.68900D+03       0.76843D-06       0.41408D-01       0.35750D+00       0.34424D+00
       0.69000D+03       0.76888D-06       0.41460D-03       0.35758D+00       0.34370D+00
       0.69100D+03       0.76741D-06       0.56047D-01       0.35762D+00       0.34390D+00
       0.69200D+03       0.76846D-06       0.63313D-01       0.35752D+00       0.34416D+00
       0.69300D+03       0.76711D-06       0.18494D-02       0.35754D+00       0.34436D+00
       0.69400D+03       0.76707D-06       0.33097D-01       0.35762D+00       0.34382D+00
       0.69500D+03       0.76631D-06       0.77630D-01       0.35755D+00       0.34408D+00
       0.69600D+03       0.76651D-06       0.12205D-01       0.35751D+00       0.34432D+00
       0.69700D+03       0.76623D-06       0.14443D-01       0.35762D+00       0.34378D+00
       0.69800D+03       0.76461D-06       0.78730D-01       0.35758D+00       0.34402D+00
       0.69900D+03       0.76469D-06       0.29726D-01       0.35750D+00       0.34428D+00
       0.70000D+03       0.76548D-06       0.27952D-02       0.35759D+00       0.34374D+00
       0.70100D+03       0.76387D-06       0.66134D-01       0.35760D+00       0.34396D+00
       0.70200D+03       0.76448D-06       0.52742D-01       0.35751D+00       0.34421D+00
       0.70300D+03       0.76504D-06       0.11529D-03       0.35756D+00       0.34439D+00
       0.70400D+03       0.76423D-06       0.44938D-01       0.35762D+00       0.34386D+00
       0.70500D+03       0.76518D-06       0.71803D-01       0.35753D+00       0.34414D+00
       0.70600D+03       0.76717D-06       0.58107D-02       0.35753D+00       0.34435D+00
       0.70700D+03       0.76803D-06       0.22852D-01       0.35762D+00       0.34382D+00
       0.70800D+03       0.76717D-06       0.80065D-01       0.35756D+00       0.34407D+00
       0.70900D+03       0.76576D-06       0.19988D-01       0.35751D+00       0.34432D+00
       0.71000D+03       0.76672D-06       0.76382D-02       0.35761D+00       0.34378D+00
       0.71100D+03       0.76519D-06       0.74025D-01       0.35759D+00       0.34401D+00
       0.71200D+03       0.76838D-06       0.41155D-01       0.35751D+00       0.34427D+00
       0.71300D+03       0.76868D-06       0.44316D-03       0.35758D+00       0.34375D+00
       0.71400D+03       0.76726D-06       0.56279D-01       0.35761D+00       0.34395D+00
       0.71500D+03       0.76791D-06       0.63105D-01       0.35752D+00       0.34420D+00
       0.71600D+03       0.76662D-06       0.17904D-02       0.35754D+00       0.34439D+00
       0.71700D+03       0.76664D-06       0.33343D-01       0.35762D+00       0.34387D+00
       0.71800D+03       0.76601D-06       0.77540D-01       0.35755D+00       0.34412D+00
       0.71900D+03       0.76648D-06       0.12050D-01       0.35752D+00       0.34435D+00
       0.72000D+03       0.76616D-06       0.14607D-01       0.35761D+00       0.34383D+00
       0.72100D+03       0.76460D-06       0.78797D-01       0.35758D+00       0.34406D+00
       0.72200D+03       0.76444D-06       0.29493D-01       0.35751D+00       0.34431D+00
       0.72300D+03       0.76503D-06       0.28713D-02       0.35759D+00       0.34379D+00
       0.72400D+03       0.76345D-06       0.66328D-01       0.35760D+00       0.34400D+00
       0.72500D+03       0.76405D-06       0.52503D-01       0.35751D+00       0.34425D+00
       0.72600D+03       0.76500D-06       0.10116D-03       0.35756D+00       0.34442D+00
       0.72700D+03       0.76414D-06       0.45188D-01       0.35762D+00       0.34391D+00
       0.72800D+03       0.76521D-06       0.71644D-01       0.35753D+00       0.34417D+00
       0.72900D+03       0.76729D-06       0.56981D-02       0.35753D+00       0.34439D+00
       0.73000D+03       0.76824D-06       0.23050D-01       0.35762D+00       0.34387D+00
       0.73100D+03       0.76743D-06       0.80050D-01       0.35756D+00       0.34411D+00
       0.73200D+03       0.76608D-06       0.19805D-01       0.35751D+00       0.34435D+00
       0.73300D+03       0.76694D-06       0.77682D-02       0.35761D+00       0.34383D+00
       0.73400D+03       0.76545D-06       0.74161D-01       0.35759D+00       0.34405D+00
       0.73500D+03       0.76842D-06       0.40901D-01       0.35751D+00       0.34430D+00
       0.73600D+03       0.76853D-06       0.47267D-03       0.35758D+00       0.34380D+00
       0.73700D+03       0.76721D-06       0.56510D-01       0.35761D+00       0.34399D+00
       0.73800D+03       0.76757D-06       0.62897D-01       0.35752D+00       0.34424D+00
       0.73900D+03       0.76619D-06       0.17323D-02       0.35754D+00       0.34442D+00
       0.74000D+03       0.76621D-06       0.33591D-01       0.35762D+00       0.34391D+00
       0.74100D+03       0.76573D-06       0.77449D-01       0.35755D+00       0.34416D+00
       0.74200D+03       0.76631D-06       0.11896D-01       0.35752D+00       0.34438D+00
       0.74300D+03       0.76603D-06       0.14772D-01       0.35761D+00       0.34387D+00
       0.74400D+03       0.76453D-06       0.78863D-01       0.35758D+00       0.34410D+00
       0.74500D+03       0.76441D-06       0.29262D-01       0.35751D+00       0.34434D+00
       0.74600D+03       0.76492D-06       0.29485D-02       0.35759D+00       0.34384D+00
       0.74700D+03       0.76339D-06       0.66521D-01       0.35760D+00       0.34404D+00
       0.74800D+03       0.76391D-06       0.52264D-01       0.35751D+00       0.34428D+00
       0.74900D+03       0.76487D-06       0.87977D-04       0.35756D+00       0.34445D+00
       0.75000D+03       0.76394D-06       0.45437D-01       0.35762D+00       0.34396D+00
       0.75100D+03       0.76479D-06       0.71484D-01       0.35753D+00       0.34419D+00
       0.75200D+03       0.76704D-06       0.55866D-02       0.35753D+00       0.34438D+00
       0.75300D+03       0.76818D-06       0.23250D-01       0.35762D+00       0.34388D+00
       0.75400D+03       0.76742D-06       0.80033D-01       0.35756D+00       0.34412D+00
       0.75500D+03       0.76619D-06       0.19622D-01       0.35751D+00       0.34434D+00
       0.75600D+03       0.76728D-06       0.78991D-02       0.35760D+00       0.34384D+00
       0.75700D+03       0.76587D-06       0.74296D-01       0.35759D+00       0.34406D+00
       0.75800D+03       0.76848D-06       0.40648D-01       0.35751D+00       0.34430D+00
       0.75900D+03       0.76841D-06       0.50313D-03       0.35758D+00       0.34381D+00
       0.76000D+03       0.76714D-06       0.56741D-01       0.35761D+00       0.34400D+00
       0.76100D+03       0.76744D-06       0.62687D-01       0.35752D+00       0.34424D+00
       0.76200D+03       0.76611D-06       0.16754D-02       0.35754D+00       0.34441D+00
       0.76300D+03       0.76622D-06       0.33839D-01       0.35762D+00       0.34392D+00
       0.76400D+03       0.76575D-06       0.77357D-01       0.35755D+00       0.34416D+00
       0.76500D+03       0.76648D-06       0.11743D-01       0.35752D+00       0.34438D+00
       0.76600D+03       0.76630D-06       0.14938D-01       0.35761D+00       0.34388D+00
       0.76700D+03       0.76486D-06       0.78927D-01       0.35758D+00       0.34410D+00
       0.76800D+03       0.76494D-06       0.29031D-01       0.35751D+00       0.34434D+00
       0.76900D+03       0.76539D-06       0.30270D-02       0.35759D+00       0.34385D+00
       0.77000D+03       0.76392D-06       0.66713D-01       0.35760D+00       0.34405D+00
       0.77100D+03       0.76445D-06       0.52024D-01       0.35752D+00       0.34428D+00
       0.77200D+03       0.76516D-06       0.75734D-04       0.35756D+00       0.34444D+00
       0.77300D+03       0.76422D-06       0.45686D-01       0.35762D+00       0.34396D+00
       0.77400D+03       0.76488D-06       0.71322D-01       0.35753D+00       0.34419D+00
       0.77500D+03       0.76672D-06       0.54763D-02       0.35753D+00       0.34437D+00
       0.77600D+03       0.76800D-06       0.23450D-01       0.35762D+00       0.34389D+00
       0.77700D+03       0.76738D-06       0.80015D-01       0.35756D+00       0.34412D+00
       0.77800D+03       0.76620D-06       0.19440D-01       0.35751D+00       0.34434D+00
       0.77900D+03       0.76761D-06       0.80311D-02       0.35760D+00       0.34385D+00
       0.78000D+03       0.76619D-06       0.74430D-01       0.35759D+00       0.34406D+00
       0.78100D+03       0.76878D-06       0.40394D-01       0.35751D+00       0.34430D+00
       0.78200D+03       0.76862D-06       0.53454D-03       0.35758D+00       0.34383D+00
       0.78300D+03       0.76733D-06       0.56971D-01       0.35761D+00       0.34401D+00
       0.78400D+03       0.76768D-06       0.62477D-01       0.35752D+00       0.34424D+00
       0.78500D+03       0.76649D-06       0.16194D-02       0.35754D+00       0.34440D+00
       0.78600D+03       0.76644D-06       0.34088D-01       0.35762D+00       0.34393D+00
       0.78700D+03       0.76592D-06       0.77263D-01       0.35755D+00       0.34417D+00
       0.78800D+03       0.76699D-06       0.11591D-01       0.35752D+00       0.34437D+00
       0.78900D+03       0.76686D-06       0.15104D-01       0.35761D+00       0.34389D+00
       0.79000D+03       0.76547D-06       0.78990D-01       0.35757D+00       0.34411D+00
       0.79100D+03       0.76558D-06       0.28802D-01       0.35751D+00       0.34433D+00
       0.79200D+03       0.76632D-06       0.31066D-02       0.35759D+00       0.34386D+00
       0.79300D+03       0.76489D-06       0.66905D-01       0.35760D+00       0.34405D+00
       0.79400D+03       0.76534D-06       0.51784D-01       0.35752D+00       0.34428D+00
       0.79500D+03       0.76580D-06       0.64425D-04       0.35756D+00       0.34443D+00
       0.79600D+03       0.76492D-06       0.45935D-01       0.35761D+00       0.34397D+00
       0.79700D+03       0.76545D-06       0.71160D-01       0.35753D+00       0.34419D+00
       0.79800D+03       0.76681D-06       0.53671D-02       0.35753D+00       0.34437D+00
       0.79900D+03       0.76822D-06       0.23651D-01       0.35761D+00       0.34390D+00
       0.80000D+03       0.76760D-06       0.79995D-01       0.35756D+00       0.34412D+00
       0.80100D+03       0.76645D-06       0.19258D-01       0.35752D+00       0.34434D+00
       0.80200D+03       0.76771D-06       0.81639D-02       0.35760D+00       0.34386D+00
       0.80300D+03       0.76634D-06       0.74562D-01       0.35759D+00       0.34406D+00
       0.80400D+03       0.76922D-06       0.40140D-01       0.35751D+00       0.34430D+00
       0.80500D+03       0.76906D-06       0.56689D-03       0.35758D+00       0.34384D+00
       0.80600D+03       0.76780D-06       0.57201D-01       0.35761D+00       0.34401D+00
       0.80700D+03       0.76826D-06       0.62266D-01       0.35753D+00       0.34424D+00
       0.80800D+03       0.76710D-06       0.15645D-02       0.35754D+00       0.34440D+00
       0.80900D+03       0.76687D-06       0.34337D-01       0.35762D+00       0.34394D+00
       0.81000D+03       0.76632D-06       0.77168D-01       0.35755D+00       0.34417D+00
       0.81100D+03       0.76737D-06       0.11439D-01       0.35752D+00       0.34437D+00
       0.81200D+03       0.76742D-06       0.15271D-01       0.35761D+00       0.34390D+00
       0.81300D+03       0.76610D-06       0.79051D-01       0.35757D+00       0.34411D+00
       0.81400D+03       0.76603D-06       0.28574D-01       0.35751D+00       0.34433D+00
       0.81500D+03       0.76714D-06       0.31874D-02       0.35759D+00       0.34387D+00
       0.81600D+03       0.76572D-06       0.67095D-01       0.35760D+00       0.34406D+00
       0.81700D+03       0.76617D-06       0.51544D-01       0.35752D+00       0.34427D+00
       0.81800D+03       0.76650D-06       0.54046D-04       0.35756D+00       0.34443D+00
       0.81900D+03       0.76564D-06       0.46183D-01       0.35761D+00       0.34398D+00
       0.82000D+03       0.76624D-06       0.70996D-01       0.35754D+00       0.34419D+00
       0.82100D+03       0.76731D-06       0.52591D-02       0.35753D+00       0.34436D+00
       0.82200D+03       0.76838D-06       0.23853D-01       0.35761D+00       0.34391D+00
       0.82300D+03       0.76774D-06       0.79973D-01       0.35756D+00       0.34412D+00
       0.82400D+03       0.76673D-06       0.19078D-01       0.35752D+00       0.34433D+00
       0.82500D+03       0.76773D-06       0.82977D-02       0.35760D+00       0.34387D+00
       0.82600D+03       0.76641D-06       0.74692D-01       0.35759D+00       0.34407D+00
       0.82700D+03       0.76952D-06       0.39886D-01       0.35751D+00       0.34429D+00
       0.82800D+03       0.76950D-06       0.60018D-03       0.35758D+00       0.34385D+00
       0.82900D+03       0.76827D-06       0.57430D-01       0.35761D+00       0.34402D+00
       0.83000D+03       0.76885D-06       0.62054D-01       0.35753D+00       0.34423D+00
       0.83100D+03       0.76767D-06       0.15106D-02       0.35754D+00       0.34439D+00
       0.83200D+03       0.76744D-06       0.34587D-01       0.35761D+00       0.34394D+00
       0.83300D+03       0.76687D-06       0.77071D-01       0.35755D+00       0.34417D+00
       0.83400D+03       0.76761D-06       0.11288D-01       0.35752D+00       0.34436D+00
       0.83500D+03       0.76773D-06       0.15438D-01       0.35761D+00       0.34391D+00
       0.83600D+03       0.76647D-06       0.79110D-01       0.35757D+00       0.34411D+00
       0.83700D+03       0.76627D-06       0.28347D-01       0.35751D+00       0.34433D+00
       0.83800D+03       0.76735D-06       0.32694D-02       0.35759D+00       0.34388D+00
       0.83900D+03       0.76596D-06       0.67285D-01       0.35760D+00       0.34406D+00
       0.84000D+03       0.76666D-06       0.51304D-01       0.35752D+00       0.34427D+00
       0.84100D+03       0.76694D-06       0.44592D-04       0.35756D+00       0.34442D+00
       0.84200D+03       0.76609D-06       0.46431D-01       0.35761D+00       0.34398D+00
       0.84300D+03       0.76684D-06       0.70830D-01       0.35754D+00       0.34419D+00
       0.84400D+03       0.76802D-06       0.51523D-02       0.35753D+00       0.34436D+00
       0.84500D+03       0.76875D-06       0.24057D-01       0.35761D+00       0.34391D+00
       0.84600D+03       0.76808D-06       0.79949D-01       0.35756D+00       0.34413D+00
       0.84700D+03       0.76710D-06       0.18898D-01       0.35752D+00       0.34433D+00
       0.84800D+03       0.76786D-06       0.84324D-02       0.35760D+00       0.34388D+00
       0.84900D+03       0.76654D-06       0.74821D-01       0.35759D+00       0.34407D+00
       0.85000D+03       0.76931D-06       0.39632D-01       0.35752D+00       0.34429D+00
       0.85100D+03       0.76952D-06       0.63440D-03       0.35758D+00       0.34386D+00
       0.85200D+03       0.76828D-06       0.57658D-01       0.35760D+00       0.34402D+00
       0.85300D+03       0.76886D-06       0.61841D-01       0.35753D+00       0.34423D+00
       0.85400D+03       0.76768D-06       0.14576D-02       0.35755D+00       0.34439D+00
       0.85500D+03       0.76746D-06       0.34837D-01       0.35761D+00       0.34395D+00
       0.85600D+03       0.76690D-06       0.76972D-01       0.35755D+00       0.34417D+00
       0.85700D+03       0.76741D-06       0.11138D-01       0.35752D+00       0.34436D+00
       0.85800D+03       0.76747D-06       0.15606D-01       0.35761D+00       0.34392D+00
       0.85900D+03       0.76625D-06       0.79168D-01       0.35757D+00       0.34412D+00
       0.86000D+03       0.76599D-06       0.28121D-01       0.35752D+00       0.34432D+00
       0.86100D+03       0.76686D-06       0.33525D-02       0.35759D+00       0.34389D+00
       0.86200D+03       0.76553D-06       0.67473D-01       0.35760D+00       0.34406D+00
       0.86300D+03       0.76646D-06       0.51063D-01       0.35752D+00       0.34427D+00
       0.86400D+03       0.76697D-06       0.36058D-04       0.35756D+00       0.34441D+00
       0.86500D+03       0.76620D-06       0.46679D-01       0.35761D+00       0.34399D+00
       0.86600D+03       0.76711D-06       0.70664D-01       0.35754D+00       0.34419D+00
       0.86700D+03       0.76833D-06       0.50466D-02       0.35753D+00       0.34436D+00
       0.86800D+03       0.76890D-06       0.24261D-01       0.35761D+00       0.34392D+00
       0.86900D+03       0.76821D-06       0.79924D-01       0.35756D+00       0.34413D+00
       0.87000D+03       0.76716D-06       0.18718D-01       0.35752D+00       0.34432D+00
       0.87100D+03       0.76772D-06       0.85680D-02       0.35760D+00       0.34389D+00
       0.87200D+03       0.76643D-06       0.74948D-01       0.35758D+00       0.34408D+00
       0.87300D+03       0.76890D-06       0.39378D-01       0.35752D+00       0.34429D+00
       0.87400D+03       0.76909D-06       0.66955D-03       0.35758D+00       0.34386D+00
       0.87500D+03       0.76787D-06       0.57886D-01       0.35760D+00       0.34403D+00
       0.87600D+03       0.76820D-06       0.61628D-01       0.35753D+00       0.34423D+00
       0.87700D+03       0.76703D-06       0.14057D-02       0.35755D+00       0.34438D+00
       0.87800D+03       0.76681D-06       0.35088D-01       0.35761D+00       0.34396D+00
       0.87900D+03       0.76635D-06       0.76873D-01       0.35755D+00       0.34417D+00
       0.88000D+03       0.76703D-06       0.10988D-01       0.35753D+00       0.34435D+00
       0.88100D+03       0.76694D-06       0.15775D-01       0.35761D+00       0.34392D+00
       0.88200D+03       0.76575D-06       0.79225D-01       0.35757D+00       0.34412D+00
       0.88300D+03       0.76537D-06       0.27896D-01       0.35752D+00       0.34432D+00
       0.88400D+03       0.76609D-06       0.34369D-02       0.35759D+00       0.34390D+00
       0.88500D+03       0.76480D-06       0.67660D-01       0.35759D+00       0.34407D+00
       0.88600D+03       0.76581D-06       0.50821D-01       0.35752D+00       0.34427D+00
       0.88700D+03       0.76660D-06       0.28439D-04       0.35756D+00       0.34441D+00
       0.88800D+03       0.76579D-06       0.46926D-01       0.35761D+00       0.34399D+00
       0.88900D+03       0.76686D-06       0.70496D-01       0.35754D+00       0.34419D+00
       0.89000D+03       0.76808D-06       0.49421D-02       0.35753D+00       0.34435D+00
       0.89100D+03       0.76871D-06       0.24467D-01       0.35761D+00       0.34393D+00
       0.89200D+03       0.76804D-06       0.79896D-01       0.35756D+00       0.34413D+00
       0.89300D+03       0.76696D-06       0.18540D-01       0.35752D+00       0.34432D+00
       0.89400D+03       0.76739D-06       0.87045D-02       0.35760D+00       0.34390D+00
       0.89500D+03       0.76612D-06       0.75074D-01       0.35758D+00       0.34408D+00
       0.89600D+03       0.76839D-06       0.39124D-01       0.35752D+00       0.34429D+00
       0.89700D+03       0.76845D-06       0.70563D-03       0.35758D+00       0.34387D+00
       0.89800D+03       0.76728D-06       0.58113D-01       0.35760D+00       0.34403D+00
       0.89900D+03       0.76738D-06       0.61413D-01       0.35753D+00       0.34423D+00
       0.90000D+03       0.76625D-06       0.13547D-02       0.35755D+00       0.34438D+00
       0.90100D+03       0.76603D-06       0.35339D-01       0.35761D+00       0.34396D+00
       0.90200D+03       0.76567D-06       0.76771D-01       0.35755D+00       0.34417D+00
       0.90300D+03       0.76649D-06       0.10839D-01       0.35753D+00       0.34435D+00
       0.90400D+03       0.76638D-06       0.15944D-01       0.35761D+00       0.34393D+00
       0.90500D+03       0.76523D-06       0.79279D-01       0.35757D+00       0.34412D+00
       0.90600D+03       0.76477D-06       0.27672D-01       0.35752D+00       0.34432D+00
       0.90700D+03       0.76537D-06       0.35225D-02       0.35759D+00       0.34390D+00
       0.90800D+03       0.76410D-06       0.67847D-01       0.35759D+00       0.34407D+00
       0.90900D+03       0.76504D-06       0.50580D-01       0.35752D+00       0.34427D+00
       0.91000D+03       0.76596D-06       0.21731D-04       0.35756D+00       0.34440D+00
       0.91100D+03       0.76514D-06       0.47173D-01       0.35761D+00       0.34400D+00
       0.91200D+03       0.76614D-06       0.70327D-01       0.35754D+00       0.34419D+00
       0.91300D+03       0.76747D-06       0.48389D-02       0.35754D+00       0.34435D+00
       0.91400D+03       0.76819D-06       0.24674D-01       0.35761D+00       0.34394D+00
       0.91500D+03       0.76759D-06       0.79867D-01       0.35756D+00       0.34413D+00
       0.91600D+03       0.76660D-06       0.18362D-01       0.35752D+00       0.34432D+00
       0.91700D+03       0.76711D-06       0.88419D-02       0.35760D+00       0.34391D+00
       0.91800D+03       0.76589D-06       0.75199D-01       0.35758D+00       0.34408D+00
       0.91900D+03       0.76798D-06       0.38870D-01       0.35752D+00       0.34428D+00
       0.92000D+03       0.76793D-06       0.74264D-03       0.35758D+00       0.34388D+00
       0.92100D+03       0.76680D-06       0.58339D-01       0.35760D+00       0.34404D+00
       0.92200D+03       0.76681D-06       0.61198D-01       0.35753D+00       0.34423D+00
       0.92300D+03       0.76575D-06       0.13048D-02       0.35755D+00       0.34437D+00
       0.92400D+03       0.76558D-06       0.35591D-01       0.35761D+00       0.34397D+00
       0.92500D+03       0.76531D-06       0.76668D-01       0.35755D+00       0.34417D+00
       0.92600D+03       0.76622D-06       0.10691D-01       0.35753D+00       0.34435D+00
       0.92700D+03       0.76620D-06       0.16114D-01       0.35760D+00       0.34394D+00
       0.92800D+03       0.76509D-06       0.79333D-01       0.35757D+00       0.34412D+00
       0.92900D+03       0.76474D-06       0.27450D-01       0.35752D+00       0.34431D+00
       0.93000D+03       0.76530D-06       0.36092D-02       0.35759D+00       0.34391D+00
       0.93100D+03       0.76407D-06       0.68032D-01       0.35759D+00       0.34407D+00
       0.93200D+03       0.76497D-06       0.50338D-01       0.35752D+00       0.34426D+00
       0.93300D+03       0.76577D-06       0.15930D-04       0.35756D+00       0.34440D+00
       0.93400D+03       0.76493D-06       0.47420D-01       0.35761D+00       0.34400D+00
       0.93500D+03       0.76573D-06       0.70157D-01       0.35754D+00       0.34420D+00
       0.93600D+03       0.76698D-06       0.47367D-02       0.35754D+00       0.34434D+00
       0.93700D+03       0.76778D-06       0.24881D-01       0.35761D+00       0.34394D+00
       0.93800D+03       0.76725D-06       0.79836D-01       0.35756D+00       0.34413D+00
       0.93900D+03       0.76635D-06       0.18184D-01       0.35752D+00       0.34432D+00
       0.94000D+03       0.76708D-06       0.89801D-02       0.35760D+00       0.34391D+00
       0.94100D+03       0.76590D-06       0.75321D-01       0.35758D+00       0.34409D+00
       0.94200D+03       0.76775D-06       0.38616D-01       0.35752D+00       0.34428D+00
       0.94300D+03       0.76763D-06       0.78057D-03       0.35758D+00       0.34389D+00
       0.94400D+03       0.76652D-06       0.58565D-01       0.35760D+00       0.34404D+00
       0.94500D+03       0.76654D-06       0.60982D-01       0.35753D+00       0.34423D+00
       0.94600D+03       0.76565D-06       0.12557D-02       0.35755D+00       0.34437D+00
       0.94700D+03       0.76553D-06       0.35843D-01       0.35761D+00       0.34398D+00
       0.94800D+03       0.76522D-06       0.76564D-01       0.35755D+00       0.34417D+00
       0.94900D+03       0.76633D-06       0.10544D-01       0.35753D+00       0.34434D+00
       0.95000D+03       0.76639D-06       0.16284D-01       0.35760D+00       0.34394D+00
       0.95100D+03       0.76533D-06       0.79384D-01       0.35757D+00       0.34412D+00
       0.95200D+03       0.76513D-06       0.27228D-01       0.35752D+00       0.34431D+00
       0.95300D+03       0.76585D-06       0.36972D-02       0.35759D+00       0.34392D+00
       0.95400D+03       0.76464D-06       0.68216D-01       0.35759D+00       0.34408D+00
       0.95500D+03       0.76550D-06       0.50095D-01       0.35752D+00       0.34426D+00
       0.95600D+03       0.76606D-06       0.11033D-04       0.35756D+00       0.34439D+00
       0.95700D+03       0.76524D-06       0.47666D-01       0.35760D+00       0.34401D+00
       0.95800D+03       0.76585D-06       0.69985D-01       0.35754D+00       0.34420D+00
       0.95900D+03       0.76673D-06       0.46358D-02       0.35754D+00       0.34434D+00
       0.96000D+03       0.76769D-06       0.25090D-01       0.35761D+00       0.34395D+00
       0.96100D+03       0.76718D-06       0.79804D-01       0.35756D+00       0.34414D+00
       0.96200D+03       0.76631D-06       0.18008D-01       0.35752D+00       0.34431D+00
       0.96300D+03       0.76713D-06       0.91191D-02       0.35760D+00       0.34392D+00
       0.96400D+03       0.76597D-06       0.75443D-01       0.35758D+00       0.34409D+00
       0.96500D+03       0.76797D-06       0.38362D-01       0.35752D+00       0.34428D+00
       0.96600D+03       0.76786D-06       0.81942D-03       0.35758D+00       0.34390D+00
       0.96700D+03       0.76677D-06       0.58790D-01       0.35760D+00       0.34404D+00
       0.96800D+03       0.76686D-06       0.60765D-01       0.35753D+00       0.34423D+00
       0.96900D+03       0.76601D-06       0.12077D-02       0.35755D+00       0.34436D+00
       0.97000D+03       0.76573D-06       0.36096D-01       0.35761D+00       0.34398D+00
       0.97100D+03       0.76538D-06       0.76458D-01       0.35755D+00       0.34417D+00
       0.97200D+03       0.76671D-06       0.10397D-01       0.35753D+00       0.34434D+00
       0.97300D+03       0.76683D-06       0.16455D-01       0.35760D+00       0.34395D+00
       0.97400D+03       0.76585D-06       0.79434D-01       0.35757D+00       0.34413D+00
       0.97500D+03       0.76558D-06       0.27008D-01       0.35752D+00       0.34431D+00
       0.97600D+03       0.76656D-06       0.37863D-02       0.35759D+00       0.34393D+00
       0.97700D+03       0.76538D-06       0.68399D-01       0.35759D+00       0.34408D+00
       0.97800D+03       0.76614D-06       0.49853D-01       0.35752D+00       0.34426D+00
       0.97900D+03       0.76654D-06       0.70353D-05       0.35756D+00       0.34439D+00
       0.98000D+03       0.76575D-06       0.47912D-01       0.35760D+00       0.34401D+00
       0.98100D+03       0.76636D-06       0.69812D-01       0.35754D+00       0.34420D+00
       0.98200D+03       0.76691D-06       0.45361D-02       0.35754D+00       0.34434D+00
       0.98300D+03       0.76788D-06       0.25300D-01       0.35761D+00       0.34396D+00
       0.98400D+03       0.76735D-06       0.79769D-01       0.35756D+00       0.34414D+00
       0.98500D+03       0.76655D-06       0.17832D-01       0.35752D+00       0.34431D+00
       0.98600D+03       0.76725D-06       0.92589D-02       0.35760D+00       0.34393D+00
       0.98700D+03       0.76612D-06       0.75562D-01       0.35758D+00       0.34409D+00
       0.98800D+03       0.76836D-06       0.38108D-01       0.35752D+00       0.34428D+00
       0.98900D+03       0.76828D-06       0.85919D-03       0.35758D+00       0.34390D+00
       0.99000D+03       0.76724D-06       0.59014D-01       0.35760D+00       0.34405D+00
       0.99100D+03       0.76739D-06       0.60547D-01       0.35753D+00       0.34423D+00
       0.99200D+03       0.76654D-06       0.11605D-02       0.35755D+00       0.34436D+00
       0.99300D+03       0.76617D-06       0.36349D-01       0.35761D+00       0.34399D+00
       0.99400D+03       0.76580D-06       0.76351D-01       0.35755D+00       0.34418D+00
       0.99500D+03       0.76691D-06       0.10251D-01       0.35753D+00       0.34434D+00
       0.99600D+03       0.76718D-06       0.16626D-01       0.35760D+00       0.34396D+00
       0.99700D+03       0.76624D-06       0.79482D-01       0.35757D+00       0.34413D+00
       0.99800D+03       0.76582D-06       0.26789D-01       0.35752D+00       0.34431D+00
       0.99900D+03       0.76704D-06       0.38766D-02       0.35759D+00       0.34393D+00
       0.10000D+04       0.76586D-06       0.68581D-01       0.35759D+00       0.34408D+00
       0.10010D+04       0.76679D-06       0.49609D-01       0.35753D+00       0.34426D+00
       0.10020D+04       0.76715D-06       0.39352D-05       0.35756D+00       0.34438D+00
       0.10030D+04       0.76637D-06       0.48158D-01       0.35760D+00       0.34402D+00
       0.10040D+04       0.76707D-06       0.69638D-01       0.35754D+00       0.34420D+00
       0.10050D+04       0.76761D-06       0.44375D-02       0.35754D+00       0.34433D+00
       0.10060D+04       0.76825D-06       0.25512D-01       0.35760D+00       0.34396D+00
       0.10070D+04       0.76769D-06       0.79733D-01       0.35756D+00       0.34414D+00
       0.10080D+04       0.76697D-06       0.17656D-01       0.35753D+00       0.34431D+00
       0.10090D+04       0.76741D-06       0.93996D-02       0.35760D+00       0.34393D+00
       0.10100D+04       0.76631D-06       0.75681D-01       0.35758D+00       0.34409D+00
       0.10110D+04       0.76855D-06       0.37854D-01       0.35752D+00       0.34428D+00
       0.10120D+04       0.76862D-06       0.89988D-03       0.35758D+00       0.34391D+00
       0.10130D+04       0.76757D-06       0.59237D-01       0.35760D+00       0.34405D+00
       0.10140D+04       0.76778D-06       0.60329D-01       0.35753D+00       0.34423D+00
       0.10150D+04       0.76690D-06       0.11143D-02       0.35755D+00       0.34436D+00
       0.10160D+04       0.76662D-06       0.36602D-01       0.35760D+00       0.34399D+00
       0.10170D+04       0.76623D-06       0.76242D-01       0.35755D+00       0.34418D+00
       0.10180D+04       0.76705D-06       0.10106D-01       0.35753D+00       0.34433D+00
       0.10190D+04       0.76740D-06       0.16798D-01       0.35760D+00       0.34396D+00
       0.10200D+04       0.76649D-06       0.79529D-01       0.35757D+00       0.34413D+00
       0.10210D+04       0.76604D-06       0.26571D-01       0.35752D+00       0.34431D+00
       0.10220D+04       0.76711D-06       0.39682D-02       0.35759D+00       0.34394D+00
       0.10230D+04       0.76598D-06       0.68762D-01       0.35759D+00       0.34409D+00
       0.10240D+04       0.76714D-06       0.49366D-01       0.35753D+00       0.34426D+00
       0.10250D+04       0.76757D-06       0.17303D-05       0.35756D+00       0.34438D+00
       0.10260D+04       0.76685D-06       0.48403D-01       0.35760D+00       0.34402D+00
       0.10270D+04       0.76770D-06       0.69463D-01       0.35754D+00       0.34420D+00
       0.10280D+04       0.76831D-06       0.43401D-02       0.35754D+00       0.34433D+00
       0.10290D+04       0.76870D-06       0.25724D-01       0.35760D+00       0.34397D+00
       0.10300D+04       0.76813D-06       0.79695D-01       0.35756D+00       0.34414D+00
       0.10310D+04       0.76741D-06       0.17481D-01       0.35753D+00       0.34431D+00
       0.10320D+04       0.76770D-06       0.95410D-02       0.35760D+00       0.34394D+00
       0.10330D+04       0.76662D-06       0.75797D-01       0.35758D+00       0.34410D+00
       0.10340D+04       0.76849D-06       0.37600D-01       0.35752D+00       0.34428D+00
       0.10350D+04       0.76870D-06       0.94149D-03       0.35758D+00       0.34392D+00
       0.10360D+04       0.76766D-06       0.59460D-01       0.35760D+00       0.34406D+00
       0.10370D+04       0.76775D-06       0.60109D-01       0.35753D+00       0.34423D+00
       0.10380D+04       0.76687D-06       0.10691D-02       0.35755D+00       0.34435D+00
       0.10390D+04       0.76659D-06       0.36855D-01       0.35760D+00       0.34400D+00
       0.10400D+04       0.76624D-06       0.76131D-01       0.35755D+00       0.34418D+00
       0.10410D+04       0.76706D-06       0.99612D-02       0.35753D+00       0.34433D+00
       0.10420D+04       0.76724D-06       0.16971D-01       0.35760D+00       0.34397D+00
       0.10430D+04       0.76635D-06       0.79573D-01       0.35757D+00       0.34413D+00
       0.10440D+04       0.76585D-06       0.26354D-01       0.35752D+00       0.34430D+00
       0.10450D+04       0.76674D-06       0.40609D-02       0.35759D+00       0.34394D+00
       0.10460D+04       0.76566D-06       0.68942D-01       0.35759D+00       0.34409D+00
       0.10470D+04       0.76702D-06       0.49122D-01       0.35753D+00       0.34426D+00
       0.10480D+04       0.76763D-06       0.41903D-06       0.35756D+00       0.34438D+00
       0.10490D+04       0.76693D-06       0.48648D-01       0.35760D+00       0.34403D+00
       0.10500D+04       0.76797D-06       0.69287D-01       0.35754D+00       0.34420D+00
       0.10510D+04       0.76855D-06       0.42439D-02       0.35754D+00       0.34433D+00
       0.10520D+04       0.76902D-06       0.25937D-01       0.35760D+00       0.34397D+00
       0.10530D+04       0.76844D-06       0.79655D-01       0.35756D+00       0.34414D+00
       0.10540D+04       0.76762D-06       0.17307D-01       0.35753D+00       0.34430D+00
       0.10550D+04       0.76781D-06       0.96833D-02       0.35759D+00       0.34395D+00
       0.10560D+04       0.76677D-06       0.75912D-01       0.35758D+00       0.34410D+00
       0.10570D+04       0.76844D-06       0.37346D-01       0.35752D+00       0.34427D+00
       0.10580D+04       0.76856D-06       0.98402D-03       0.35758D+00       0.34392D+00
