  0.27804551831779389        7.8935470762503152E-002
   5.5511151231257827E-017  -1.3669620990697240E-014
  -5.9117155615240335E-010   4.1083580981648993E-011
 
   13002158.726376403        10.016008225740789     
   163956.28411320981        3551.0316274366310     
 
   7.6913041115771681E-008  -2.1694023971236962E-010
  -3.5511867378921239E-006   2.8161832212051280E-004
 
  -355.15948939967598        300.33721192650614     
 
 
  0.20074544321689994       -1.8200825238071754E-002
  -5.5511151231257827E-017  -3.0739299994309022E-015
   6.7029759520664811E-010   6.3149485640678904E-012
 
   13110643.082514783       -5.1127322234596155     
  -95968.498793028935        3652.1372122427406     
 
   7.6274690809592516E-008   1.0677913968548426E-010
   2.0042969766746296E-006   2.7381508123010576E-004
 
   3138.6263101182553       -2605.0625869661262     
 
 
  0.20541798140927336        6.4127619376665099E-002
  -2.7755575615628914E-017   7.2580830234869609E-015
   2.0008883439004421E-010  -2.2360335805160503E-011
 
   13015461.148196595        6.3404628726134442     
   215720.95234883859        3538.3385313177346     
 
   7.6833981474191751E-008  -1.3768128814705431E-010
  -4.6843170911046150E-006   2.8262691426706772E-004
 
   235.89423967899518       -186.49884509232010     
 
 
