  -1.1896814566919080E-004   512.45216324835883     
  -1.0118968145669191E-002   0.0000000000000000     
   119466.48092191566        10583.880681171810     
 
   11806192.015047111        1.9747707002452868     
   1045944.6584681325        3403.6126516200625     
 
   8.4705669941869014E-008  -4.9146096300420988E-011
  -2.6030413001165585E-005   2.9382056845419889E-004
 
  -1220.2379530300518        1468.9221103052464     
 
 
  -5.4982198764656071E-006   164.51830313146371     
  -1.0005498219876466E-002   0.0000000000000000     
   115925.72632764123       -18171.810151486468     
 
   11586202.283995060        2.2072065350357658E-002
  -1816182.4381105993        3418.9418493293679     
 
   8.6309470827017525E-008  -5.5719821055815662E-013
   4.5848614005937510E-005   2.9248786089255870E-004
 
  -449.92197923265121        541.59821046894695     
 
 
