  -2.3531633733617913E-005  -316.63081979184477     
  -1.0023531633733618E-002   0.0000000000000000     
   212702.05144556751       -4.6811685875773037     
 
   21220270.381522119      -0.49569810093051792     
  -467.01788935602434        4596.2447498833144     
 
   4.7124753096657362E-008   5.0823339243249892E-012
   4.7882791115906988E-009   2.1756891914838258E-004
 
   184.09896694772544        455.57379074233990     
 
 
  -3.2946681698549016E-005  -141.89925742179312     
  -1.0032946681698549E-002   0.0000000000000000     
   212724.29471156601        60.002233883064036     
 
   21202574.025396135      -0.22023171964191413     
   5980.5195608652875        4604.5918380384819     
 
   4.7164084196162817E-008   2.2557976327130335E-012
  -6.1257487748492122E-008   2.1717451224409715E-004
 
   63.918579657416167        159.85292471486085     
 
 
  -2.8247940917438055E-005   76.873786296922361     
  -1.0028247940917438E-002   0.0000000000000000     
   212525.59583556771       -189.85247176117264     
 
   21192694.585104637       0.16315310201815730     
  -18931.768827386470        4592.2657140258498     
 
   4.7186069909454030E-008  -1.6764172975139221E-012
   1.9452614962376545E-007   2.1775742749558725E-004
 
   1069.0833981585406        2638.4918724230574     
 
 
  -1.2530909771393817E-005  -165.56759425936568     
  -1.0012530909771394E-002   0.0000000000000000     
   212390.12251042158        91.734291005628620     
 
   21212431.144971207      -0.25114330014810055     
   9161.9483457522947        4605.6099325231680     
 
   4.7142167232672410E-008   2.5706561407515461E-012
  -9.3780000351861811E-008   2.1712650248257879E-004
 
   95.520219530368450        250.96524928580180     
 
 
  -2.2566197757112674E-005  -317.08786734656400     
  -1.0022566197757113E-002   0.0000000000000000     
   212439.06886996512        47.078824937860190     
 
   21196075.404072214      -0.55002204934226528     
   4697.2825131806485        4585.3227101517614     
 
   4.7178543874449371E-008   5.6591958793560624E-012
  -4.8330502158144133E-008   2.1808715255813716E-004
 
   385.01104406833855        949.06945842798496     
 
 
  -3.1855860513355788E-005  -154.47051621856161     
  -1.0031855860513356E-002   0.0000000000000000     
   212508.43687840574       -33.902132164963859     
 
   21183362.264490426      -0.18789598198956636     
  -3379.4476950553490        4609.8900871345040     
 
   4.7206859516289185E-008   1.9241194600737688E-012
   3.4606706356916754E-008   2.1692491308920956E-004
 
   1043.7981665486109        2537.7737374072999     
 
 
  -4.0301242548571037E-005  -257.23738476225094     
  -1.0040301242548571E-002   0.0000000000000000     
   212684.30837286185       -35.805801288774092     
 
   21183060.471487939      -0.40955727305577849     
  -3566.2078680575974        4579.0564321008196     
 
   4.7207532471694230E-008   4.2223083627578036E-012
   3.6765625457667164E-008   2.1838560626754287E-004
 
   756.09741303648502        1835.2556844429198     
 
 
  -4.1452272741914972E-005  -497.94612597282622     
  -1.0041452272741915E-002   0.0000000000000000     
   212991.72976572695        398.83233977336749     
 
   21211247.534771930      -0.87147745378378405     
   39718.591389009278        4603.2907924480014     
 
   4.7144782213376149E-008   8.9252703370179676E-012
  -4.0677950303050980E-007   2.1723581902351226E-004
 
   830.65755371136584        2019.9567363947374     
 
 
  -3.0832777063180897E-005  -258.68944513463390     
  -1.0030832777063181E-002   0.0000000000000000     
   212460.28770181481       -109.04501631960238     
 
   21180722.720015153      -0.42350261567580449     
  -10870.983371279797        4576.6231916054230     
 
   4.7212744376709067E-008   4.3688807008285767E-012
   1.1214577594526559E-007   2.1850172182150783E-004
 
   756.22326138734070        1769.3709342132547     
 
 
  -2.2309343991116712E-005   343.14390612498221     
  -1.0022309343991117E-002   0.0000000000000000     
   212751.16417597557        117.13002228468252     
 
   21227758.680541094       0.85282624174720212     
   11686.929455533023        4598.7346525656831     
 
   4.7108134077997451E-008  -8.7361102513378925E-012
  -1.1971759219553797E-007   2.1745114203107881E-004
 
   39.338370702676542        113.09836071972727     
 
 
  -4.5339087205662973E-005  -256.67940504985006     
  -1.0045339087205663E-002   0.0000000000000000     
   213146.13099819244        222.69791597237418     
 
   21218410.762227818      -0.39063223459212587     
   22169.278113863122        4605.8599098682098     
 
   4.7128878905834523E-008   3.9970949271304747E-012
  -2.2684433397973641E-007   2.1711470408484581E-004
 
   39.298329781671342        112.85185765674278     
 
 
  -2.2106573803340815E-005   253.27237688256432     
  -1.0022106573803341E-002   0.0000000000000000     
   212554.05716632216        390.34415502757111     
 
   21208520.943282977       0.63260361288635492     
   38948.314124679484        4606.6221265655495     
 
   4.7150871805913744E-008  -6.4749855828527490E-012
  -3.9865370240783744E-007   2.1707885403123329E-004
 
   39.381219645708697        113.31938560576474     
 
 
  -3.4516568791876506E-005  -195.87710961262434     
  -1.0034516568791877E-002   0.0000000000000000     
   212884.08008325312        132.59247054598382     
 
   21215180.484662220      -0.30019956666832603     
   13213.638109716030        4605.8122033585369     
 
   4.7136057132642019E-008   3.0722537743406721E-012
  -1.3522887459793945E-007   2.1711696336102355E-004
 
   39.011641014878940        112.78384652559181     
 
 
  -3.5855885689387718E-005  -110.55126200326276     
  -1.0035855885689388E-002   0.0000000000000000     
   212722.35960821871        275.43916455796352     
 
   21196234.982962426      -0.14099701268492737     
   27445.508155487089        4595.7094205053027     
 
   4.7178188063977174E-008   1.4474334585272985E-012
  -2.8174743587870738E-007   2.1759425341659269E-004
 
   780.67772465711676        1904.0096522094912     
 
 
  -2.8155227034195457E-005   361.05696033195716     
  -1.0028155227034196E-002   0.0000000000000000     
   212879.58232811783       -5.8906204044724291     
 
   21228189.782526579       0.86548481162096635     
  -587.40817938501425        4590.9992422981541     
 
   4.7107172350919101E-008  -8.8805377732370911E-012
   6.0272583126757186E-009   2.1781750377351867E-004
 
   610.88148297769476        1510.9527098396593     
 
 
  -2.0313524111581494E-005   8.5856020270492195     
  -1.0020313524111582E-002   0.0000000000000000     
   212288.07529838412        364.55920850517396     
 
   21185771.761288874       0.11303544616762609     
   36382.016154279707        4600.5233620546041     
 
   4.7201492277998845E-008  -1.1597466895676271E-012
  -3.7328045516050139E-007   2.1736658277664314E-004
 
   611.60773582529259        1511.6838111954689     
 
 
  -1.8353773464745843E-005  -155.99731779436163     
  -1.0018353773464746E-002   0.0000000000000000     
   212357.60173846537        52.415336469717658     
 
   21196855.944629278      -0.23304840329211737     
   5231.9310791934113        4608.1386557875012     
 
   4.7176807264692390E-008   2.3858829837179974E-012
  -5.3563015912133116E-008   2.1700735637832737E-004
 
   629.28883143765518        1545.1508028444380     
 
 
