  -5.2650569762493701E-005  -847.49081410818292     
  -1.0052650569762494E-002   0.0000000000000000     
   117964.60814264409        3310.7027017503769     
 
   11734677.070888296       -1.4250556051177545     
   329336.29581324919        3436.4269450697720     
 
   8.5216521570904347E-008   3.5338531461430390E-011
  -8.1668820565256227E-006   2.9099654313141394E-004
 
  -26.122386210868427        29.137304970012543     
 
 
   2.6184906850486088E-005  -470.96433095641032     
   2.4556437905343341E-005  0.26849698181001713     
   24.741448393171694        78.607136607548455     
 
  -1007752.5484159756        1.9979688116265382E-002
  -40215890.846228302        3385.3337331332996     
 
  -9.9254085618281089E-007   5.8578144172596200E-012
  -1.1790835964561071E-002   2.9546143927719433E-004
 
  -285.39788378505284        336.52107954108800     
 
 
   2.6653308414543528E-006   583.07495093335433     
  -3.3843301165241957E-005 -0.29002801575427384     
   365.00747828846050        937.35521310915647     
 
   10785387.163264329       -1.9403855224688685E-002
  -1315693.9807608314        3385.4751520735199     
 
   9.2718108681736590E-008   5.3141396015429927E-013
   3.6032950182893640E-005   2.9537971902280041E-004
 
  -1019.6600927997650        1234.2971478895759     
 
 
   7.4317560310460315E-005   552.40838340482901     
  -9.9256824396895399E-003  0.81123717565947118     
   115342.54752308539       -4563.7039012072055     
 
   11620538.136591563      -0.95681139768993417     
  -183242.26076781590        3383.5966763524607     
 
   8.6054918228819140E-008   2.4334557119074451E-011
   4.6603952169137740E-006   2.9554481658767694E-004
 
  -1019.3213014446828        1234.3100184054001     
 
 
   9.5228183344998191E-005  -204.03882918102647     
  -9.9047718166550020E-003  0.93108766036147017     
   114978.67692231121       -6479.4359163967893     
 
   11608462.646372493       0.53349667548877067     
  -331516.42488723045        3432.3743192717488     
 
   8.6143668775417271E-008  -1.3389379080263532E-011
   8.3202000838752560E-006   2.9134222208406635E-004
 
  -949.94696202687112        1149.5267147477084     
 
 
   1.2424553467837475E-004   583.89113398878874     
  -9.8757544653216255E-003   1.3916780924582781     
   114259.53250557161       -9527.1972634927370     
 
   11569457.377447136       -1.7332664162119165     
  -479666.44477839046        3441.9807680856084     
 
   8.6436281801172182E-008   4.3526421116968534E-011
   1.2045559456885423E-005   2.9053645140494834E-004
 
  -1164.8497636024433        1409.3308765569609     
 
 
   1.7679096754626105E-006   5.1112242387838416     
  -1.0130225197888010E-005  -9.6007431903526452E-002
   73.747723582813364        202.79223968248698     
 
   7279968.6566775367        1.7260160207161455E-005
  -12383312.070582520        3418.8809464567717     
 
   1.3736322758686941E-007  -6.9347583371666958E-016
   4.9753464389964573E-004   2.9249336466332445E-004
 
  -492.17594714449888        587.74604498238261     
 
 
   1.0740083147873711E-004   46.157489392817141     
  -9.8925991685212631E-003   1.1854678777339984     
   114680.72711235017       -7442.1860245423450     
 
   11592573.174330188       -3.9956333148729740E-002
  -342560.74775181891        3419.2152586307252     
 
   8.6262155112433355E-008   1.0080439946270236E-012
   8.6423422109529017E-006   2.9246486976569277E-004
 
  -492.33919821628871        587.74615146182634     
 
 
