  -1.3378101232035602E-004  -51.160462606122870     
  -1.0133781012320356E-002   0.0000000000000000     
   110748.26412174333        8545.3067427041133     
 
   10928622.198081722      -0.17731581914737252     
   843249.59581374098        3285.7832990609618     
 
   9.1502461884209421E-008   4.9378892356159617E-012
  -2.3482806678661095E-005   3.0434016644149508E-004
 
  -777.78517947093519        617.44619076170511     
 
 
  -1.1820184571377686E-004   208.18357680482762     
  -1.0118201845713777E-002   0.0000000000000000     
   110293.09291062498        5602.6677018949131     
 
   10900463.797067540       0.24945482152136172     
   553721.67775722896        3309.6101623226155     
 
   9.1739566996611740E-008  -6.9146745958522974E-012
  -1.5348691979612624E-005   3.0215154648408397E-004
 
  -401.87997880969459        314.57155144463081     
 
 
  -1.2518230719537130E-004  -274.43671392338155     
  -1.0125182307195372E-002   0.0000000000000000     
   110621.51418415247        5515.6989363863504     
 
   10925384.929172117      -0.49657983210146917     
   544750.58019120630        3307.2182386798390     
 
   9.1529270583596078E-008   1.3743148029116839E-011
  -1.5076302698062958E-005   3.0236665416168910E-004
 
  -1380.2783272240526        1105.6399096375153     
 
 
   1.0259444389333280E-004   256.84145288245486     
  -9.8974055561066674E-003   1.9554402382253784     
   105801.86905179230       -8252.3119988821563     
 
   10689772.020646458      -0.43982992454454478     
  -188230.51433099198        3267.4576985857493     
 
   9.3547586266233393E-008   1.2592367401301167E-011
   5.3890553150657243E-006   3.0604906398654303E-004
 
  -419.78031439472454        345.00716669883445     
 
 
  -8.2942718914178967E-005  -244.22103102614486     
  -1.0082942718914179E-002   0.0000000000000000     
   110521.16881600590        7773.9312728607783     
 
   10961201.694489822      -0.44988339925317566     
   770998.25810554018        3296.6488129958111     
 
   9.1229997316057843E-008   1.2449873685243629E-011
  -2.1336263887245630E-005   3.0333543482914682E-004
 
  -1851.4863454221197        1528.2749342225084     
 
 
  -5.1923355476003394E-005   390.89483408868239     
  -1.0051923355476004E-002   0.0000000000000000     
   110039.87389437493        4676.0007994525295     
 
   10947146.133424139       0.37859245706516165     
   465184.68496928108        3285.5627509123460     
 
   9.1348455967090631E-008  -1.0526000875827501E-011
  -1.2933523397074502E-005   3.0436335335756921E-004
 
  -1053.8965013008446        876.43762539003239     
 
 
  -6.0542495799653304E-005   208.02702805602155     
  -1.0060542495799654E-002   0.0000000000000000     
   109995.49937086992        3598.6092267787390     
 
   10933356.667077724       0.16923055997095629     
   357695.34578092786        3289.2251770530179     
 
   9.1463373389236845E-008  -4.7057884645529474E-012
  -9.9464223972847970E-006   3.0402347951580006E-004
 
  -1060.3731784120753        881.18922521997843     
 
 
  -7.0044917538257187E-005   186.02529995791625     
  -1.0070044917538257E-002   0.0000000000000000     
   110023.65316623192        4746.2056915073272     
 
   10925835.392711289       0.19060403659261105     
   471319.21757779055        3292.5379468161404     
 
   9.1526410687284294E-008  -5.2984365293948883E-012
  -1.3101794715699065E-005   3.0371783511924422E-004
 
  -1455.8080078818207        1189.1574930685144     
 
 
  -8.1437729630651212E-005   485.98114099194044     
  -1.0081437729630651E-002   0.0000000000000000     
   110295.56513515954        4390.8152467422369     
 
   10940459.892043632       0.48418096278396217     
   435534.62953373994        3285.2534546083671     
 
   9.1404372122856903E-008  -1.3471184950746568E-011
  -1.2117716304186424E-005   3.0439230366375398E-004
 
  -1242.4668812586960        1030.3813704483500     
 
 
  -9.0133005488013743E-005   73.267047810217349     
  -1.0090133005488014E-002   0.0000000000000000     
   110140.86076089901        2384.2431978714339     
 
   10915699.594940275       -6.2229458578273042E-002
   236294.52620442657        3292.7045282664803     
 
   9.1611131488882917E-008   1.7313764607046415E-012
  -6.5742943906399284E-006   3.0370158703905698E-004
 
  -1262.4267050459343        1041.7781924496821     
 
 
  -8.0074639889926927E-005  -335.30727028701710     
  -1.0080074639889927E-002   0.0000000000000000     
   110386.68528263023        6072.3874813633520     
 
   10950978.958607756      -0.47805574773553206     
   602414.93225982692        3284.0818782651777     
 
   9.1315305796133125E-008   1.3292545195349813E-011
  -1.6750405682492269E-005   3.0449666891391094E-004
 
  -714.84612671154855        585.94350827004405     
 
 
  -1.4725106730937784E-004   457.70696292493318     
  -1.0147251067309378E-002   0.0000000000000000     
   110834.93039888664        8722.3276083032561     
 
   10922655.767920738       0.45293554630844829     
   859575.42101262440        3306.0216816205339     
 
   9.1553812831263861E-008  -1.2543165237507848E-011
  -2.3804262279117612E-005   3.0248161630517747E-004
 
  -734.04001684555067        595.45603820655515     
 
 
  -1.1661312149795558E-004  -345.89806181893005     
  -1.0116613121497956E-002   0.0000000000000000     
   110637.45834342860        9015.1988523749442     
 
   10936215.214983592      -0.51556406806223720     
   891128.16157983011        3274.2816521992245     
 
   9.1438139257572756E-008   1.4397728741512425E-011
  -2.4885794684202517E-005   3.0540658257263785E-004
 
  -275.10473404959663        199.61355429373100     
 
 
  -1.4607645615003287E-004  -467.87150842705603     
  -1.0146076456150033E-002   0.0000000000000000     
   111160.97160235938        8487.7333266593832     
 
   10956054.991580442      -0.80152202289701835     
   836553.25911865162        3311.7861178583148     
 
   9.1272042857560738E-008   2.2089757557304075E-011
  -2.3055210149949741E-005   3.0194628673303221E-004
 
  -293.06244711364951        208.75547937213241     
 
 
  -8.4939886381448296E-005  -259.95109030433298     
  -1.0084939886381449E-002   0.0000000000000000     
   110437.46974136737        4468.5468708995504     
 
   10950731.584478799      -0.37236387350403938     
   443091.07652032253        3292.5632133304898     
 
   9.1317681958988579E-008   1.0327335747417233E-011
  -1.2288921239456039E-005   3.0371335620863355E-004
 
  -381.58154586543418        298.38431528819643     
 
 
  -1.0851523025551431E-004  -137.84317615999453     
  -1.0108515230255515E-002   0.0000000000000000     
   110647.74081919232        6170.2760453676528     
 
   10945993.382689442      -0.35177884444380203     
   610403.79371439328        3286.7675500224914     
 
   9.1357083510614157E-008   9.7778406230461451E-012
  -1.6966429633023463E-005   3.0424848010993246E-004
 
  -388.47715909448362        300.07114044614582     
 
 
  -7.7895262293419323E-005   200.68882111668609     
  -1.0077895262293420E-002   0.0000000000000000     
   109516.51623553660        3443.7869424112869     
 
   10867002.820052529        8.2406816780545789E-002
   341716.88162867579        3272.1586930740978     
 
   9.2021766119622082E-008  -2.3174978757884499E-012
  -9.6099834726593157E-006   3.0560889178289690E-004
 
  -399.42835185328460        319.95183457513605     
 
 
  -1.0315002129342513E-004  -691.94085882912373     
  -1.0103150021293425E-002   0.0000000000000000     
   110629.18792248517        9944.0275082140815     
 
   10949969.830134442      -0.92613850412180765     
   984250.20783179975        3260.6622238955201     
 
   9.1322121016256168E-008   2.5938575278178288E-011
  -2.7566123203803211E-005   3.0667833749342487E-004
 
  -1663.7198534733361        1393.4191131342500     
 
 
  -7.9994893068136702E-005   368.32223075464123     
  -1.0079994893068137E-002   0.0000000000000000     
   110358.48461594559        4548.9911629431735     
 
   10948267.909524189       0.35727988458750032     
   451289.03448864707        3286.2159328670514     
 
   9.1339058357713244E-008  -9.9304515877943625E-012
  -1.2543398333959152E-005   3.0430273053647376E-004
 
  -595.22663611281371        475.88874180248223     
 
 
