  -2.3851379279050955E-005   445.65670210527981     
  -1.0023851379279051E-002   0.0000000000000000     
   109184.68884178773        9800.7581944067060     
 
   10892488.796022099       0.26490524845449459     
   977743.76570133131        3340.6925008616804     
 
   9.1807036635897208E-008  -7.2799773830217007E-012
  -2.6869805495450132E-005   2.9934126463137932E-004
 
  -1330.4322527947577        1541.0344346905015     
 
 
  -1.0400916918156845E-004   798.62602162712267     
  -1.0104009169181569E-002   0.0000000000000000     
   110286.29786918772       -15747.699796290850     
 
   10915102.710473983        1.3243030058885428     
  -1558559.5314306575        3349.3513704436878     
 
   9.1611006523316484E-008  -3.6222157036701593E-011
   4.2629509898794785E-005   2.9854841580250185E-004
 
  -298.75732155357355        348.25673902382215     
 
 
  -7.0242100742998886E-005  -134.33935174547744     
  -1.0070242100742999E-002   0.0000000000000000     
   110364.22247180471        6055.2270684549294     
 
   10959440.832476296      -0.31274965090942486     
   601299.05595895613        3259.6910692822953     
 
   9.1245050840912833E-008   8.7544669697767808E-012
  -1.6831522302402695E-005   3.0677592283843335E-004
 
  -1167.6702182416961        1351.1305408570586     
 
 
  -1.1705642806202586E-004   675.36488835747025     
  -1.0117056428062026E-002   0.0000000000000000     
   110882.58119879440        16481.570717357739     
 
   10959964.688072272        1.4015062297754297     
   1629087.5547201845        3191.1707479821021     
 
   9.1247126495534580E-008  -4.0074137779516780E-011
  -4.6581511901815512E-005   3.1338507502661893E-004
 
  -242.88144839910962        282.51840151139913     
 
 
  -5.8756132018805696E-008   206.40071982691893     
  -1.0000058756132019E-002   0.0000000000000000     
   108817.13677414718        13803.861889790278     
 
   10881649.741049839       0.10343822724401396     
   1380378.0784113705        3270.8322513889702     
 
   9.1898198847742017E-008  -2.9062287653827720E-012
  -3.8783480590006733E-005   3.0573381171407473E-004
 
  -10.879696218829102        12.436687669952326     
 
 
   3.1193807010619981E-004  -872.47626803981416     
  -9.6880619298938004E-003  0.29885104840195709     
   102114.67683231049       -2560.5656324786905     
 
   10540408.897119721        4.8764406106712403     
  -162355.58160384101        3304.8393456143922     
 
   9.4870823534238340E-008  -1.3998621060479364E-010
   4.6606827507595967E-006   3.0257969234854230E-004
 
  -24.887328104651942        12.219007958458519     
 
 
  -1.2151605754539239E-004   711.96424440045712     
  -1.0121516057545393E-002   0.0000000000000000     
   111335.10885480211       -5606.3571714681020     
 
   10999845.104410416        1.5634420709611225     
  -553904.88337848708        3317.6624211141020     
 
   9.0908213801624796E-008  -4.2840321893166059E-011
   1.5177705616904217E-005   3.0140989154668016E-004
 
  -419.32089826380417        486.33204705794532     
 
 
  -1.3584418377053306E-004   746.04877982044343     
  -1.0135844183770533E-002   0.0000000000000000     
   111906.04920077045        957.72092847587191     
 
   11040624.458291683        2.6526131430976840     
   94488.521243172640        3223.3711199101485     
 
   9.0575224860404005E-008  -7.4537191954004056E-011
  -2.6550833707804594E-006   3.1023639714713351E-004
 
  -418.58112262929887        486.65381336323162     
 
 
  -9.0188278282809717E-005   831.79030246908519     
  -1.0090188278282810E-002   0.0000000000000000     
   110245.07722631250        4687.9246057058481     
 
   10925968.295714939        1.1679558892193644     
   464602.29248604440        3250.2035423285697     
 
   9.1526467371880533E-008  -3.2889902184355330E-011
  -1.3083305710035455E-005   3.0767774008624258E-004
 
  -104.58321414548740        157.66214300053230     
 
 
  -2.9305324959904774E-005   56.524001570165424     
  -1.0029305324959905E-002  -7.1054273576010019E-015
   109347.89151934029        14709.639364152623     
 
   10902838.030786289       -1.6035484708986754E-002
   1466665.8245556420        3298.8439971969956     
 
   9.1719178371342261E-008   4.4584147766435233E-013
  -4.0778340681727466E-005   3.0313629469875928E-004
 
  -105.51416307964577        157.21192786859029     
 
 
  -1.0690955696401536E-004  -1018.8041368985898     
  -1.0106909556964016E-002   0.0000000000000000     
   111399.32562576902        13673.477867885320     
 
   11022095.824436361       -2.6372052967491202     
   1352884.1621486433        3219.3758212645239     
 
   9.0717725479249244E-008   7.4312934998976979E-011
  -3.8122474927086318E-005   3.1058798932472915E-004
 
  -962.76554846221904        1110.8710330591903     
 
 
  -1.9993532387133257E-004   780.41956839696172     
  -1.0199935323871333E-002   0.0000000000000000     
   112984.60882681515       -9355.5654395515339     
 
   11076992.670962585        3.3584998514650479     
  -917218.11388905090        3293.7545758342358     
 
   9.0269588981655852E-008  -9.2044016700884781E-011
   2.5137544477285042E-005   3.0357925963787088E-004
 
  -506.15257371384365        588.68830035231770     
 
 
  -1.4675648912363705E-004   295.11871627844056     
  -1.0146756489123637E-002   0.0000000000000000     
   111967.97967890912       -7829.9236769063937     
 
   11034854.320090188       0.94636161642921390     
  -771667.64426636230        3297.5667641769269     
 
   9.0620129847484474E-008  -2.6006876796290198E-011
   2.1206127767355276E-005   3.0324781963413653E-004
 
  -1098.9784556000454        1274.2512526239657     
 
 
  -8.7374310762290339E-005   265.13224464012006     
  -1.0087374310762291E-002   0.0000000000000000     
   109962.55404154376        16714.576583922404     
 
   10901008.592912422       0.17828159942694366     
   1656979.9106284298        3255.8923199909036     
 
   9.1735394453002664E-008  -5.0231184694672519E-012
  -4.6685728753653856E-005   3.0713802083269954E-004
 
  -192.84446894030944        224.44368748442824     
 
 
