       0.10000D+01       0.00000D+00       0.67667D-01       0.40123D+00       0.00000D+00
       0.20000D+01       0.41962D-07       0.53963D-01       0.39767D+00       0.18176D+00
       0.30000D+01       0.40952D-05       0.10110D+00       0.39293D+00       0.23790D+00
       0.40000D+01       0.13995D-02       0.29536D-01       0.38027D+00       0.27113D+00
       0.50000D+01       0.19506D-02       0.70182D-01       0.39041D+00       0.21344D+00
       0.60000D+01       0.16368D-02       0.68538D-01       0.38983D+00       0.24754D+00
       0.70000D+01       0.16048D-02       0.94350D-01       0.39064D+00       0.26060D+00
       0.80000D+01       0.15347D-02       0.93033D-01       0.38500D+00       0.27335D+00
       0.90000D+01       0.14196D-02       0.42552D-01       0.38990D+00       0.24096D+00
       0.10000D+02       0.13248D-02       0.73377D-01       0.38927D+00       0.26481D+00
       0.11000D+02       0.13760D-02       0.73660D-01       0.39016D+00       0.27193D+00
       0.12000D+02       0.12863D-02       0.11516D+00       0.38783D+00       0.27867D+00
       0.13000D+02       0.16078D-02       0.20858D-02       0.38784D+00       0.25683D+00
       0.14000D+02       0.18082D-02       0.67445D-01       0.38849D+00       0.26684D+00
       0.15000D+02       0.18380D-02       0.54001D-01       0.38892D+00       0.27377D+00
       0.16000D+02       0.17707D-02       0.10270D+00       0.38842D+00       0.27879D+00
       0.17000D+02       0.19919D-02       0.21082D-01       0.38585D+00       0.28413D+00
       0.18000D+02       0.21598D-02       0.70792D-01       0.38819D+00       0.26730D+00
       0.19000D+02       0.20594D-02       0.65935D-01       0.38817D+00       0.27461D+00
       0.20000D+02       0.20349D-02       0.95569D-01       0.38848D+00       0.27782D+00
       0.21000D+02       0.19936D-02       0.85130D-01       0.38635D+00       0.28192D+00
       0.22000D+02       0.19329D-02       0.48988D-01       0.38842D+00       0.26817D+00
       0.23000D+02       0.18474D-02       0.74188D-01       0.38820D+00       0.27741D+00
       0.24000D+02       0.18561D-02       0.77801D-01       0.38866D+00       0.28013D+00
       0.25000D+02       0.17917D-02       0.11530D+00       0.38749D+00       0.28313D+00
       0.26000D+02       0.18970D-02       0.56495D-02       0.38782D+00       0.27194D+00
       0.27000D+02       0.19575D-02       0.67579D-01       0.38801D+00       0.27657D+00
       0.28000D+02       0.19726D-02       0.54897D-01       0.38829D+00       0.27946D+00
       0.29000D+02       0.19310D-02       0.10458D+00       0.38794D+00       0.28208D+00
       0.30000D+02       0.20702D-02       0.13729D-01       0.38662D+00       0.28535D+00
       0.31000D+02       0.21851D-02       0.70775D-01       0.38784D+00       0.27558D+00
       0.32000D+02       0.21307D-02       0.63176D-01       0.38787D+00       0.27925D+00
       0.33000D+02       0.21121D-02       0.96494D-01       0.38802D+00       0.28105D+00
       0.34000D+02       0.20947D-02       0.76327D-01       0.38667D+00       0.28350D+00
       0.35000D+02       0.20633D-02       0.54781D-01       0.38802D+00       0.27479D+00
       0.36000D+02       0.19977D-02       0.74573D-01       0.38790D+00       0.28053D+00
       0.37000D+02       0.19986D-02       0.81727D-01       0.38820D+00       0.28183D+00
       0.38000D+02       0.19509D-02       0.11445D+00       0.38737D+00       0.28347D+00
       0.39000D+02       0.19955D-02       0.10473D-01       0.38779D+00       0.27593D+00
       0.40000D+02       0.20127D-02       0.68081D-01       0.38784D+00       0.27932D+00
       0.41000D+02       0.20243D-02       0.56638D-01       0.38805D+00       0.28123D+00
       0.42000D+02       0.19926D-02       0.10667D+00       0.38776D+00       0.28304D+00
       0.43000D+02       0.20990D-02       0.77297D-02       0.38694D+00       0.28522D+00
       0.44000D+02       0.21903D-02       0.70311D-01       0.38770D+00       0.27836D+00
       0.45000D+02       0.21576D-02       0.60461D-01       0.38775D+00       0.28095D+00
       0.46000D+02       0.21419D-02       0.97263D-01       0.38783D+00       0.28220D+00
       0.47000D+02       0.21383D-02       0.66860D-01       0.38683D+00       0.28394D+00
       0.48000D+02       0.21256D-02       0.59761D-01       0.38783D+00       0.27757D+00
       0.49000D+02       0.20740D-02       0.74429D-01       0.38775D+00       0.28140D+00
       0.50000D+02       0.20718D-02       0.85291D-01       0.38797D+00       0.28234D+00
       0.51000D+02       0.20347D-02       0.11245D+00       0.38731D+00       0.28358D+00
       0.52000D+02       0.20501D-02       0.16293D-01       0.38775D+00       0.27788D+00
       0.53000D+02       0.20487D-02       0.68914D-01       0.38774D+00       0.28069D+00
       0.54000D+02       0.20578D-02       0.59162D-01       0.38792D+00       0.28213D+00
       0.55000D+02       0.20317D-02       0.10886D+00       0.38765D+00       0.28353D+00
       0.56000D+02       0.21173D-02       0.32840D-02       0.38713D+00       0.28538D+00
       0.57000D+02       0.21886D-02       0.69590D-01       0.38763D+00       0.28011D+00
       0.58000D+02       0.21700D-02       0.57996D-01       0.38769D+00       0.28185D+00
       0.59000D+02       0.21558D-02       0.98018D-01       0.38772D+00       0.28282D+00
       0.60000D+02       0.21617D-02       0.57004D-01       0.38693D+00       0.28416D+00
       0.61000D+02       0.21626D-02       0.63821D-01       0.38772D+00       0.27914D+00
       0.62000D+02       0.21200D-02       0.73696D-01       0.38767D+00       0.28188D+00
       0.63000D+02       0.21172D-02       0.88386D-01       0.38783D+00       0.28261D+00
       0.64000D+02       0.20876D-02       0.10921D+00       0.38727D+00       0.28362D+00
       0.65000D+02       0.20875D-02       0.22818D-01       0.38772D+00       0.27902D+00
       0.66000D+02       0.20760D-02       0.70003D-01       0.38768D+00       0.28152D+00
       0.67000D+02       0.20817D-02       0.62357D-01       0.38784D+00       0.28246D+00
       0.68000D+02       0.20590D-02       0.11100D+00       0.38758D+00       0.28342D+00
       0.69000D+02       0.21266D-02       0.52530D-03       0.38725D+00       0.28487D+00
       0.70000D+02       0.21828D-02       0.68797D-01       0.38759D+00       0.28061D+00
       0.71000D+02       0.21725D-02       0.55978D-01       0.38766D+00       0.28204D+00
       0.72000D+02       0.21595D-02       0.98885D-01       0.38765D+00       0.28302D+00
       0.73000D+02       0.21742D-02       0.47061D-01       0.38700D+00       0.28429D+00
       0.74000D+02       0.21848D-02       0.66915D-01       0.38764D+00       0.28015D+00
       0.75000D+02       0.21505D-02       0.72368D-01       0.38761D+00       0.28219D+00
       0.76000D+02       0.21467D-02       0.90957D-01       0.38774D+00       0.28278D+00
       0.77000D+02       0.21232D-02       0.10469D+00       0.38724D+00       0.28363D+00
       0.78000D+02       0.21139D-02       0.29741D-01       0.38768D+00       0.27978D+00
       0.79000D+02       0.20978D-02       0.71231D-01       0.38764D+00       0.28209D+00
       0.80000D+02       0.21017D-02       0.66070D-01       0.38778D+00       0.28286D+00
       0.81000D+02       0.20814D-02       0.11292D+00       0.38753D+00       0.28368D+00
       0.82000D+02       0.21351D-02      -0.48958D-03       0.38734D+00       0.28502D+00
       0.83000D+02       0.21778D-02       0.68094D-01       0.38757D+00       0.28145D+00
       0.84000D+02       0.21724D-02       0.54574D-01       0.38763D+00       0.28249D+00
       0.85000D+02       0.21601D-02       0.99966D-01       0.38761D+00       0.28332D+00
       0.86000D+02       0.21807D-02       0.37350D-01       0.38707D+00       0.28437D+00
       0.87000D+02       0.21988D-02       0.69059D-01       0.38759D+00       0.28086D+00
       0.88000D+02       0.21707D-02       0.70489D-01       0.38757D+00       0.28243D+00
       0.89000D+02       0.21665D-02       0.93000D-01       0.38767D+00       0.28292D+00
       0.90000D+02       0.21481D-02       0.98889D-01       0.38722D+00       0.28366D+00
       0.91000D+02       0.21347D-02       0.36754D-01       0.38765D+00       0.28034D+00
       0.92000D+02       0.21158D-02       0.72457D-01       0.38761D+00       0.28233D+00
       0.93000D+02       0.21184D-02       0.70116D-01       0.38773D+00       0.28299D+00
       0.94000D+02       0.20997D-02       0.11440D+00       0.38748D+00       0.28372D+00
       0.95000D+02       0.21395D-02       0.21521D-03       0.38741D+00       0.28070D+00
       0.96000D+02       0.21695D-02       0.67612D-01       0.38756D+00       0.28176D+00
       0.97000D+02       0.21681D-02       0.53915D-01       0.38762D+00       0.28267D+00
       0.98000D+02       0.21564D-02       0.10132D+00       0.38757D+00       0.28339D+00
       0.99000D+02       0.21820D-02       0.28188D-01       0.38712D+00       0.28428D+00
       0.10000D+03       0.22054D-02       0.70322D-01       0.38755D+00       0.28124D+00
       0.10100D+03       0.21831D-02       0.68159D-01       0.38755D+00       0.28261D+00
       0.10200D+03       0.21787D-02       0.94560D-01       0.38763D+00       0.28317D+00
       0.10300D+03       0.21653D-02       0.91895D-01       0.38721D+00       0.28395D+00
       0.10400D+03       0.21511D-02       0.43566D-01       0.38762D+00       0.28103D+00
       0.10500D+03       0.21319D-02       0.73523D-01       0.38758D+00       0.28293D+00
       0.10600D+03       0.21328D-02       0.74298D-01       0.38769D+00       0.28349D+00
       0.10700D+03       0.21154D-02       0.11524D+00       0.38745D+00       0.28415D+00
       0.10800D+03       0.21441D-02       0.25381D-02       0.38746D+00       0.28146D+00
       0.10900D+03       0.21612D-02       0.67442D-01       0.38755D+00       0.28252D+00
       0.11000D+03       0.21638D-02       0.54082D-01       0.38761D+00       0.28320D+00
       0.11100D+03       0.21525D-02       0.10297D+00       0.38755D+00       0.28384D+00
       0.11200D+03       0.21815D-02       0.19884D-01       0.38717D+00       0.28460D+00
       0.11300D+03       0.22080D-02       0.70826D-01       0.38753D+00       0.28191D+00
       0.11400D+03       0.21907D-02       0.65520D-01       0.38753D+00       0.28301D+00
       0.11500D+03       0.21860D-02       0.95725D-01       0.38759D+00       0.28349D+00
       0.11600D+03       0.21770D-02       0.83841D-01       0.38721D+00       0.28419D+00
       0.11700D+03       0.21648D-02       0.49917D-01       0.38759D+00       0.28158D+00
       0.11800D+03       0.21450D-02       0.74277D-01       0.38756D+00       0.28327D+00
       0.11900D+03       0.21453D-02       0.78417D-01       0.38766D+00       0.28377D+00
       0.12000D+03       0.21292D-02       0.11524D+00       0.38742D+00       0.28436D+00
       0.12100D+03       0.21482D-02       0.63090D-02       0.38750D+00       0.28194D+00
       0.12200D+03       0.21566D-02       0.67632D-01       0.38754D+00       0.28300D+00
       0.12300D+03       0.21604D-02       0.55109D-01       0.38761D+00       0.28361D+00
       0.12400D+03       0.21497D-02       0.10489D+00       0.38753D+00       0.28419D+00
       0.12500D+03       0.21812D-02       0.12722D-01       0.38722D+00       0.28496D+00
       0.12600D+03       0.22097D-02       0.70729D-01       0.38751D+00       0.28255D+00
       0.12700D+03       0.21958D-02       0.62755D-01       0.38752D+00       0.28343D+00
       0.12800D+03       0.21907D-02       0.96618D-01       0.38756D+00       0.28386D+00
       0.12900D+03       0.21858D-02       0.74921D-01       0.38721D+00       0.28448D+00
       0.13000D+03       0.21773D-02       0.55595D-01       0.38757D+00       0.28213D+00
       0.13100D+03       0.21578D-02       0.74587D-01       0.38754D+00       0.28353D+00
       0.13200D+03       0.21573D-02       0.82297D-01       0.38763D+00       0.28387D+00
       0.13300D+03       0.21423D-02       0.11422D+00       0.38739D+00       0.28433D+00
       0.13400D+03       0.21529D-02       0.11302D-01       0.38752D+00       0.28212D+00
       0.13500D+03       0.21545D-02       0.68188D-01       0.38753D+00       0.28308D+00
       0.13600D+03       0.21585D-02       0.56974D-01       0.38760D+00       0.28363D+00
       0.13700D+03       0.21481D-02       0.10700D+00       0.38751D+00       0.28417D+00
       0.13800D+03       0.21798D-02       0.69480D-02       0.38726D+00       0.28484D+00
       0.13900D+03       0.22077D-02       0.70213D-01       0.38750D+00       0.28267D+00
       0.14000D+03       0.21982D-02       0.60064D-01       0.38752D+00       0.28347D+00
       0.14100D+03       0.21928D-02       0.97375D-01       0.38754D+00       0.28386D+00
       0.14200D+03       0.21916D-02       0.65376D-01       0.38721D+00       0.28443D+00
       0.14300D+03       0.21878D-02       0.60440D-01       0.38755D+00       0.28229D+00
       0.14400D+03       0.21695D-02       0.74356D-01       0.38752D+00       0.28356D+00
       0.14500D+03       0.21684D-02       0.85794D-01       0.38760D+00       0.28387D+00
       0.14600D+03       0.21546D-02       0.11204D+00       0.38737D+00       0.28429D+00
       0.14700D+03       0.21586D-02       0.17249D-01       0.38753D+00       0.28227D+00
       0.14800D+03       0.21565D-02       0.69066D-01       0.38753D+00       0.28325D+00
       0.14900D+03       0.21591D-02       0.59608D-01       0.38759D+00       0.28375D+00
       0.15000D+03       0.21490D-02       0.10919D+00       0.38749D+00       0.28425D+00
       0.15100D+03       0.21798D-02       0.27524D-02       0.38731D+00       0.28493D+00
       0.15200D+03       0.22064D-02       0.69470D-01       0.38749D+00       0.28296D+00
       0.15300D+03       0.21994D-02       0.57655D-01       0.38751D+00       0.28360D+00
       0.15400D+03       0.21938D-02       0.98140D-01       0.38752D+00       0.28396D+00
       0.15500D+03       0.21964D-02       0.55487D-01       0.38722D+00       0.28448D+00
       0.15600D+03       0.21973D-02       0.64355D-01       0.38752D+00       0.28251D+00
       0.15700D+03       0.21802D-02       0.73532D-01       0.38751D+00       0.28357D+00
       0.15800D+03       0.21788D-02       0.88812D-01       0.38757D+00       0.28385D+00
       0.15900D+03       0.21664D-02       0.10861D+00       0.38735D+00       0.28425D+00
       0.16000D+03       0.21652D-02       0.23855D-01       0.38753D+00       0.28237D+00
       0.16100D+03       0.21595D-02       0.70184D-01       0.38752D+00       0.28338D+00
       0.16200D+03       0.21614D-02       0.62893D-01       0.38759D+00       0.28376D+00
       0.16300D+03       0.21514D-02       0.11131D+00       0.38748D+00       0.28415D+00
       0.16400D+03       0.21790D-02       0.25776D-03       0.38735D+00       0.28475D+00
       0.16500D+03       0.22025D-02       0.68680D-01       0.38748D+00       0.28295D+00
       0.16600D+03       0.21981D-02       0.55721D-01       0.38751D+00       0.28355D+00
       0.16700D+03       0.21924D-02       0.99034D-01       0.38751D+00       0.28396D+00
       0.16800D+03       0.21990D-02       0.45559D-01       0.38723D+00       0.28451D+00
       0.16900D+03       0.22044D-02       0.67302D-01       0.38751D+00       0.28270D+00
       0.17000D+03       0.21892D-02       0.72115D-01       0.38749D+00       0.28358D+00
       0.17100D+03       0.21873D-02       0.91302D-01       0.38755D+00       0.28383D+00
       0.17200D+03       0.21766D-02       0.10388D+00       0.38733D+00       0.28421D+00
       0.17300D+03       0.21717D-02       0.30811D-01       0.38753D+00       0.28247D+00
       0.17400D+03       0.21635D-02       0.71422D-01       0.38751D+00       0.28350D+00
       0.17500D+03       0.21649D-02       0.66669D-01       0.38758D+00       0.28385D+00
       0.17600D+03       0.21552D-02       0.11317D+00       0.38746D+00       0.28422D+00
       0.17700D+03       0.21790D-02      -0.49159D-03       0.38738D+00       0.28483D+00
       0.17800D+03       0.21983D-02       0.68003D-01       0.38748D+00       0.28317D+00
       0.17900D+03       0.21958D-02       0.54423D-01       0.38751D+00       0.28365D+00
       0.18000D+03       0.21899D-02       0.10015D+00       0.38750D+00       0.28403D+00
       0.18100D+03       0.22000D-02       0.35911D-01       0.38724D+00       0.28453D+00
       0.18200D+03       0.22093D-02       0.69306D-01       0.38749D+00       0.28285D+00
       0.18300D+03       0.21958D-02       0.70160D-01       0.38749D+00       0.28359D+00
       0.18400D+03       0.21937D-02       0.93267D-01       0.38753D+00       0.28383D+00
       0.18500D+03       0.21847D-02       0.97898D-01       0.38731D+00       0.28419D+00
       0.18600D+03       0.21776D-02       0.37811D-01       0.38753D+00       0.28255D+00
       0.18700D+03       0.21677D-02       0.72634D-01       0.38751D+00       0.28361D+00
       0.18800D+03       0.21687D-02       0.70750D-01       0.38757D+00       0.28393D+00
       0.18900D+03       0.21591D-02       0.11457D+00       0.38744D+00       0.28429D+00
       0.19000D+03       0.21781D-02       0.46811D-03       0.38741D+00       0.28277D+00
       0.19100D+03       0.21915D-02       0.67564D-01       0.38748D+00       0.28329D+00
       0.19200D+03       0.21919D-02       0.53886D-01       0.38752D+00       0.28375D+00
       0.19300D+03       0.21858D-02       0.10156D+00       0.38749D+00       0.28411D+00
       0.19400D+03       0.21991D-02       0.26860D-01       0.38726D+00       0.28456D+00
       0.19500D+03       0.22114D-02       0.70445D-01       0.38748D+00       0.28300D+00
       0.19600D+03       0.22001D-02       0.67772D-01       0.38748D+00       0.28362D+00
       0.19700D+03       0.21977D-02       0.94760D-01       0.38752D+00       0.28391D+00
       0.19800D+03       0.21909D-02       0.90732D-01       0.38730D+00       0.28431D+00
       0.19900D+03       0.21834D-02       0.44569D-01       0.38752D+00       0.28278D+00
       0.20000D+03       0.21725D-02       0.73662D-01       0.38750D+00       0.28377D+00
       0.20100D+03       0.21731D-02       0.74934D-01       0.38756D+00       0.28406D+00
       0.20200D+03       0.21637D-02       0.11530D+00       0.38743D+00       0.28441D+00
       0.20300D+03       0.21780D-02       0.30241D-02       0.38744D+00       0.28298D+00
       0.20400D+03       0.21864D-02       0.67447D-01       0.38748D+00       0.28353D+00
       0.20500D+03       0.21877D-02       0.54183D-01       0.38752D+00       0.28389D+00
       0.20600D+03       0.21816D-02       0.10325D+00       0.38748D+00       0.28424D+00
       0.20700D+03       0.21979D-02       0.18712D-01       0.38728D+00       0.28471D+00
       0.20800D+03       0.22126D-02       0.70846D-01       0.38747D+00       0.28325D+00
       0.20900D+03       0.22033D-02       0.65102D-01       0.38747D+00       0.28384D+00
       0.21000D+03       0.22006D-02       0.95876D-01       0.38751D+00       0.28410D+00
       0.21100D+03       0.21958D-02       0.82533D-01       0.38730D+00       0.28448D+00
       0.21200D+03       0.21892D-02       0.50830D-01       0.38751D+00       0.28304D+00
       0.21300D+03       0.21779D-02       0.74356D-01       0.38749D+00       0.28397D+00
       0.21400D+03       0.21780D-02       0.79027D-01       0.38754D+00       0.28424D+00
       0.21500D+03       0.21688D-02       0.11516D+00       0.38741D+00       0.28458D+00
       0.21600D+03       0.21787D-02       0.69970D-02       0.38746D+00       0.28322D+00
       0.21700D+03       0.21828D-02       0.67694D-01       0.38748D+00       0.28381D+00
       0.21800D+03       0.21847D-02       0.55340D-01       0.38752D+00       0.28415D+00
       0.21900D+03       0.21785D-02       0.10520D+00       0.38747D+00       0.28448D+00
       0.22000D+03       0.21966D-02       0.11747D-01       0.38730D+00       0.28491D+00
       0.22100D+03       0.22127D-02       0.70672D-01       0.38747D+00       0.28354D+00
       0.22200D+03       0.22054D-02       0.62335D-01       0.38747D+00       0.28403D+00
       0.22300D+03       0.22024D-02       0.96738D-01       0.38749D+00       0.28428D+00
       0.22400D+03       0.21997D-02       0.73501D-01       0.38729D+00       0.28463D+00
       0.22500D+03       0.21951D-02       0.56390D-01       0.38750D+00       0.28327D+00
       0.22600D+03       0.21836D-02       0.74589D-01       0.38748D+00       0.28408D+00
       0.22700D+03       0.21832D-02       0.82857D-01       0.38753D+00       0.28428D+00
       0.22800D+03       0.21743D-02       0.11397D+00       0.38739D+00       0.28454D+00
       0.22900D+03       0.21797D-02       0.12154D-01       0.38747D+00       0.28325D+00
       0.23000D+03       0.21802D-02       0.68302D-01       0.38748D+00       0.28381D+00
       0.23100D+03       0.21824D-02       0.57328D-01       0.38752D+00       0.28413D+00
       0.23200D+03       0.21761D-02       0.10733D+00       0.38747D+00       0.28445D+00
       0.23300D+03       0.21949D-02       0.62030D-02       0.38732D+00       0.28484D+00
       0.23400D+03       0.22117D-02       0.70110D-01       0.38746D+00       0.28355D+00
       0.23500D+03       0.22058D-02       0.59674D-01       0.38747D+00       0.28397D+00
       0.23600D+03       0.22025D-02       0.97488D-01       0.38749D+00       0.28420D+00
       0.23700D+03       0.22021D-02       0.63884D-01       0.38729D+00       0.28453D+00
       0.23800D+03       0.22002D-02       0.61098D-01       0.38749D+00       0.28324D+00
       0.23900D+03       0.21891D-02       0.74269D-01       0.38748D+00       0.28401D+00
       0.24000D+03       0.21883D-02       0.86287D-01       0.38752D+00       0.28419D+00
       0.24100D+03       0.21798D-02       0.11160D+00       0.38738D+00       0.28445D+00
       0.24200D+03       0.21816D-02       0.18221D-01       0.38748D+00       0.28322D+00
       0.24300D+03       0.21792D-02       0.69224D-01       0.38748D+00       0.28381D+00
       0.24400D+03       0.21810D-02       0.60070D-01       0.38752D+00       0.28406D+00
       0.24500D+03       0.21747D-02       0.10952D+00       0.38746D+00       0.28431D+00
       0.24600D+03       0.21933D-02       0.22605D-02       0.38735D+00       0.28473D+00
       0.24700D+03       0.22097D-02       0.69348D-01       0.38746D+00       0.28352D+00
       0.24800D+03       0.22054D-02       0.57326D-01       0.38747D+00       0.28391D+00
       0.24900D+03       0.22019D-02       0.98265D-01       0.38748D+00       0.28413D+00
       0.25000D+03       0.22038D-02       0.53969D-01       0.38729D+00       0.28445D+00
       0.25100D+03       0.22049D-02       0.64866D-01       0.38748D+00       0.28323D+00
       0.25200D+03       0.21942D-02       0.73353D-01       0.38747D+00       0.28389D+00
       0.25300D+03       0.21932D-02       0.89226D-01       0.38751D+00       0.28406D+00
       0.25400D+03       0.21855D-02       0.10797D+00       0.38737D+00       0.28431D+00
       0.25500D+03       0.21841D-02       0.24900D-01       0.38749D+00       0.28313D+00
       0.25600D+03       0.21802D-02       0.70369D-01       0.38748D+00       0.28376D+00
       0.25700D+03       0.21812D-02       0.63441D-01       0.38752D+00       0.28400D+00
       0.25800D+03       0.21748D-02       0.11162D+00       0.38745D+00       0.28425D+00
       0.25900D+03       0.21921D-02       0.30889D-04       0.38737D+00       0.28462D+00
       0.26000D+03       0.22069D-02       0.68566D-01       0.38746D+00       0.28348D+00
       0.26100D+03       0.22041D-02       0.55478D-01       0.38747D+00       0.28386D+00
       0.26200D+03       0.22004D-02       0.99189D-01       0.38747D+00       0.28412D+00
       0.26300D+03       0.22051D-02       0.44063D-01       0.38729D+00       0.28447D+00
       0.26400D+03       0.22090D-02       0.67667D-01       0.38747D+00       0.28331D+00
       0.26500D+03       0.21992D-02       0.71850D-01       0.38746D+00       0.28388D+00
       0.26600D+03       0.21980D-02       0.91634D-01       0.38750D+00       0.28404D+00
       0.26700D+03       0.21911D-02       0.10305D+00       0.38735D+00       0.28428D+00
       0.26800D+03       0.21876D-02       0.31882D-01       0.38749D+00       0.28315D+00
       0.26900D+03       0.21820D-02       0.71612D-01       0.38747D+00       0.28382D+00
       0.27000D+03       0.21829D-02       0.67276D-01       0.38752D+00       0.28404D+00
       0.27100D+03       0.21764D-02       0.11342D+00       0.38744D+00       0.28429D+00
       0.27200D+03       0.21915D-02      -0.45377D-03       0.38739D+00       0.28468D+00
       0.27300D+03       0.22029D-02       0.67918D-01       0.38746D+00       0.28360D+00
       0.27400D+03       0.22020D-02       0.54290D-01       0.38748D+00       0.28391D+00
       0.27500D+03       0.21981D-02       0.10035D+00       0.38747D+00       0.28416D+00
       0.27600D+03       0.22051D-02       0.34485D-01       0.38730D+00       0.28449D+00
       0.27700D+03       0.22116D-02       0.69532D-01       0.38746D+00       0.28339D+00
       0.27800D+03       0.22028D-02       0.69821D-01       0.38746D+00       0.28387D+00
       0.27900D+03       0.22013D-02       0.93523D-01       0.38749D+00       0.28403D+00
       0.28000D+03       0.21955D-02       0.96880D-01       0.38734D+00       0.28426D+00
       0.28100D+03       0.21906D-02       0.38863D-01       0.38748D+00       0.28318D+00
       0.28200D+03       0.21839D-02       0.72806D-01       0.38747D+00       0.28388D+00
       0.28300D+03       0.21845D-02       0.71385D-01       0.38751D+00       0.28409D+00
       0.28400D+03       0.21779D-02       0.11473D+00       0.38743D+00       0.28433D+00
       0.28500D+03       0.21902D-02       0.75818D-03       0.38741D+00       0.28332D+00
       0.28600D+03       0.21988D-02       0.67524D-01       0.38746D+00       0.28366D+00
       0.28700D+03       0.21991D-02       0.53876D-01       0.38748D+00       0.28397D+00
       0.28800D+03       0.21949D-02       0.10179D+00       0.38746D+00       0.28421D+00
       0.28900D+03       0.22044D-02       0.25553D-01       0.38731D+00       0.28451D+00
       0.29000D+03       0.22130D-02       0.70550D-01       0.38746D+00       0.28346D+00
       0.29100D+03       0.22055D-02       0.67380D-01       0.38745D+00       0.28388D+00
       0.29200D+03       0.22038D-02       0.94952D-01       0.38748D+00       0.28407D+00
       0.29300D+03       0.21993D-02       0.89546D-01       0.38733D+00       0.28434D+00
       0.29400D+03       0.21942D-02       0.45561D-01       0.38748D+00       0.28331D+00
       0.29500D+03       0.21867D-02       0.73793D-01       0.38747D+00       0.28397D+00
       0.29600D+03       0.21870D-02       0.75568D-01       0.38751D+00       0.28417D+00
       0.29700D+03       0.21805D-02       0.11534D+00       0.38742D+00       0.28441D+00
       0.29800D+03       0.21899D-02       0.35431D-02       0.38743D+00       0.28343D+00
       0.29900D+03       0.21953D-02       0.67461D-01       0.38746D+00       0.28381D+00
       0.30000D+03       0.21961D-02       0.54304D-01       0.38748D+00       0.28406D+00
       0.30100D+03       0.21919D-02       0.10353D+00       0.38746D+00       0.28429D+00
       0.30200D+03       0.22034D-02       0.17568D-01       0.38732D+00       0.28462D+00
       0.30300D+03       0.22139D-02       0.70852D-01       0.38745D+00       0.28361D+00
       0.30400D+03       0.22076D-02       0.64682D-01       0.38745D+00       0.28402D+00
       0.30500D+03       0.22057D-02       0.96020D-01       0.38747D+00       0.28420D+00
       0.30600D+03       0.22025D-02       0.81205D-01       0.38733D+00       0.28446D+00
       0.30700D+03       0.21981D-02       0.51727D-01       0.38748D+00       0.28346D+00
       0.30800D+03       0.21902D-02       0.74424D-01       0.38746D+00       0.28411D+00
       0.30900D+03       0.21901D-02       0.79632D-01       0.38750D+00       0.28430D+00
       0.31000D+03       0.21837D-02       0.11505D+00       0.38741D+00       0.28453D+00
       0.31100D+03       0.21900D-02       0.77126D-02       0.38745D+00       0.28358D+00
       0.31200D+03       0.21925D-02       0.67764D-01       0.38746D+00       0.28399D+00
       0.31300D+03       0.21938D-02       0.55590D-01       0.38749D+00       0.28423D+00
       0.31400D+03       0.21894D-02       0.10552D+00       0.38745D+00       0.28446D+00
       0.31500D+03       0.22022D-02       0.10806D-01       0.38733D+00       0.28476D+00
       0.31600D+03       0.22137D-02       0.70607D-01       0.38745D+00       0.28380D+00
       0.31700D+03       0.22087D-02       0.61917D-01       0.38745D+00       0.28415D+00
       0.31800D+03       0.22066D-02       0.96856D-01       0.38747D+00       0.28432D+00
       0.31900D+03       0.22048D-02       0.72067D-01       0.38732D+00       0.28457D+00
       0.32000D+03       0.22019D-02       0.57165D-01       0.38747D+00       0.28361D+00
       0.32100D+03       0.21937D-02       0.74577D-01       0.38746D+00       0.28418D+00
       0.32200D+03       0.21934D-02       0.83408D-01       0.38749D+00       0.28432D+00
       0.32300D+03       0.21870D-02       0.11369D+00       0.38740D+00       0.28450D+00
       0.32400D+03       0.21905D-02       0.13026D-01       0.38746D+00       0.28359D+00
       0.32500D+03       0.21906D-02       0.68424D-01       0.38746D+00       0.28403D+00
       0.32600D+03       0.21920D-02       0.57700D-01       0.38749D+00       0.28426D+00
       0.32700D+03       0.21875D-02       0.10767D+00       0.38745D+00       0.28448D+00
       0.32800D+03       0.22010D-02       0.54953D-02       0.38735D+00       0.28476D+00
       0.32900D+03       0.22131D-02       0.70002D-01       0.38744D+00       0.28384D+00
       0.33000D+03       0.22090D-02       0.59291D-01       0.38745D+00       0.28414D+00
       0.33100D+03       0.22066D-02       0.97601D-01       0.38746D+00       0.28430D+00
       0.33200D+03       0.22065D-02       0.62386D-01       0.38732D+00       0.28454D+00
       0.33300D+03       0.22054D-02       0.61735D-01       0.38746D+00       0.28362D+00
       0.33400D+03       0.21974D-02       0.74168D-01       0.38745D+00       0.28412D+00
       0.33500D+03       0.21968D-02       0.86768D-01       0.38749D+00       0.28425D+00
       0.33600D+03       0.21907D-02       0.11113D+00       0.38738D+00       0.28443D+00
       0.33700D+03       0.21916D-02       0.19206D-01       0.38746D+00       0.28355D+00
       0.33800D+03       0.21897D-02       0.69386D-01       0.38746D+00       0.28397D+00
       0.33900D+03       0.21908D-02       0.60547D-01       0.38749D+00       0.28415D+00
       0.34000D+03       0.21863D-02       0.10985D+00       0.38744D+00       0.28434D+00
       0.34100D+03       0.21997D-02       0.18085D-02       0.38737D+00       0.28463D+00
       0.34200D+03       0.22115D-02       0.69226D-01       0.38744D+00       0.28376D+00
       0.34300D+03       0.22085D-02       0.57008D-01       0.38745D+00       0.28405D+00
       0.34400D+03       0.22059D-02       0.98393D-01       0.38746D+00       0.28421D+00
       0.34500D+03       0.22075D-02       0.52452D-01       0.38732D+00       0.28443D+00
       0.34600D+03       0.22086D-02       0.65355D-01       0.38746D+00       0.28355D+00
       0.34700D+03       0.22009D-02       0.73161D-01       0.38745D+00       0.28402D+00
       0.34800D+03       0.22002D-02       0.89627D-01       0.38748D+00       0.28415D+00
       0.34900D+03       0.21945D-02       0.10730D+00       0.38737D+00       0.28433D+00
       0.35000D+03       0.21933D-02       0.25952D-01       0.38746D+00       0.28347D+00
       0.35100D+03       0.21898D-02       0.70555D-01       0.38746D+00       0.28393D+00
       0.35200D+03       0.21908D-02       0.64000D-01       0.38749D+00       0.28410D+00
       0.35300D+03       0.21861D-02       0.11192D+00       0.38744D+00       0.28429D+00
       0.35400D+03       0.21985D-02      -0.15533D-03       0.38738D+00       0.28456D+00
       0.35500D+03       0.22087D-02       0.68455D-01       0.38744D+00       0.28372D+00
       0.35600D+03       0.22071D-02       0.55251D-01       0.38746D+00       0.28396D+00
       0.35700D+03       0.22043D-02       0.99348D-01       0.38745D+00       0.28416D+00
       0.35800D+03       0.22080D-02       0.42575D-01       0.38732D+00       0.28441D+00
       0.35900D+03       0.22111D-02       0.68010D-01       0.38745D+00       0.28356D+00
       0.36000D+03       0.22040D-02       0.71573D-01       0.38745D+00       0.28397D+00
       0.36100D+03       0.22030D-02       0.91955D-01       0.38747D+00       0.28409D+00
       0.36200D+03       0.21980D-02       0.10219D+00       0.38736D+00       0.28427D+00
       0.36300D+03       0.21952D-02       0.32953D-01       0.38747D+00       0.28344D+00
       0.36400D+03       0.21909D-02       0.71801D-01       0.38746D+00       0.28393D+00
       0.36500D+03       0.21914D-02       0.67890D-01       0.38749D+00       0.28410D+00
       0.36600D+03       0.21866D-02       0.11366D+00       0.38743D+00       0.28428D+00
       0.36700D+03       0.21975D-02      -0.37643D-03       0.38740D+00       0.28457D+00
       0.36800D+03       0.22059D-02       0.67839D-01       0.38744D+00       0.28377D+00
       0.36900D+03       0.22054D-02       0.54174D-01       0.38746D+00       0.28400D+00
       0.37000D+03       0.22024D-02       0.10055D+00       0.38745D+00       0.28419D+00
       0.37100D+03       0.22078D-02       0.33075D-01       0.38733D+00       0.28443D+00
       0.37200D+03       0.22129D-02       0.69739D-01       0.38745D+00       0.28361D+00
       0.37300D+03       0.22065D-02       0.69473D-01       0.38744D+00       0.28397D+00
       0.37400D+03       0.22055D-02       0.93768D-01       0.38747D+00       0.28412D+00
       0.37500D+03       0.22013D-02       0.95834D-01       0.38736D+00       0.28433D+00
       0.37600D+03       0.21976D-02       0.39909D-01       0.38746D+00       0.28352D+00
       0.37700D+03       0.21924D-02       0.72974D-01       0.38745D+00       0.28404D+00
       0.37800D+03       0.21928D-02       0.72023D-01       0.38748D+00       0.28420D+00
       0.37900D+03       0.21878D-02       0.11488D+00       0.38742D+00       0.28438D+00
       0.38000D+03       0.21967D-02       0.10849D-02       0.38741D+00       0.28362D+00
       0.38100D+03       0.22028D-02       0.67491D-01       0.38744D+00       0.28388D+00
       0.38200D+03       0.22030D-02       0.53886D-01       0.38746D+00       0.28411D+00
       0.38300D+03       0.21999D-02       0.10204D+00       0.38745D+00       0.28429D+00
       0.38400D+03       0.22072D-02       0.24268D-01       0.38733D+00       0.28451D+00
       0.38500D+03       0.22140D-02       0.70638D-01       0.38744D+00       0.28372D+00
       0.38600D+03       0.22084D-02       0.66981D-01       0.38744D+00       0.28404D+00
       0.38700D+03       0.22071D-02       0.95135D-01       0.38746D+00       0.28418D+00
       0.38800D+03       0.22039D-02       0.88335D-01       0.38735D+00       0.28439D+00
       0.38900D+03       0.22000D-02       0.46540D-01       0.38746D+00       0.28360D+00
       0.39000D+03       0.21942D-02       0.73915D-01       0.38745D+00       0.28415D+00
       0.39100D+03       0.21943D-02       0.76200D-01       0.38748D+00       0.28430D+00
       0.39200D+03       0.21894D-02       0.11536D+00       0.38741D+00       0.28448D+00
       0.39300D+03       0.21961D-02       0.40944D-02       0.38743D+00       0.28374D+00
       0.39400D+03       0.22000D-02       0.67483D-01       0.38744D+00       0.28403D+00
       0.39500D+03       0.22006D-02       0.54445D-01       0.38747D+00       0.28421D+00
       0.39600D+03       0.21973D-02       0.10382D+00       0.38744D+00       0.28439D+00
       0.39700D+03       0.22063D-02       0.16453D-01       0.38734D+00       0.28464D+00
       0.39800D+03       0.22143D-02       0.70845D-01       0.38744D+00       0.28387D+00
       0.39900D+03       0.22097D-02       0.64260D-01       0.38744D+00       0.28415D+00
       0.40000D+03       0.22082D-02       0.96159D-01       0.38746D+00       0.28428D+00
       0.40100D+03       0.22059D-02       0.79858D-01       0.38735D+00       0.28448D+00
       0.40200D+03       0.22026D-02       0.52607D-01       0.38746D+00       0.28372D+00
       0.40300D+03       0.21965D-02       0.74481D-01       0.38745D+00       0.28421D+00
       0.40400D+03       0.21964D-02       0.80229D-01       0.38748D+00       0.28436D+00
       0.40500D+03       0.21914D-02       0.11491D+00       0.38740D+00       0.28453D+00
       0.40600D+03       0.21959D-02       0.84547D-02       0.38744D+00       0.28381D+00
       0.40700D+03       0.21976D-02       0.67842D-01       0.38745D+00       0.28412D+00
       0.40800D+03       0.21986D-02       0.55860D-01       0.38747D+00       0.28430D+00
       0.40900D+03       0.21952D-02       0.10584D+00       0.38744D+00       0.28448D+00
       0.41000D+03       0.22052D-02       0.98979D-02       0.38735D+00       0.28471D+00
       0.41100D+03       0.22142D-02       0.70533D-01       0.38744D+00       0.28397D+00
       0.41200D+03       0.22104D-02       0.61503D-01       0.38744D+00       0.28424D+00
       0.41300D+03       0.22087D-02       0.96972D-01       0.38745D+00       0.28437D+00
       0.41400D+03       0.22075D-02       0.70620D-01       0.38734D+00       0.28457D+00
       0.41500D+03       0.22054D-02       0.57920D-01       0.38745D+00       0.28383D+00
       0.41600D+03       0.21991D-02       0.74553D-01       0.38745D+00       0.28426D+00
       0.41700D+03       0.21988D-02       0.83950D-01       0.38747D+00       0.28437D+00
       0.41800D+03       0.21939D-02       0.11338D+00       0.38740D+00       0.28451D+00
       0.41900D+03       0.21963D-02       0.13919D-01       0.38744D+00       0.28381D+00
       0.42000D+03       0.21961D-02       0.68553D-01       0.38745D+00       0.28415D+00
       0.42100D+03       0.21972D-02       0.58089D-01       0.38747D+00       0.28432D+00
       0.42200D+03       0.21936D-02       0.10800D+00       0.38744D+00       0.28450D+00
       0.42300D+03       0.22041D-02       0.48255D-02       0.38736D+00       0.28471D+00
       0.42400D+03       0.22137D-02       0.69890D-01       0.38744D+00       0.28400D+00
       0.42500D+03       0.22105D-02       0.58916D-01       0.38744D+00       0.28423D+00
       0.42600D+03       0.22086D-02       0.97716D-01       0.38745D+00       0.28436D+00
       0.42700D+03       0.22088D-02       0.60881D-01       0.38734D+00       0.28454D+00
       0.42800D+03       0.22082D-02       0.62349D-01       0.38745D+00       0.28383D+00
       0.42900D+03       0.22019D-02       0.74054D-01       0.38744D+00       0.28421D+00
       0.43000D+03       0.22014D-02       0.87237D-01       0.38747D+00       0.28431D+00
       0.43100D+03       0.21967D-02       0.11063D+00       0.38739D+00       0.28446D+00
       0.43200D+03       0.21971D-02       0.20205D-01       0.38745D+00       0.28377D+00
       0.43300D+03       0.21954D-02       0.69554D-01       0.38745D+00       0.28414D+00
       0.43400D+03       0.21963D-02       0.61038D-01       0.38747D+00       0.28428D+00
       0.43500D+03       0.21926D-02       0.11018D+00       0.38743D+00       0.28442D+00
       0.43600D+03       0.22031D-02       0.13967D-02       0.38738D+00       0.28465D+00
       0.43700D+03       0.22120D-02       0.69104D-01       0.38743D+00       0.28397D+00
       0.43800D+03       0.22101D-02       0.56702D-01       0.38744D+00       0.28419D+00
       0.43900D+03       0.22080D-02       0.98526D-01       0.38745D+00       0.28432D+00
       0.44000D+03       0.22096D-02       0.50935D-01       0.38734D+00       0.28449D+00
       0.44100D+03       0.22107D-02       0.65822D-01       0.38745D+00       0.28380D+00
       0.44200D+03       0.22046D-02       0.72956D-01       0.38744D+00       0.28414D+00
       0.44300D+03       0.22040D-02       0.90016D-01       0.38746D+00       0.28423D+00
       0.44400D+03       0.21996D-02       0.10661D+00       0.38738D+00       0.28438D+00
       0.44500D+03       0.21984D-02       0.27010D-01       0.38745D+00       0.28370D+00
       0.44600D+03       0.21955D-02       0.70744D-01       0.38745D+00       0.28406D+00
       0.44700D+03       0.21962D-02       0.64569D-01       0.38747D+00       0.28420D+00
       0.44800D+03       0.21925D-02       0.11221D+00       0.38743D+00       0.28434D+00
       0.44900D+03       0.22021D-02      -0.30095D-03       0.38739D+00       0.28456D+00
       0.45000D+03       0.22100D-02       0.68348D-01       0.38743D+00       0.28390D+00
       0.45100D+03       0.22088D-02       0.55040D-01       0.38745D+00       0.28409D+00
       0.45200D+03       0.22066D-02       0.99514D-01       0.38744D+00       0.28424D+00
       0.45300D+03       0.22097D-02       0.41095D-01       0.38734D+00       0.28444D+00
       0.45400D+03       0.22125D-02       0.68331D-01       0.38744D+00       0.28376D+00
       0.45500D+03       0.22069D-02       0.71283D-01       0.38744D+00       0.28409D+00
       0.45600D+03       0.22061D-02       0.92263D-01       0.38746D+00       0.28419D+00
       0.45700D+03       0.22022D-02       0.10130D+00       0.38737D+00       0.28433D+00
       0.45800D+03       0.21998D-02       0.34023D-01       0.38745D+00       0.28367D+00
       0.45900D+03       0.21963D-02       0.71989D-01       0.38745D+00       0.28406D+00
       0.46000D+03       0.21966D-02       0.68508D-01       0.38747D+00       0.28419D+00
       0.46100D+03       0.21927D-02       0.11388D+00       0.38742D+00       0.28433D+00
       0.46200D+03       0.22012D-02      -0.25991D-03       0.38740D+00       0.28456D+00
       0.46300D+03       0.22078D-02       0.67767D-01       0.38744D+00       0.28393D+00
       0.46400D+03       0.22073D-02       0.54078D-01       0.38745D+00       0.28411D+00
       0.46500D+03       0.22049D-02       0.10076D+00       0.38744D+00       0.28426D+00
       0.46600D+03       0.22095D-02       0.31681D-01       0.38734D+00       0.28445D+00
       0.46700D+03       0.22138D-02       0.69927D-01       0.38744D+00       0.28380D+00
       0.46800D+03       0.22088D-02       0.69115D-01       0.38744D+00       0.28408D+00
       0.46900D+03       0.22079D-02       0.94003D-01       0.38745D+00       0.28420D+00
       0.47000D+03       0.22047D-02       0.94762D-01       0.38737D+00       0.28437D+00
       0.47100D+03       0.22016D-02       0.40946D-01       0.38745D+00       0.28373D+00
       0.47200D+03       0.21974D-02       0.73136D-01       0.38744D+00       0.28414D+00
       0.47300D+03       0.21976D-02       0.72661D-01       0.38747D+00       0.28427D+00
       0.47400D+03       0.21937D-02       0.11500D+00       0.38742D+00       0.28441D+00
       0.47500D+03       0.22006D-02       0.14476D-02       0.38741D+00       0.28380D+00
       0.47600D+03       0.22053D-02       0.67467D-01       0.38744D+00       0.28404D+00
       0.47700D+03       0.22055D-02       0.53915D-01       0.38745D+00       0.28422D+00
       0.47800D+03       0.22030D-02       0.10229D+00       0.38744D+00       0.28437D+00
       0.47900D+03       0.22090D-02       0.23006D-01       0.38735D+00       0.28455D+00
       0.48000D+03       0.22147D-02       0.70710D-01       0.38743D+00       0.28391D+00
       0.48100D+03       0.22103D-02       0.66577D-01       0.38743D+00       0.28417D+00
       0.48200D+03       0.22092D-02       0.95310D-01       0.38745D+00       0.28428D+00
       0.48300D+03       0.22067D-02       0.87102D-01       0.38736D+00       0.28445D+00
       0.48400D+03       0.22036D-02       0.47506D-01       0.38745D+00       0.28382D+00
       0.48500D+03       0.21988D-02       0.74029D-01       0.38744D+00       0.28422D+00
       0.48600D+03       0.21989D-02       0.76827D-01       0.38747D+00       0.28434D+00
       0.48700D+03       0.21949D-02       0.11536D+00       0.38741D+00       0.28449D+00
       0.48800D+03       0.22001D-02       0.46771D-02       0.38742D+00       0.28389D+00
       0.48900D+03       0.22029D-02       0.67514D-01       0.38744D+00       0.28412D+00
       0.49000D+03       0.22034D-02       0.54605D-01       0.38745D+00       0.28427D+00
       0.49100D+03       0.22008D-02       0.10411D+00       0.38744D+00       0.28441D+00
       0.49200D+03       0.22082D-02       0.15367D-01       0.38736D+00       0.28461D+00
       0.49300D+03       0.22149D-02       0.70827D-01       0.38743D+00       0.28400D+00
       0.49400D+03       0.22112D-02       0.63837D-01       0.38743D+00       0.28422D+00
       0.49500D+03       0.22099D-02       0.96293D-01       0.38745D+00       0.28433D+00
       0.49600D+03       0.22082D-02       0.78494D-01       0.38736D+00       0.28449D+00
       0.49700D+03       0.22056D-02       0.53469D-01       0.38745D+00       0.28387D+00
       0.49800D+03       0.22006D-02       0.74526D-01       0.38744D+00       0.28427D+00
       0.49900D+03       0.22005D-02       0.80820D-01       0.38746D+00       0.28439D+00
       0.50000D+03       0.21965D-02       0.11475D+00       0.38740D+00       0.28453D+00
       0.50100D+03       0.21999D-02       0.92226D-02       0.38743D+00       0.28394D+00
       0.50200D+03       0.22011D-02       0.67929D-01       0.38744D+00       0.28420D+00
       0.50300D+03       0.22018D-02       0.56149D-01       0.38746D+00       0.28434D+00
       0.50400D+03       0.21990D-02       0.10616D+00       0.38743D+00       0.28449D+00
       0.50500D+03       0.22073D-02       0.90247D-02       0.38736D+00       0.28467D+00
       0.50600D+03       0.22148D-02       0.70452D-01       0.38743D+00       0.28407D+00
       0.50700D+03       0.22117D-02       0.61093D-01       0.38743D+00       0.28429D+00
       0.50800D+03       0.22103D-02       0.97086D-01       0.38744D+00       0.28440D+00
       0.50900D+03       0.22095D-02       0.69162D-01       0.38735D+00       0.28456D+00
       0.51000D+03       0.22080D-02       0.58655D-01       0.38745D+00       0.28395D+00
       0.51100D+03       0.22028D-02       0.74515D-01       0.38744D+00       0.28431D+00
       0.51200D+03       0.22025D-02       0.84481D-01       0.38746D+00       0.28440D+00
       0.51300D+03       0.21985D-02       0.11304D+00       0.38740D+00       0.28451D+00
       0.51400D+03       0.22002D-02       0.14831D-01       0.38744D+00       0.28394D+00
       0.51500D+03       0.21999D-02       0.68689D-01       0.38744D+00       0.28421D+00
       0.51600D+03       0.22007D-02       0.58495D-01       0.38746D+00       0.28436D+00
       0.51700D+03       0.21978D-02       0.10834D+00       0.38743D+00       0.28450D+00
       0.51800D+03       0.22065D-02       0.41939D-02       0.38737D+00       0.28470D+00
       0.51900D+03       0.22144D-02       0.69775D-01       0.38743D+00       0.28412D+00
       0.52000D+03       0.22118D-02       0.58550D-01       0.38744D+00       0.28431D+00
       0.52100D+03       0.22103D-02       0.97832D-01       0.38744D+00       0.28441D+00
       0.52200D+03       0.22105D-02       0.59372D-01       0.38735D+00       0.28457D+00
       0.52300D+03       0.22102D-02       0.62940D-01       0.38744D+00       0.28398D+00
       0.52400D+03       0.22050D-02       0.73925D-01       0.38744D+00       0.28429D+00
       0.52500D+03       0.22047D-02       0.87695D-01       0.38746D+00       0.28438D+00
       0.52600D+03       0.22008D-02       0.11010D+00       0.38739D+00       0.28450D+00
       0.52700D+03       0.22009D-02       0.21216D-01       0.38744D+00       0.28393D+00
       0.52800D+03       0.21994D-02       0.69726D-01       0.38744D+00       0.28423D+00
       0.52900D+03       0.22001D-02       0.61542D-01       0.38746D+00       0.28435D+00
       0.53000D+03       0.21970D-02       0.11050D+00       0.38743D+00       0.28446D+00
       0.53100D+03       0.22056D-02       0.10251D-02       0.38738D+00       0.28465D+00
       0.53200D+03       0.22129D-02       0.68983D-01       0.38743D+00       0.28409D+00
       0.53300D+03       0.22114D-02       0.56409D-01       0.38744D+00       0.28427D+00
       0.53400D+03       0.22096D-02       0.98662D-01       0.38744D+00       0.28438D+00
       0.53500D+03       0.22111D-02       0.49421D-01       0.38735D+00       0.28452D+00
       0.53600D+03       0.22122D-02       0.66266D-01       0.38744D+00       0.28395D+00
       0.53700D+03       0.22072D-02       0.72737D-01       0.38743D+00       0.28423D+00
       0.53800D+03       0.22067D-02       0.90393D-01       0.38745D+00       0.28431D+00
       0.53900D+03       0.22031D-02       0.10588D+00       0.38738D+00       0.28443D+00
       0.54000D+03       0.22019D-02       0.28072D-01       0.38744D+00       0.28387D+00
       0.54100D+03       0.21995D-02       0.70933D-01       0.38744D+00       0.28417D+00
       0.54200D+03       0.22000D-02       0.65147D-01       0.38746D+00       0.28428D+00
       0.54300D+03       0.21969D-02       0.11249D+00       0.38742D+00       0.28440D+00
       0.54400D+03       0.22047D-02      -0.40606D-03       0.38739D+00       0.28458D+00
       0.54500D+03       0.22112D-02       0.68245D-01       0.38743D+00       0.28403D+00
       0.54600D+03       0.22102D-02       0.54845D-01       0.38744D+00       0.28419D+00
       0.54700D+03       0.22083D-02       0.99686D-01       0.38744D+00       0.28431D+00
       0.54800D+03       0.22111D-02       0.39626D-01       0.38735D+00       0.28448D+00
       0.54900D+03       0.22136D-02       0.68632D-01       0.38743D+00       0.28392D+00
       0.55000D+03       0.22090D-02       0.70982D-01       0.38743D+00       0.28416D+00
       0.55100D+03       0.22083D-02       0.92559D-01       0.38745D+00       0.28424D+00
       0.55200D+03       0.22052D-02       0.10038D+00       0.38738D+00       0.28436D+00
       0.55300D+03       0.22030D-02       0.35091D-01       0.38744D+00       0.28381D+00
       0.55400D+03       0.21998D-02       0.72174D-01       0.38744D+00       0.28414D+00
       0.55500D+03       0.22003D-02       0.69132D-01       0.38746D+00       0.28424D+00
       0.55600D+03       0.21970D-02       0.11410D+00       0.38742D+00       0.28436D+00
       0.55700D+03       0.22039D-02      -0.10457D-03       0.38740D+00       0.28455D+00
       0.55800D+03       0.22091D-02       0.67701D-01       0.38743D+00       0.28403D+00
       0.55900D+03       0.22088D-02       0.53999D-01       0.38744D+00       0.28418D+00
       0.56000D+03       0.22067D-02       0.10097D+00       0.38743D+00       0.28430D+00
       0.56100D+03       0.22108D-02       0.30304D-01       0.38735D+00       0.28446D+00
       0.56200D+03       0.22146D-02       0.70095D-01       0.38743D+00       0.28392D+00
       0.56300D+03       0.22105D-02       0.68748D-01       0.38743D+00       0.28416D+00
       0.56400D+03       0.22097D-02       0.94228D-01       0.38745D+00       0.28425D+00
       0.56500D+03       0.22071D-02       0.93664D-01       0.38737D+00       0.28440D+00
       0.56600D+03       0.22045D-02       0.41975D-01       0.38744D+00       0.28386D+00
       0.56700D+03       0.22009D-02       0.73292D-01       0.38744D+00       0.28420D+00
       0.56800D+03       0.22010D-02       0.73300D-01       0.38746D+00       0.28431D+00
       0.56900D+03       0.21977D-02       0.11511D+00       0.38741D+00       0.28443D+00
       0.57000D+03       0.22033D-02       0.18458D-02       0.38741D+00       0.28392D+00
