   2.7243345726211390E-006  -275.74716041228095     
  -3.1111009183324226E-006  -4.6903355699328131E-002
   14.767740214866762        58.668412439591975     
 
   4746549.1628874447        1.5921148636508588E-002
  -37949200.460494779        3768.0076874477422     
 
   2.1067225571190236E-007  -8.9016386775199804E-013
   2.1217694672196656E-003   2.6538327464779312E-004
 
  -1034.9319627069829        1152.0703065784326     
 
 
   3.9320216314293243E-005  -275.39852130472434     
   3.7859625160451595E-005  0.57660418670451463     
   194.57147599366002        783.34222018004141     
 
  -5139412.6087720413        8.2533555215817817E-003
  -78072610.060897231        3767.6756120000086     
 
  -1.9458123993675381E-007   4.2624374187451488E-013
  -4.0320523408022176E-003   2.6542446350114496E-004
 
  -1034.7494736673905        1152.0635845079739     
 
 
  -4.7473389557708273E-005  -289.06811685764785     
  -1.0047473389557708E-002   0.0000000000000000     
   143877.92277716714        2255.4813792118057     
 
   14319811.279788887      -0.43481773963365294     
   224482.44367144333        3761.0660810614813     
 
   6.9833195991038799E-008   8.0734323135443474E-012
  -4.1680539899024897E-006   2.6588157881394018E-004
 
  -1036.2694863198012        1164.5281911648492     
 
 
  -9.9547144667325171E-005  -419.85254887080634     
  -1.0099547144667325E-002   0.0000000000000000     
   145263.39332158322        4943.8239932657325     
 
   14383159.090284949       -1.1445186027510832     
   489509.47230105160        3793.7688898349938     
 
   6.9525041506395483E-008   2.0974578492200077E-011
  -8.9708064375488622E-006   2.6358741446389059E-004
 
  -1008.8709562082762        1149.3839300340119     
 
 
  -5.7766917773515947E-008  -281.14421488852815     
  -6.2747911998676817E-007  -6.4874189629335888E-003
   5.3302365358057102        14.591270744834105     
 
   8494684.9822518490       -1.4203221662189316E-004
  -15714765.236699104        3769.1349897485184     
 
   1.1772067731776379E-007   4.4360652476360903E-015
   4.9081627816076139E-004   2.6531288277856170E-004
 
  -832.13266700960185        985.59679946613142     
 
 
  -8.5844344707462078E-005  -8.8644265742061634     
  -1.0085844344707462E-002   0.0000000000000000     
   144905.18327187540        4654.9653786291392     
 
   14367184.176098676      -0.11227569367683321     
   461534.52497725998        3776.2783736325855     
 
   6.9602994757494837E-008   2.0694249059995425E-012
  -8.5068371406881432E-006   2.6481073320000281E-004
 
  -1278.9561487529327        1268.7189100832256     
 
 
  -1.0277697316885687E-004   137.25123447421817     
  -1.0102776973168857E-002   0.0000000000000000     
   145293.22176755991        4801.4987679391852     
 
   14381513.335732576       0.24114905886042826     
   475265.24446605763        3770.7251932993977     
 
   6.9533858510613927E-008  -4.4468964666440330E-012
  -8.7641036059694740E-006   2.6520153609505838E-004
 
  -1298.5058680453183        1280.0580088444019     
 
 
   9.8732986236549705E-005   158.48012413902609     
  -9.9012670137634505E-003   1.3209801122901297     
   139557.67665474827       -9688.3246426102342     
 
   14094896.504237307      -0.25953073060814597     
  -474581.25116100255        3777.0204931316807     
 
   7.0947829471750258E-008   4.8750442448879622E-012
   8.9145689675469825E-006   2.6475956787183191E-004
 
  -1339.9570882974999        1591.2872262812232     
 
 
  -7.3923343973418393E-007   159.61583174027152     
  -3.8758451390205801E-006  -3.8888371602524785E-002
   15.689031719942605        41.462711642658860     
 
   4047958.3871605992       -5.8659666627595211E-003
  -27155692.470208559        3772.6951336403672     
 
   2.4704068944064097E-007   3.8411066817520030E-013
   1.7781879405678581E-003   2.6506526378828937E-004
 
  -1383.9382842202499        1650.8709649420014     
 
 
   9.1579946935602466E-005  -276.53943965819042     
  -9.9084200530643977E-003   1.8293239213747370     
   139820.51733737069       -13759.911201025099     
 
   14111424.852880996       0.76949315002964613     
  -689582.14145458466        3786.7769624941775     
 
   7.0863862473347046E-008  -1.4399912457998983E-011
   1.2904497550319872E-005   2.6407419290384681E-004
 
  -1356.0206734438570        1507.3023354220518     
 
 
  0.26950620689017740        1.5465969394574458E-003
   5.5511151231257827E-017   8.5521867365656590E-016
  -7.1963768277782947E-010  -6.9277916736609768E-012
 
   14252691.696438935        1.3696766370993889     
   73734.307496592955        3747.4896052060722     
 
   7.0162318256980961E-008  -2.5643750415695760E-011
  -1.3804894726985033E-006   2.6684580777354525E-004
 
   2533.9652080289538       -2875.6393201996893     
 
 
