   5.4053928511358165E-005  -625.77359041503792     
  -9.9459460714886420E-003 -0.24484807666487995     
   146588.21630476217        1503.1484672574588     
 
   14738444.628452899        1.8005146464574806     
   55768.083114812413        3873.7576909186728     
 
   6.7849884023644877E-008  -3.1536487228255698E-011
  -9.7679263223706109E-007   2.5814773109680166E-004
 
  -895.97049580301109        2141.4609066021699     
 
 
   6.1544075007493454E-005  -586.92779318436317     
  -9.9384559249925068E-003  -3.8442740261757535E-002
   146099.92733183538        915.69209832912020     
 
   14700456.838155443        2.2102631662435908     
   77384.781516433824        3813.6422368610406     
 
   6.8025304378252402E-008  -3.9425256828368471E-011
  -1.3803401027026601E-006   2.6221732108200465E-004
 
  -904.06827429819430        2140.3983469433106     
 
 
   4.8311388408162070E-005  -595.35191405533919     
  -9.9516886115918381E-003 -0.17065648687082557     
   146826.12386297475        2250.5026491224089     
 
   14753867.530050389        1.3382862958428599     
   160758.15984759259        3812.8494994698221     
 
   6.7779097406565302E-008  -2.3790038714199873E-011
  -2.8577165127354939E-006   2.6227204209919568E-004
 
  -187.34784582285891        418.82562414692336     
 
 
   7.1328221475198267E-005  -9.6747324055721844     
  -9.9286717785248019E-003  -6.0686287231943581E-002
   146238.13712328370        634.86265961308550     
 
   14728871.917013910        3.6109000900352128E-002
   40424.890899349411        3847.6103390266703     
 
   6.7893863928734667E-008  -6.3716940586848522E-013
  -7.1332640268054658E-007   2.5990158504732411E-004
 
  -1091.6919080731968        2280.7620812575260     
 
 
   6.7040727371753955E-005   53.263751935367047     
  -9.9329592726282463E-003   4.1255712316001336E-002
   146304.87021364615        80.577707194866434     
 
   14729232.442720795      -0.10284699016059838     
   24089.508044451028        3846.7980844140034     
 
   6.7892197381145751E-008   1.8151480797318143E-012
  -4.2515609061859757E-007   2.5995644542032399E-004
 
  -1078.9693723307914        2233.5551436658961     
 
 
   6.3455563652380434E-005   106.94644971314464     
  -9.9365444363476198E-003  0.15509335422511583     
   146414.10981503030       -680.07582097562681     
 
   14734909.039842103      -0.20229815231790621     
  -8435.2303864130263        3844.5153397400759     
 
   6.7866047046451716E-008   3.5711070731598370E-012
   1.4890452805181664E-007   2.6011081807537277E-004
 
  -1078.8224290474441        2224.0429949819700     
 
 
   7.2616128477460588E-006   194.14475449155671     
  -6.0466956679007362E-005 -0.14885594100991284     
   805.80502306370011        511.28072025474285     
 
   13326455.458141601       -3.4810894574368256E-002
  -1001341.7851611425        3841.4913554632794     
 
   7.5038759108973820E-008   6.7998755968015939E-013
   1.9559967223561552E-005   2.6031574416477061E-004
 
   89.797457419926957       -298.68272783680641     
 
 
   6.5975627049618193E-005   189.16152307771162     
  -9.9340243729503820E-003  0.15032094565705734     
   146345.16196817017       -597.90646668393128     
 
   14731703.023796009      -0.43290516504050924     
  -2060.6595690506388        3841.3530581291889     
 
   6.7880815554626733E-008   7.6498971107517933E-012
   3.6414057758004371E-008   2.6032494296445965E-004
 
   89.683238242055893       -298.67303166754482     
 
 
   6.6466696242733006E-005   228.18470711948655     
  -9.9335333037572672E-003  0.22699736525328262     
   146394.31779729342       -2001.2827641272233     
 
   14737371.909220897      -0.63052357744037146     
  -113360.12443144055        3855.6226932098780     
 
   6.7854788768591165E-008   1.1096532924806065E-011
   1.9950155682045882E-006   2.5936180416861110E-004
 
   101.86479626634620       -320.15992123858638     
 
 
   5.2771551012768467E-005   524.20362587404031     
  -9.9472284489872317E-003  0.25191017848419506     
   146627.81133821374       -1033.3251046248733     
 
   14740534.737261361       -1.3689261984599945     
  -7398.7094818654668        3809.8041808239946     
 
   6.7840156288486929E-008   2.4376099884179487E-011
   1.3174682575793299E-007   2.6248072942567844E-004
 
  -299.62396586178534        297.65638211777787     
 
 
   6.9646712719889647E-005   150.97906487948671     
  -9.9303532872801106E-003  -6.1827543333635049E-002
   146278.38626914055        597.07370521028542     
 
   14730433.365352711      -0.34165275220071534     
   36167.580102459775        3848.0723059463653     
 
   6.7886650528394510E-008   6.0273454204260482E-012
  -6.3805866305559581E-007   2.5987032012371957E-004
 
  -557.63011201451320        1127.8525899328965     
 
 
  0.34846697292535805        3.9837664805001539E-002
  -5.5511151231257827E-017  -5.2527426852577719E-015
   6.2391336541622877E-010   1.3084644479022245E-011
 
   14742261.911950711        11.002913635123397     
  -174930.57200579261        3899.5142450447247     
 
   6.7829925018639011E-008  -1.9138968598598385E-010
   3.0428219611451775E-006   2.5643361127952123E-004
 
  -655.09259602335192        1079.7160796586713     
 
 
   6.0256105650659947E-005   91.497869011590865     
  -9.9397438943493403E-003  0.37118391397265782     
   146517.43848251257       -2357.6775425585001     
 
   14740555.667770021      -0.24323381359740437     
  -93677.663343377470        3843.2310954329887     
 
   6.7840075011124810E-008   4.2935227546681825E-012
   1.6535825065616155E-006   2.6019783285879055E-004
 
  -274.61984362552579        448.88544349057776     
 
 
   7.3049583556653844E-006   182.20884205268464     
  -6.4725228976445214E-005   8.9101123049317721E-004
   860.51041711722030       -27.725124250187037     
 
   13294821.734673308       -4.0560060973646478E-002
  -375435.11172147648        3843.9478213698894     
 
   7.5217277668545467E-008   7.9366773699354342E-013
   7.3464074844834696E-006   2.6014929037573663E-004
 
  -1273.7559930777682        2701.6680576698591     
 
 
   7.0478734632537648E-005   181.15447690639726     
  -9.9295212653674626E-003  -7.5269302175513531E-003
   146244.51671954268        384.79741561919809     
 
   14728254.879562290      -0.43959796337188101     
   35838.114898281005        3845.1388267884395     
 
   6.7896687692463349E-008   7.7623323822179771E-012
  -6.3282222160169698E-007   2.6006856107400059E-004
 
  -1273.8430753086286        2701.6768887642079     
 
 
