  -5.0286894381525518E-005  -400.89367940784035     
  -1.0050286894381526E-002   0.0000000000000000     
   177613.77955036936       -515.76179518034769     
 
   17672508.398706697       -1.1118768606764067     
  -51318.116646870352        4208.9662972130545     
 
   5.6585106343868186E-008   1.4948010024295053E-011
   6.8991787597656810E-007   2.3758820966703097E-004
 
   272.07025967932333        696.88260935112760     
 
 
   3.3214792939649865E-005   103.30780803122266     
  -9.9667852070603503E-003  0.22320566368551908     
   174597.84881530577       -1967.5357336950005     
 
   17517965.799978044      -0.20797991719566603     
  -103534.29774365516        4191.7916018403703     
 
   5.7084270209085269E-008   2.8322929474948402E-012
   1.4099412350823655E-006   2.3856154795491737E-004
 
   167.48176561757415        1083.8191544022268     
 
 
  -4.5142709684286783E-005   229.17606685249623     
  -1.0045142709684287E-002   0.0000000000000000     
   177398.00306876918        532.56300672536781     
 
   17660077.929778330       0.83529129871857444     
   53016.967714352511        4195.9503590920676     
 
   5.6624925529955559E-008  -1.1272370628329762E-011
  -7.1547125006952390E-007   2.3832517357123665E-004
 
   598.43644201003121        1518.8721482328565     
 
 
   2.7798172712777125E-005   139.07519084341590     
  -9.9722018272872231E-003   1.0800686377649527E-002
   174741.95136373510        154.90817476001394     
 
   17522905.332322627      -0.25825824797931829     
   20069.619425651330        4187.7080000236911     
 
   5.7068157956768453E-008   3.5194245848179091E-012
  -2.7349953996525532E-007   2.3879409198559944E-004
 
   412.51467328792506        1259.3677750272684     
 
 
  -3.9158461849507498E-005  -254.17598029417459     
  -1.0039158461849508E-002   0.0000000000000000     
   177170.87325627511        1119.1017985450771     
 
   17647980.548325267      -0.49829931877432537     
   111473.66612429083        4193.0273284486702     
 
   5.6663664525703887E-008   6.7339092308901458E-012
  -1.5064310165262166E-006   2.3849099254891545E-004
 
   404.06678486135536        1055.4864395049397     
 
 
