  0.29999999999999999       -837.70213929982890        532.35951130272383        1.0000000000000000       0.64457070827484131     
  0.29999999999999999       -1586.0662765115781        1008.0397009740416        1.0000000000000000       0.11379003524780273     
  0.29999999999999999       -1563.6126027086223        993.59820569380872        1.0000000000000000       0.51779735088348389     
  0.29999999999999999       -728.01643214258502        462.60727253425028        1.0000000000000000      -0.25885939598083496     
  0.29999999999999999       -1029.4400494877232        654.12104857197608        1.0000000000000000      -0.90375852584838867     
  0.29999999999999999       -1805.8528856713549        1147.4337223400444        1.0000000000000000       0.74810397624969482     
  0.29999999999999999       -179.28537591458431        113.77618977351219        1.0000000000000000      -0.75374341011047363     
  0.29999999999999999       -174.19638609708468        110.59819315961566        1.0000000000000000       0.80445885658264160     
  0.29999999999999999       -1926.5010190559510        1224.2314213447180        1.0000000000000000      -0.27906072139739990     
  0.29999999999999999       -1089.0054096421316        691.94341496957350        1.0000000000000000      -0.21248900890350342     
  0.29999999999999999       -142.30753359234308        90.592261682752849        1.0000000000000000       0.50901234149932861     
  0.29999999999999999       -1645.7290192573912        1045.8772030318958        1.0000000000000000       0.74799668788909912     
  0.29999999999999999       -231.24310236493201        147.03930517072885        1.0000000000000000      -0.98407161235809326     
  0.29999999999999999       -1396.2980370410924        887.34010402872639        1.0000000000000000        1.3626813888549805E-003
  0.29999999999999999       -793.08361605300763        504.02516144081773        1.0000000000000000      -0.18925595283508301     
  0.29999999999999999       -836.69317847376317        531.61294384449377        1.0000000000000000       0.16180658340454102     
  0.29999999999999999       -73.032269954543438        46.567558492741242        1.0000000000000000       0.69130337238311768     
  0.29999999999999999       -1916.2706032329852        1217.6434136934672        1.0000000000000000       0.53573763370513916     
  0.29999999999999999       -1091.8281910945325        693.95874240873252        1.0000000000000000      -0.73564970493316650     
  0.29999999999999999       -1774.4117555886007        1127.6379915282525        1.0000000000000000      -0.16635203361511230     
  0.29999999999999999       -378.92287416498641        240.83069232502555        1.0000000000000000      -0.60699129104614258     
  0.29999999999999999       -402.16282475306554        255.62045317917267        1.0000000000000000      -0.89592599868774414     
  0.29999999999999999       -1656.5837638363037        1052.6358725536131        1.0000000000000000       0.84455311298370361     
  0.29999999999999999       -1598.9971134713044        1016.1026162032263        1.0000000000000000       0.75105595588684082     
  0.29999999999999999       -529.78281722650695        336.47576828890863        1.0000000000000000       0.57495868206024170     
  0.29999999999999999       -789.40411331604230        501.64721638491505        1.0000000000000000      -0.76328074932098389     
  0.29999999999999999       -606.77678913208354        385.70603127819930        1.0000000000000000      -0.23305642604827881     
  0.29999999999999999       -1950.9476606101512        1239.7455211363344        1.0000000000000000      -0.52177608013153076     
  0.29999999999999999       -1787.9744728434932        1136.1942303765227        1.0000000000000000        9.8649144172668457E-002
  0.29999999999999999       -1464.9809676844077        930.96375134147615        1.0000000000000000       0.67798304557800293     
  0.29999999999999999       -1433.4944139537683        910.91317467205636        1.0000000000000000      -0.40999722480773926     
  0.29999999999999999       -134.98929041485962        85.694566042899936        1.0000000000000000      -0.18935298919677734     
  0.29999999999999999       -227.43572335771569        144.46768406345058        1.0000000000000000       -6.9785833358764648E-002
  0.29999999999999999       -1364.0555258780912        866.82779006514966        1.0000000000000000       0.40425610542297363     
  0.29999999999999999       -1826.1874419258172        1160.4305390117493        1.0000000000000000      -0.75313091278076172     
  0.29999999999999999       -1914.3605629302585        1216.3708078160157        1.0000000000000000      -0.79347229003906250     
  0.29999999999999999       -1702.1740657116459        1081.6835693441344        1.0000000000000000      -0.45774853229522705     
  0.29999999999999999       -951.00688807013898        604.33823971452398        1.0000000000000000      -0.67584252357482910     
  0.29999999999999999       -1221.6170057474565        776.14121692614492        1.0000000000000000      -0.18716692924499512     
  0.29999999999999999       -328.43617012402262        208.75345705111963        1.0000000000000000      -0.96435117721557617     
  0.29999999999999999       -1205.0316990742290        765.80984882463906        1.0000000000000000      -0.93916273117065430     
  0.29999999999999999       -1294.5308371427652        822.68058142888833        1.0000000000000000      -0.78941512107849121     
  0.29999999999999999       -1699.2175739388729        1079.8925671112452        1.0000000000000000      -0.12645542621612549     
  0.29999999999999999       -315.81853595918227        200.74890824033187        1.0000000000000000       0.13441300392150879     
  0.29999999999999999       -76.794980246318190        48.829977184206534        1.0000000000000000      -0.22221839427947998     
  0.29999999999999999       -427.52036047179769        271.69912429350057        1.0000000000000000      -0.63261473178863525     
  0.29999999999999999       -1617.4542769534398        1027.6296935628091        1.0000000000000000       0.14986443519592285     
  0.29999999999999999       -1567.7953159022977        996.12686662541159        1.0000000000000000      -0.67370057106018066     
  0.29999999999999999       -211.37190609557564        134.44623690770251        1.0000000000000000       0.38532090187072754     
  0.29999999999999999       -1839.1360638841945        1168.7380670026698        1.0000000000000000       0.46562600135803223     
  0.29999999999999999       -1544.3122247676708        981.33048592474790        1.0000000000000000       0.75490474700927734     
  0.29999999999999999       -1725.6034005252077        1096.5357016380703        1.0000000000000000       0.93496537208557129     
  0.29999999999999999       -267.91645230564870        170.11074858492145        1.0000000000000000      -0.24423098564147949     
  0.29999999999999999       -1027.6973447523408        653.22211459066023        1.0000000000000000      -0.67994356155395508     
  0.29999999999999999       -314.21758421154357        199.63828454951275        1.0000000000000000       0.84500563144683838     
  0.29999999999999999       -716.65853242773812        455.41206050136606        1.0000000000000000       0.73714184761047363     
  0.29999999999999999       -82.575077591574427        52.469774626941167        1.0000000000000000       0.76728057861328125     
  0.29999999999999999       -337.59771326943383        214.46135816229196        1.0000000000000000       0.74511396884918213     
  0.29999999999999999       -1459.6514487994773        927.43522443721997        1.0000000000000000      -0.41873562335968018     
  0.29999999999999999       -13.471653455410538        8.5698348659894652        1.0000000000000000      -0.12652480602264404     
  0.29999999999999999       -664.98591471341661        422.52775362036436        1.0000000000000000       0.68101513385772705     
  0.29999999999999999       -563.81728683637357        358.29039091191436        1.0000000000000000       0.74349856376647949     
  0.29999999999999999       -1676.1285095469484        1065.1292532863656        1.0000000000000000       0.96521306037902832     
  0.29999999999999999       -658.43181935272798        418.33458706363058        1.0000000000000000       0.67341196537017822     
  0.29999999999999999       -770.32434845988519        489.70002777306900        1.0000000000000000       0.62134170532226562     
  0.29999999999999999       -1595.0431788452684        1013.5177758413062        1.0000000000000000       0.12635481357574463     
  0.29999999999999999       -1583.7589253647370        1006.4752498688439        1.0000000000000000       -5.8870077133178711E-002
  0.29999999999999999       -1086.2812152358536        690.29438790708377        1.0000000000000000       0.60931110382080078     
  0.29999999999999999       -703.82711977142981        447.31786146786123        1.0000000000000000      -0.20478475093841553     
  0.29999999999999999       -855.65531290520869        543.62105497268908        1.0000000000000000       -8.6020231246948242E-002
  0.29999999999999999       -1214.7370669572119        772.00301697085195        1.0000000000000000       0.43470001220703125     
  0.29999999999999999       -254.40270403468756        161.66994907042456        1.0000000000000000       0.95092833042144775     
  0.29999999999999999       -1014.4107170723212        644.41914279860566        1.0000000000000000       -8.1598997116088867E-002
  0.29999999999999999       -3.0651294141995016        1.9545927073770011        1.0000000000000000      -0.96063292026519775     
  0.29999999999999999       -1323.6283537150493        841.19676813624073        1.0000000000000000       0.34157538414001465     
  0.29999999999999999       -674.21222020593518        428.46373319749830        1.0000000000000000      -0.19796395301818848     
  0.29999999999999999       -1687.9866178833406        1072.6193715361640        1.0000000000000000      -0.90340459346771240     
  0.29999999999999999       -526.28493604481480        334.40362112514242        1.0000000000000000      -0.62960612773895264     
  0.29999999999999999       -299.84232085183891        190.51208644607556        1.0000000000000000       0.72969305515289307     
  0.29999999999999999       -1060.2251450325416        673.69814772877680        1.0000000000000000       0.54226100444793701     
  0.29999999999999999       -124.71364023922072        79.209709271351969        1.0000000000000000       -1.1322259902954102E-002
  0.29999999999999999       -1314.6611064312260        835.43101711595102        1.0000000000000000       0.10696709156036377     
  0.29999999999999999       -1498.8589549990909        952.29039528421151        1.0000000000000000       0.53135728836059570     
  0.29999999999999999       -952.71355931470566        605.46863032165516        1.0000000000000000      -0.88480842113494873     
  0.29999999999999999       -299.63449476361706        190.36894739255277        1.0000000000000000       0.56134057044982910     
  0.29999999999999999       -313.21419012897559        199.04577603370532        1.0000000000000000       0.80175662040710449     
  0.29999999999999999       -16.939977685043463        10.739002640188863        1.0000000000000000      -0.81750488281250000     
  0.29999999999999999       -935.20146538972483        594.22415778593586        1.0000000000000000       0.71677696704864502     
  0.29999999999999999       -494.36682422527088        314.20278642214680        1.0000000000000000      -0.40020215511322021     
  0.29999999999999999       -884.70100590449783        562.28494418068124        1.0000000000000000       -9.1742873191833496E-002
  0.29999999999999999       -1316.6193072433850        836.56677312094450        1.0000000000000000      -0.23452961444854736     
  0.29999999999999999       -1491.1597695902526        947.60009494346502        1.0000000000000000       0.40705657005310059     
  0.29999999999999999       -1904.9370999289715        1210.5225087187807        1.0000000000000000        8.1435680389404297E-002
  0.29999999999999999       -556.31046965076871        353.50068072690163        1.0000000000000000      -0.60506713390350342     
  0.29999999999999999       -111.11411342744985        70.579802359629682        1.0000000000000000       -2.6764392852783203E-002
  0.29999999999999999       -1381.0844602597274        877.61289185679880        1.0000000000000000        4.2336225509643555E-002
  0.29999999999999999       -1216.7687409940222        773.11520513431719        1.0000000000000000      -0.83213150501251221     
  0.29999999999999999       -1069.6156614893612        679.73019321947470        1.0000000000000000       0.70764112472534180     
  0.29999999999999999       -625.01964016633315        397.18473202483807        1.0000000000000000        3.0716419219970703E-002
  0.29999999999999999       -1259.6901011038935        800.66321759879963        1.0000000000000000       0.64667510986328125     
  0.29999999999999999       -1473.4234586246580        936.25448950950647        1.0000000000000000      -0.49155223369598389     
  0.29999999999999999       -105.49088173455070        67.019365808251067        1.0000000000000000       0.84177565574645996     
  0.29999999999999999       -1217.6438237473931        773.72935564756710        1.0000000000000000       0.82082390785217285     
  0.29999999999999999       -1754.7439006467680        1115.0762693876000        1.0000000000000000      -0.18012678623199463     
  0.29999999999999999       -725.49001098020005        461.17848730612809        1.0000000000000000       0.94346201419830322     
  0.29999999999999999       -1080.9661897743811        686.85265118349537        1.0000000000000000      -0.15510416030883789     
  0.29999999999999999       -261.71228061274451        166.42462963470925        1.0000000000000000       0.53573131561279297     
  0.29999999999999999       -1217.3340899898337        773.47612903428796        1.0000000000000000       0.54983031749725342     
  0.29999999999999999       -1820.7960414638417        1157.0037224535599        1.0000000000000000      -0.77448189258575439     
  0.29999999999999999       -1818.4679601386702        1155.7127881017939        1.0000000000000000       0.51346766948699951     
  0.29999999999999999       -338.98156222100613        215.35439398626272        1.0000000000000000       0.68017125129699707     
  0.29999999999999999       -1193.3274927088298        758.34586017581512        1.0000000000000000       0.87219989299774170     
  0.29999999999999999       -1743.7938669909252        1108.2245229126625        1.0000000000000000      -0.26907193660736084     
  0.29999999999999999       -67.373306669469244        42.776297942825863        1.0000000000000000      -0.22749793529510498     
  0.29999999999999999       -1864.2047030810938        1184.5877151403174        1.0000000000000000      -0.49961459636688232     
  0.29999999999999999       -710.62892916906071        451.57642595693784        1.0000000000000000       0.42106258869171143     
  0.29999999999999999       -789.45597333867704        501.69039793023148        1.0000000000000000      -0.80587685108184814     
  0.29999999999999999       -1599.7977582564363        1016.5763739192348        1.0000000000000000      -0.98374629020690918     
  0.29999999999999999       -1533.4591281227536        974.36342122518931        1.0000000000000000       0.52400040626525879     
  0.29999999999999999       -517.85185703681407        329.22389436692976        1.0000000000000000      -0.83104252815246582     
  0.29999999999999999       -511.02106424919509        324.75324525201393        1.0000000000000000       0.15362107753753662     
  0.29999999999999999       -1808.0128530885079        1148.9425744877699        1.0000000000000000       0.38388919830322266     
  0.29999999999999999       -1491.6015358575394        947.96171001933465        1.0000000000000000       0.80656123161315918     
  0.29999999999999999       -32.375963947646994        20.588290376486725        1.0000000000000000       0.23412799835205078     
  0.29999999999999999       -1430.0454166231887        908.58797550283873        1.0000000000000000      -0.29591023921966553     
  0.29999999999999999       -384.17662866624499        244.12750672041332        1.0000000000000000       0.22182023525238037     
  0.29999999999999999       -1486.8343707186157        944.93401771738024        1.0000000000000000      -0.73864531517028809     
  0.29999999999999999       -1666.8550698687975        1059.0437130781677        1.0000000000000000      -0.57243096828460693     
  0.29999999999999999       -1375.0239899642027        873.72186219306195        1.0000000000000000      -0.78114712238311768     
  0.29999999999999999       -1471.8318326008164        935.33953310447305        1.0000000000000000      -0.79168081283569336     
  0.29999999999999999       -1288.1842193097839        818.55156614493023        1.0000000000000000       0.25399935245513916     
  0.29999999999999999       -615.93387899388131        391.35711526842744        1.0000000000000000       0.83343148231506348     
  0.29999999999999999       -626.51637162668385        398.18808042050165        1.0000000000000000       0.78291547298431396     
  0.29999999999999999       -1502.7572278865562        954.91548206859488        1.0000000000000000       0.40169668197631836     
  0.29999999999999999       -729.49648659206991        463.56089240919943        1.0000000000000000       0.93668746948242188     
  0.29999999999999999       -1496.8490346213214        951.25639621616858        1.0000000000000000      -0.16278517246246338     
  0.29999999999999999       -947.14217919286773        601.81774783544233        1.0000000000000000      -0.30964016914367676     
  0.29999999999999999       -719.09272295991991        456.96682746214691        1.0000000000000000      -0.63018250465393066     
  0.29999999999999999       -92.860402544559179        59.120886323907349        1.0000000000000000      -0.26574563980102539     
  0.29999999999999999       -723.25510971528126        459.61001006895395        1.0000000000000000      -0.63254499435424805     
  0.29999999999999999       -1362.1547392258547        865.54125136880691        1.0000000000000000      -0.36494708061218262     
  0.29999999999999999       -179.46670660232138        113.93527257666487        1.0000000000000000      -0.83066940307617188     
  0.29999999999999999       -1290.9156304365913        820.16732434692653        1.0000000000000000       0.92579245567321777     
  0.29999999999999999       -1274.5633136721524        810.03378143476164        1.0000000000000000       0.72715735435485840     
  0.29999999999999999       -1268.1007335532829        805.78269908331811        1.0000000000000000       0.92735064029693604     
  0.29999999999999999       -299.57020756351818        190.32774854632979        1.0000000000000000      -0.10098123550415039     
  0.29999999999999999       -1061.9243625991792        674.85967149845169        1.0000000000000000       0.78522264957427979     
  0.29999999999999999       -1120.4929104540690        712.06967409702668        1.0000000000000000       0.93505048751831055     
  0.29999999999999999       -827.13210884505486        525.51610112390983        1.0000000000000000      -0.26727747917175293     
  0.29999999999999999       -1242.1687236329701        789.24255649832014        1.0000000000000000      -0.74140441417694092     
  0.29999999999999999       -1359.9445642739129        864.06800395057644        1.0000000000000000        5.6011199951171875E-002
  0.29999999999999999       -656.41756299044505        417.30355042713768        1.0000000000000000       0.22189188003540039     
  0.29999999999999999       -865.29751448785487        549.88561777602308        1.0000000000000000       0.53188085556030273     
  0.29999999999999999       -459.51092461797793        291.99902999298865        1.0000000000000000       0.25059545040130615     
  0.29999999999999999       -1692.0552798183671        1075.1334449328158        1.0000000000000000       0.56013894081115723     
  0.29999999999999999       -151.72670168025402        96.410402710021756        1.0000000000000000      -0.88008546829223633     
  0.29999999999999999       -130.11042683117890        82.621527573574156        1.0000000000000000       0.11042356491088867     
  0.29999999999999999       -1328.9688048552268        844.69058333430814        1.0000000000000000       -3.5833477973937988E-002
  0.29999999999999999       -566.83702696307978        360.21555785783585        1.0000000000000000      -0.95360171794891357     
  0.29999999999999999       -103.15754397009039        65.681255103105443        1.0000000000000000      -0.67612314224243164     
  0.29999999999999999       -194.79371155507610        123.83916070173714        1.0000000000000000       -7.4100494384765625E-004
  0.29999999999999999       -1615.7544282038064        1026.7961346668087        1.0000000000000000       0.39581274986267090     
  0.29999999999999999       -1416.9964456696532        900.43684546097961        1.0000000000000000      -0.34768033027648926     
  0.29999999999999999       -408.35825074415993        259.43581360417477        1.0000000000000000      -0.77258002758026123     
  0.29999999999999999       -1334.9588937454048        848.26421201859182        1.0000000000000000       0.54470932483673096     
  0.29999999999999999       -1861.4749656878657        1182.9184530759176        1.0000000000000000       0.88187563419342041     
  0.29999999999999999       -352.61190864835157        224.11034766706837        1.0000000000000000      -0.78331243991851807     
  0.29999999999999999       -1153.8557184550439        733.19594252616264        1.0000000000000000       0.65652620792388916     
  0.29999999999999999       -1252.2863746652602        795.74275688833927        1.0000000000000000        8.8714718818664551E-002
  0.29999999999999999       -378.67764605892796        240.65658749983845        1.0000000000000000      -0.98639893531799316     
  0.29999999999999999       -517.22425920260980        328.70643365224123        1.0000000000000000       0.17277133464813232     
  0.29999999999999999       -779.98655801339294        495.68108711432637        1.0000000000000000      -0.67134964466094971     
  0.29999999999999999       -1279.1943519106696        813.00747381920587        1.0000000000000000      -0.17617595195770264     
  0.29999999999999999       -1650.4483758252952        1048.9667750670844        1.0000000000000000       0.52745664119720459     
  0.29999999999999999       -905.21451957573186        575.14178197780825        1.0000000000000000       0.30220317840576172     
  0.29999999999999999       -1368.1225716309348        869.44573587216644        1.0000000000000000      -0.61387622356414795     
  0.29999999999999999       -1882.6390202152591        1196.5176266650949        1.0000000000000000       0.65840268135070801     
  0.29999999999999999       -583.68943892709501        370.89617374814128        1.0000000000000000      -0.41107463836669922     
  0.29999999999999999       -1214.0286690873604        771.48304476765600        1.0000000000000000       0.79579174518585205     
  0.29999999999999999       -1905.0127181986904        1210.5818753333374        1.0000000000000000       0.20415794849395752     
  0.29999999999999999       -1055.1221730093525        670.50699650222566        1.0000000000000000       0.12334311008453369     
  0.29999999999999999       -596.47458237252329        378.96771830824753        1.0000000000000000       0.22473192214965820     
  0.29999999999999999       -1365.8366684855671        867.83030222062337        1.0000000000000000      -0.81116962432861328     
  0.29999999999999999       -1636.9603841167009        1040.0905279416786        1.0000000000000000       0.61313271522521973     
  0.29999999999999999       -1786.0234530807647        1134.8696272729294        1.0000000000000000       0.97136366367340088     
  0.29999999999999999       -142.20150008366494        90.507009820397229        1.0000000000000000      -0.84250819683074951     
  0.29999999999999999       -1498.0191621507918        951.88996007804428        1.0000000000000000      -0.94414043426513672     
  0.29999999999999999       -1820.5394483453963        1156.7924419657575        1.0000000000000000      -0.98781752586364746     
  0.29999999999999999       -800.71604653764837        508.84887613158969        1.0000000000000000      -0.15253567695617676     
  0.29999999999999999       -1500.3249444675994        953.35858667664513        1.0000000000000000       0.67478716373443604     
  0.29999999999999999       -849.14281114277753        539.62229914172246        1.0000000000000000       0.72480165958404541     
  0.29999999999999999       -1939.5898208466715        1232.4660069877621        1.0000000000000000        3.8313746452331543E-002
  0.29999999999999999       -1311.3210481775889        833.18327040263102        1.0000000000000000       0.24734580516815186     
  0.29999999999999999       -361.53651040203437        229.60128006056323        1.0000000000000000       -2.4686455726623535E-002
  0.29999999999999999       -673.25287741566899        427.71019114258291        1.0000000000000000       0.87628984451293945     
  0.29999999999999999       -1544.3122247676708        981.33048592474790        1.0000000000000000      -0.13875782489776611     
  0.29999999999999999       -679.41410978495662        431.80134743193855        1.0000000000000000       -1.0311603546142578E-002
  0.29999999999999999       -706.52411918382847        449.06048171311602        1.0000000000000000       0.77249562740325928     
  0.29999999999999999       -1568.9743329435489        996.97851476335507        1.0000000000000000      -0.31728076934814453     
  0.29999999999999999       -632.03022286230600        401.81686088563117        1.0000000000000000      -0.56007575988769531     
  0.29999999999999999       -709.07850829738231        450.58533355701729        1.0000000000000000       0.59276270866394043     
  0.29999999999999999       -1894.6321780738042        1203.7813111024695        1.0000000000000000       0.49351418018341064     
  0.29999999999999999       -848.34166558267850        539.03437263813044        1.0000000000000000       0.29754102230072021     
  0.29999999999999999       -315.27489601874862        200.39254855262359        1.0000000000000000       0.60645353794097900     
  0.29999999999999999       -496.75934475851221        315.69965257510432        1.0000000000000000      -0.85469806194305420     
  0.29999999999999999       -624.17613145125495        396.52624451054947        1.0000000000000000       0.16781485080718994     
  0.29999999999999999       -624.34700276252772        396.67762317389793        1.0000000000000000       0.71353304386138916     
  0.29999999999999999       -1132.5303622808278        719.54444281182487        1.0000000000000000      -0.84055793285369873     
  0.29999999999999999       -1089.1269320278077        692.05013397936978        1.0000000000000000       0.91892802715301514     
  0.29999999999999999       -941.84504206036218        598.46754789959243        1.0000000000000000       0.95352911949157715     
  0.29999999999999999       -1864.4944157711989        1184.7351960701421        1.0000000000000000      -0.50369584560394287     
  0.29999999999999999       -976.51183190295478        620.54062025261067        1.0000000000000000       0.18142366409301758     
  0.29999999999999999       -510.48802882147368        324.31858678491517        1.0000000000000000       0.57922661304473877     
  0.29999999999999999       -1800.7188145101841        1144.1213310768535        1.0000000000000000       0.67643940448760986     
  0.29999999999999999       -663.56882068773643        421.51598976393450        1.0000000000000000       0.16417229175567627     
  0.29999999999999999       -135.55330972594075        86.129521054425084        1.0000000000000000      -0.89625000953674316     
  0.29999999999999999       -84.857448398228527        53.746665435341768        1.0000000000000000      -0.66120207309722900     
  0.29999999999999999       -11.161551769019010        7.0338919356580725        1.0000000000000000      -0.61766874790191650     
  0.29999999999999999       -603.76013363387756        383.56618629820645        1.0000000000000000       0.74591970443725586     
  0.29999999999999999       -1689.0564683049288        1073.2735682574983        1.0000000000000000       0.80766272544860840     
  0.29999999999999999       -933.56744188028415        593.43284979899840        1.0000000000000000       0.50375008583068848     
  0.29999999999999999       -1724.2350622459514        1095.8366342971415        1.0000000000000000       0.53978919982910156     
  0.29999999999999999       -1297.7586627067230        824.66196650195252        1.0000000000000000      -0.54836416244506836     
  0.29999999999999999       -168.76344300935509        107.19409335481849        1.0000000000000000        6.0931801795959473E-002
  0.29999999999999999       -11.989843335902298        7.6337542306486643        1.0000000000000000        4.9668908119201660E-002
  0.29999999999999999       -1938.7409327344440        1231.8330432485000        1.0000000000000000       0.71116876602172852     
  0.29999999999999999       -562.48759111877200        357.62077863858860        1.0000000000000000       0.53545331954956055     
  0.29999999999999999       -825.80976193223171        524.69505567211468        1.0000000000000000      -0.95642244815826416     
  0.29999999999999999       -465.68952761557802        295.83346682983796        1.0000000000000000        2.4872779846191406E-002
  0.29999999999999999       -1091.1289080642553        693.41343409745093        1.0000000000000000       -5.3722381591796875E-002
  0.29999999999999999       -1840.8033601287696        1169.8067304141123        1.0000000000000000      -0.76626741886138916     
  0.29999999999999999       -1746.1099342152129        1109.5281212287402        1.0000000000000000       0.56181788444519043     
  0.29999999999999999       -1125.4653900663113        715.16040675938848        1.0000000000000000      -0.57037568092346191     
  0.29999999999999999       -1086.6037954847945        690.55482933575524        1.0000000000000000      -0.96483516693115234     
  0.29999999999999999       -70.165913438065985        44.475742153851613        1.0000000000000000      -0.39051556587219238     
  0.29999999999999999       -552.56720894313423        351.17906426486559        1.0000000000000000      -0.12874031066894531     
  0.29999999999999999       -545.00442758006750        346.24001630891888        1.0000000000000000      -0.24897336959838867     
  0.29999999999999999       -140.44657590266243        89.278202674471046        1.0000000000000000      -0.35937798023223877     
  0.29999999999999999       -639.87540823399468        406.60523923108565        1.0000000000000000       0.73680138587951660     
  0.29999999999999999       -379.98982167883293        241.62055484263536        1.0000000000000000        4.6668648719787598E-002
  0.29999999999999999       -1345.2671578165643        854.75895784385364        1.0000000000000000       0.62357401847839355     
  0.29999999999999999       -1131.0859291165766        718.79993802721197        1.0000000000000000      -0.95658731460571289     
  0.29999999999999999       -380.34518487340847        241.78895116657512        1.0000000000000000        2.1933078765869141E-002
  0.29999999999999999       -813.05943453257623        516.68467913458130        1.0000000000000000       0.64559447765350342     
  0.29999999999999999       -1336.5210588594009        849.25762347247087        1.0000000000000000       0.54609394073486328     
  0.29999999999999999       -1906.8729021145491        1211.8466144287352        1.0000000000000000       0.98565971851348877     
  0.29999999999999999       -1412.7065007165268        897.76966040313209        1.0000000000000000      -0.64818012714385986     
  0.29999999999999999       -1368.3989029926242        869.67170768181495        1.0000000000000000       0.88207340240478516     
  0.29999999999999999       -1390.3575457531861        883.39132308943101        1.0000000000000000      -0.98533499240875244     
  0.29999999999999999       -814.51752179891264        517.72056954227503        1.0000000000000000       0.70381450653076172     
  0.29999999999999999       -1433.4485809617795        910.89237362376616        1.0000000000000000       0.79407572746276855     
  0.29999999999999999       -1183.8570456501182        752.30768867356016        1.0000000000000000      -0.10492551326751709     
  0.29999999999999999       -707.01186567807747        449.27144091601741        1.0000000000000000       0.75334286689758301     
  0.29999999999999999       -1038.5164594567620        659.81180130506652        1.0000000000000000       0.67275440692901611     
  0.29999999999999999       -1964.2201126961486        1248.0795004857018        1.0000000000000000       -3.8807630538940430E-002
  0.29999999999999999       -1235.6955960633229        785.33954671239428        1.0000000000000000      -0.46240806579589844     
  0.29999999999999999       -252.90329736452537        160.55182628535565        1.0000000000000000        5.2304744720458984E-002
  0.29999999999999999       -930.66725352734841        591.35160433252054        1.0000000000000000       0.62529230117797852     
  0.29999999999999999       -1733.1836681375894        1101.2993818200443        1.0000000000000000      -0.81736075878143311     
  0.29999999999999999       -1558.2572824303104        990.14136119948489        1.0000000000000000      -0.30861735343933105     
  0.29999999999999999       -1063.8081644001334        675.83117089453731        1.0000000000000000       -7.2798132896423340E-002
  0.29999999999999999       -436.80321235414351        277.53918081245536        1.0000000000000000      -0.39022088050842285     
  0.29999999999999999       -1734.1545757290255        1102.0139076369085        1.0000000000000000      -0.52126002311706543     
  0.29999999999999999       -1125.4653900663113        715.16040675938848        1.0000000000000000       0.59886550903320312     
  0.29999999999999999       -1113.1342066851262        707.22431848696260        1.0000000000000000       0.85371410846710205     
  0.29999999999999999       -1530.7357133335390        972.69707562573933        1.0000000000000000      -0.86318421363830566     
  0.29999999999999999       -1222.4099105950927        776.63347901154225        1.0000000000000000       0.95515024662017822     
  0.29999999999999999       -278.52723445237757        176.99570940542057        1.0000000000000000       0.31826591491699219     
  0.29999999999999999       -511.67173719231732        325.15525737986110        1.0000000000000000       0.75383257865905762     
  0.29999999999999999       -944.19891253624928        599.95723188917714        1.0000000000000000       0.11363852024078369     
  0.29999999999999999       -359.72321064670928        228.67077811069586        1.0000000000000000       0.39201486110687256     
  0.29999999999999999       -1201.9612148528522        763.62881225716944        1.0000000000000000      -0.41105520725250244     
  0.29999999999999999       -1276.5445807888232        811.08788052306204        1.0000000000000000      -0.24484848976135254     
  0.29999999999999999       -313.96263569894438        199.49573032173197        1.0000000000000000       0.12757217884063721     
  0.29999999999999999       -195.18306265218337        124.06209415622099        1.0000000000000000       0.57881486415863037     
  0.29999999999999999       -1862.8392600969712        1183.9365665398552        1.0000000000000000      -0.33639574050903320     
  0.29999999999999999       -1971.5731712212116        1252.9675631377252        1.0000000000000000      -0.59386026859283447     
  0.29999999999999999       -684.92363641352347        435.21544294316044        1.0000000000000000      -0.41753959655761719     
  0.29999999999999999       -1877.3009689388373        1192.9840937776510        1.0000000000000000      -0.63865065574645996     
  0.29999999999999999       -1566.1371336644922        995.30323004075899        1.0000000000000000       0.53465461730957031     
  0.29999999999999999       -1586.3314890824045        1008.1883935543159        1.0000000000000000       0.73889994621276855     
  0.29999999999999999       -516.16246130725585        328.06400115458086        1.0000000000000000      -0.81274640560150146     
  0.29999999999999999       -1090.4822051485824        692.93668617327967        1.0000000000000000       -8.3308219909667969E-002
  0.29999999999999999       -1110.9670073504917        705.99183043224264        1.0000000000000000       0.53659808635711670     
  0.29999999999999999       -1357.7500202576177        862.75584892877987        1.0000000000000000       0.87438869476318359     
  0.29999999999999999       -692.14803034029592        439.77980369436943        1.0000000000000000      -0.28420042991638184     
  0.29999999999999999       -1736.3504030813165        1103.2130096127385        1.0000000000000000      -0.62513494491577148     
  0.29999999999999999       -146.00405303658468        92.810200047747045        1.0000000000000000      -0.23317980766296387     
  0.29999999999999999       -1823.7359392655087        1158.9546088773104        1.0000000000000000       0.48618793487548828     
  0.29999999999999999       -1347.0875656017633        856.03491622132299        1.0000000000000000        9.8541021347045898E-002
  0.29999999999999999       -1916.7315510873243        1217.9642834714400        1.0000000000000000       0.45735216140747070     
  0.29999999999999999       -509.98774040797480        323.94889417547307        1.0000000000000000       0.17873406410217285     
  0.29999999999999999       -149.26918138740371        94.768672452505172        1.0000000000000000      -0.38303375244140625     
  0.29999999999999999       -797.19851264621900        506.56893367477022        1.0000000000000000       0.67945826053619385     
  0.29999999999999999       -801.39801158699606        509.14410700423235        1.0000000000000000       0.26132798194885254     
  0.29999999999999999       -1807.9167019954059        1148.8610466493926        1.0000000000000000      -0.83254599571228027     
  0.29999999999999999       -857.65764149924848        545.00718357122196        1.0000000000000000      -0.31368374824523926     
  0.29999999999999999       -1365.0146978886178        867.26218094600608        1.0000000000000000       0.75458765029907227     
  0.29999999999999999       -1792.6716293039747        1139.1932437251783        1.0000000000000000       0.35798895359039307     
  0.29999999999999999       -1887.8656288904833        1199.8039258063418        1.0000000000000000      -0.96297645568847656     
  0.29999999999999999       -1114.6677945429565        708.34230353101452        1.0000000000000000       0.97844350337982178     
  0.29999999999999999       -1914.7594575425667        1216.6939364439604        1.0000000000000000      -0.94636142253875732     
  0.29999999999999999       -1051.8752446103942        668.57840112319138        1.0000000000000000       0.78431653976440430     
  0.29999999999999999       -432.90370684622781        275.03137113245191        1.0000000000000000      -0.87930214405059814     
  0.29999999999999999       -930.24741968270791        591.04711125062806        1.0000000000000000       0.19789159297943115     
  0.29999999999999999       -888.10133000706617        564.39280217798239        1.0000000000000000      -0.49751162528991699     
  0.29999999999999999       -847.65888934017005        538.64790308572253        1.0000000000000000        3.1358003616333008E-003
  0.29999999999999999       -1152.3146484218332        732.11548241816308        1.0000000000000000        5.9602618217468262E-002
  0.29999999999999999       -493.05193589753367        313.45947168512424        1.0000000000000000       0.83174216747283936     
  0.29999999999999999       -162.34413534285827        103.28528950103242        1.0000000000000000      -0.71069574356079102     
  0.29999999999999999       -1071.1972032276462        680.75955751761046        1.0000000000000000       0.60406816005706787     
  0.29999999999999999       -376.08345887150801        238.97305395019322        1.0000000000000000      -0.34773957729339600     
  0.29999999999999999       -435.13054682133514        276.43432603775585        1.0000000000000000       0.59751975536346436     
  0.29999999999999999       -1007.2998251707502        640.20489838575463        1.0000000000000000       0.59383511543273926     
  0.29999999999999999       -857.54608598580489        544.94218328131103        1.0000000000000000       0.12543022632598877     
  0.29999999999999999       -147.97837610443381        94.136703223175402        1.0000000000000000       0.83306598663330078     
  0.29999999999999999       -844.72353013213649        536.92423974890119        1.0000000000000000      -0.63382434844970703     
  0.29999999999999999       -617.27923329969371        392.32264327448166        1.0000000000000000      -0.91815423965454102     
  0.29999999999999999       -1667.1020755007771        1059.2103358494940        1.0000000000000000       0.32854938507080078     
  0.29999999999999999       -553.75881948891936        351.83904036055804        1.0000000000000000      -0.40568721294403076     
  0.29999999999999999       -1246.5520154615265        791.94651949054753        1.0000000000000000      -0.56676399707794189     
  0.29999999999999999       -340.18459146810477        216.22365960578514        1.0000000000000000        1.9202232360839844E-002
  0.29999999999999999       -1381.1436899083428        877.65459898883614        1.0000000000000000      -0.25290429592132568     
  0.29999999999999999       -606.44598349236639        385.41050046955030        1.0000000000000000       0.52727830410003662     
  0.29999999999999999       -1227.7504707135420        780.17107108138850        1.0000000000000000       0.63050973415374756     
  0.29999999999999999       -1669.8419671204756        1061.2066150401915        1.0000000000000000      -0.38195681571960449     
  0.29999999999999999       -1767.3301399313384        1123.1006274611154        1.0000000000000000       0.87137067317962646     
  0.29999999999999999       -467.33986165105887        296.99083698826064        1.0000000000000000       0.63230633735656738     
  0.29999999999999999       -190.20991599320271        120.91211039810703        1.0000000000000000      -0.81457972526550293     
  0.29999999999999999       -135.69573320161035        86.217609146480882        1.0000000000000000      -0.63333547115325928     
  0.29999999999999999       -1269.4916860085473        806.74211535049153        1.0000000000000000       0.46022534370422363     
  0.29999999999999999       -837.02706307719734        531.89399541707667        1.0000000000000000       0.76507663726806641     
  0.29999999999999999       -1176.0731394491738        747.38180391519677        1.0000000000000000      -0.24880290031433105     
  0.29999999999999999       -39.025036080449688        24.837095659545774        1.0000000000000000      -0.57819986343383789     
  0.29999999999999999       -3.7070116275629599        2.4982610144822988        1.0000000000000000      -0.65903031826019287     
  0.29999999999999999       -1745.1506298559682        1109.0287003999376        1.0000000000000000      -0.45213246345520020     
  0.29999999999999999       -480.51033908985460        305.15105976109771        1.0000000000000000      -0.84213960170745850     
  0.29999999999999999       -960.77484260125846        610.56762807347434        1.0000000000000000      -0.25547969341278076     
  0.29999999999999999       -1362.0837553383942        865.50066664068527        1.0000000000000000      -0.99401926994323730     
  0.29999999999999999       -1835.4366235563891        1166.3043995910928        1.0000000000000000      -0.67846488952636719     
  0.29999999999999999       -225.92401205904477        143.52760545541599        1.0000000000000000      -0.91469323635101318     
  0.29999999999999999       -587.09098161658301        373.23092115985037        1.0000000000000000       0.96246826648712158     
  0.29999999999999999       -121.31447452359150        77.117605704703195        1.0000000000000000       0.18129587173461914     
  0.29999999999999999       -28.061320444617728        17.903014773519931        1.0000000000000000      -0.78443622589111328     
  0.29999999999999999       -431.76692753733653        274.32423331815801        1.0000000000000000      -0.61565554141998291     
  0.29999999999999999       -391.50350625531388        248.61690034720186        1.0000000000000000      -0.90170562267303467     
  0.29999999999999999       -1729.9536936152233        1099.3531586723370        1.0000000000000000      -0.42075204849243164     
  0.29999999999999999       -1188.1699708928518        755.08204735517609        1.0000000000000000      -0.33440887928009033     
  0.29999999999999999       -1565.5598292023481        994.84211180464388        1.0000000000000000      -0.18184101581573486     
  0.29999999999999999       -841.38730119373474        534.61643108716646        1.0000000000000000      -0.67685341835021973     
  0.29999999999999999       -1175.1374287283595        746.70705615050201        1.0000000000000000      -0.20574581623077393     
  0.29999999999999999       -1279.1693306173433        812.98548687337006        1.0000000000000000      -0.13113653659820557     
  0.29999999999999999       -1465.4800882411628        931.30097539184112        1.0000000000000000       0.79620563983917236     
  0.29999999999999999       -1487.2810538877252        945.27157776811589        1.0000000000000000      -0.90665173530578613     
  0.29999999999999999       -287.92847160398622        182.92309834264941        1.0000000000000000       0.40003836154937744     
  0.29999999999999999       -1334.7091539531975        848.15890425793896        1.0000000000000000       0.43995857238769531     
  0.29999999999999999       -460.96956836017569        292.78879924964895        1.0000000000000000      -0.75239872932434082     
  0.29999999999999999       -1454.8747819430282        924.37537149700313        1.0000000000000000      -0.75528669357299805     
  0.29999999999999999       -346.37938184715813        220.02276088109701        1.0000000000000000      -0.13951528072357178     
  0.29999999999999999       -1223.0396039400991        777.15637768108400        1.0000000000000000       0.13632857799530029     
  0.29999999999999999       -940.17261686198719        597.30469509702107        1.0000000000000000       0.50304317474365234     
  0.29999999999999999       -1333.5252883747753        847.45895860749852        1.0000000000000000      -0.98383045196533203     
  0.29999999999999999       -1487.7560497892086        945.51859356486375        1.0000000000000000       0.37671494483947754     
  0.29999999999999999       -139.86321934654734        88.843939378730553        1.0000000000000000       0.86247754096984863     
  0.29999999999999999       -1488.6634883518288        945.93328528096833        1.0000000000000000      -0.84964120388031006     
  0.29999999999999999       -591.86379848432716        376.13549955199358        1.0000000000000000      -0.15787780284881592     
  0.29999999999999999       -82.549369229984563        52.449316695145029        1.0000000000000000      -0.66163527965545654     
  0.29999999999999999       -1836.0777684759460        1166.7994567688313        1.0000000000000000       0.80149495601654053     
  0.29999999999999999       -107.38012171661001        68.220951319889451        1.0000000000000000       0.97342491149902344     
  0.29999999999999999       -1865.0127613763491        1185.0911700896779        1.0000000000000000      -0.85398864746093750     
  0.29999999999999999       -1838.6130395386108        1168.5098926848252        1.0000000000000000       0.72971940040588379     
  0.29999999999999999       -1565.3562294893534        994.69797652016348        1.0000000000000000       0.41882479190826416     
  0.29999999999999999       -1900.6050212308992        1207.7606428047109        1.0000000000000000       0.16165709495544434     
  0.29999999999999999       -379.60437107733532        241.38550362016042        1.0000000000000000       0.33433675765991211     
  0.29999999999999999       -51.089799210725289        32.512156368124025        1.0000000000000000      -0.25477159023284912     
  0.29999999999999999       -77.289309513313242        49.149419499875073        1.0000000000000000       0.89708113670349121     
  0.29999999999999999       -1489.0104655381290        946.14008968277687        1.0000000000000000       0.39718616008758545     
  0.29999999999999999       -882.14153689249201        560.58613195337387        1.0000000000000000      -0.52797687053680420     
  0.29999999999999999       -1387.9017930313505        881.97164005254558        1.0000000000000000      -0.38789212703704834     
  0.29999999999999999       -1281.7298831327680        814.48067495077589        1.0000000000000000       0.56909656524658203     
  0.29999999999999999       -1605.4270091392939        1020.3234573715882        1.0000000000000000       0.61842632293701172     
  0.29999999999999999       -1309.0145455021432        831.94991123363388        1.0000000000000000       0.78016495704650879     
  0.29999999999999999       -1091.5258666853867        693.75163946993200        1.0000000000000000      -0.39332878589630127     
  0.29999999999999999       -1521.6307597974717        966.98236117620854        1.0000000000000000       0.50398981571197510     
  0.29999999999999999       -1263.2681515266204        802.75376367746514        1.0000000000000000       0.78885495662689209     
  0.29999999999999999       -1005.2845488782165        638.87535722377163        1.0000000000000000       0.16405427455902100     
  0.29999999999999999       -1022.4185849824546        649.85440520557438        1.0000000000000000      -0.40772354602813721     
  0.29999999999999999       -1476.0086936391479        937.88407381452919        1.0000000000000000      -0.83519649505615234     
  0.29999999999999999       -689.89916752492991        438.34648653231744        1.0000000000000000      -0.79757487773895264     
  0.29999999999999999       -1474.0057925883273        936.52941333085653        1.0000000000000000       0.24948680400848389     
  0.29999999999999999       -1432.1699312857954        910.03801778229160        1.0000000000000000      -0.10510730743408203     
  0.29999999999999999       -1454.1110740867696        923.85643080967054        1.0000000000000000      -0.46742355823516846     
  0.29999999999999999       -1300.9704720999798        826.62331459327106        1.0000000000000000      -0.13921141624450684     
  0.29999999999999999       -1110.9670073504917        705.99183043224264        1.0000000000000000        6.4686059951782227E-002
  0.29999999999999999       -1756.2338871986115        1115.8335324082839        1.0000000000000000       0.54244935512542725     
  0.29999999999999999       -1060.5090180984573        673.86311494016775        1.0000000000000000      -0.58652210235595703     
  0.29999999999999999       -1611.7381560032954        1024.1815783430500        1.0000000000000000       0.73923194408416748     
  0.29999999999999999       -57.313689164083172        36.407928229071238        1.0000000000000000      -0.11429202556610107     
  0.29999999999999999       -1693.3325794708521        1076.0356895605560        1.0000000000000000       0.52248334884643555     
  0.29999999999999999       -1102.2425956666332        700.46449862028840        1.0000000000000000      -0.31322336196899414     
  0.29999999999999999       -716.43518117290876        455.30794396097588        1.0000000000000000      -0.14477252960205078     
  0.29999999999999999       -1543.4253287945794        980.64222667259730        1.0000000000000000       0.57924485206604004     
  0.29999999999999999       -677.78580378862011        430.67285705955544        1.0000000000000000      -0.44245159626007080     
  0.29999999999999999       -758.44555050633846        481.93335285849116        1.0000000000000000      -0.39235138893127441     
  0.29999999999999999       -1761.4680772150887        1119.2857539296670        1.0000000000000000       0.73182797431945801     
  0.29999999999999999       -1279.2195559506620        813.02936282953044        1.0000000000000000       -4.9032211303710938E-002
  0.29999999999999999       -145.18759030000845        92.327314498604864        1.0000000000000000      -0.42732429504394531     
  0.29999999999999999       -1417.0283892986070        900.45927262505461        1.0000000000000000       0.36468183994293213     
  0.29999999999999999       -968.51424435140621        615.47696004785200        1.0000000000000000      -0.35014355182647705     
  0.29999999999999999       -1330.3915464771262        845.36058504797086        1.0000000000000000       0.44919013977050781     
  0.29999999999999999       -1866.2009958937729        1185.9065325702827        1.0000000000000000      -0.93101787567138672     
  0.29999999999999999       -1892.0057887721607        1202.2730368514897        1.0000000000000000      -0.18513166904449463     
  0.29999999999999999       -1351.4261065052642        858.83790250409504        1.0000000000000000       0.51072025299072266     
  0.29999999999999999       -1366.1678977487386        868.11978089515628        1.0000000000000000       0.36782276630401611     
  0.29999999999999999       -491.06922325337933        312.09055702323946        1.0000000000000000       0.82209289073944092     
  0.29999999999999999       -1808.9845583099261        1149.6182382036145        1.0000000000000000      -0.63643336296081543     
  0.29999999999999999       -1594.4821456924594        1013.1782224701337        1.0000000000000000       0.75585353374481201     
  0.29999999999999999       -1407.3434441815093        894.24402643298140        1.0000000000000000       0.74136817455291748     
  0.29999999999999999       -1684.6868845814486        1070.5720258883489        1.0000000000000000       0.32809257507324219     
  0.29999999999999999       -62.827890960657029        39.891448331387302        1.0000000000000000       0.11108791828155518     
  0.29999999999999999       -1183.6102889834708        752.15889607993154        1.0000000000000000       0.71975147724151611     
  0.29999999999999999       -820.02431795177176        521.24779679191340        1.0000000000000000       0.79258489608764648     
  0.29999999999999999       -196.72804182919302        125.12951822934615        1.0000000000000000       0.95792984962463379     
  0.29999999999999999       -267.22024438278493        169.74984326328280        1.0000000000000000      -0.58298385143280029     
  0.29999999999999999       -952.33257733689106        605.15966238566682        1.0000000000000000      -0.95966911315917969     
  0.29999999999999999       -1936.4466981827995        1230.5439759106839        1.0000000000000000       0.91566848754882812     
  0.29999999999999999       -82.050373267688300        52.103306003673701        1.0000000000000000       0.82703113555908203     
  0.29999999999999999       -906.53590175348131        576.09729482111140        1.0000000000000000      -0.21049368381500244     
  0.29999999999999999       -1038.8638179055902        659.97663747894171        1.0000000000000000       0.25534975528717041     
  0.29999999999999999       -151.56278776055981        96.287651290704261        1.0000000000000000      -0.85239243507385254     
  0.29999999999999999       -354.13739228784300        225.07905229919734        1.0000000000000000      -0.22713768482208252     
  0.29999999999999999       -1741.3637555305941        1106.4855165955594        1.0000000000000000      -0.65811502933502197     
  0.29999999999999999       -963.20348700344471        612.17804490720289        1.0000000000000000      -0.95114672183990479     
  0.29999999999999999       -1120.2790925710883        711.91523939576575        1.0000000000000000      -0.12255811691284180     
  0.29999999999999999       -749.70746573078395        476.45010162362962        1.0000000000000000       0.38722777366638184     
  0.29999999999999999       -402.19196561970949        255.64042055207707        1.0000000000000000        2.9904365539550781E-002
  0.29999999999999999       -428.84893605817820        272.59039796021199        1.0000000000000000      -0.78219568729400635     
  0.29999999999999999       -1312.8068085265068        834.18654926471174        1.0000000000000000       0.77520310878753662     
  0.29999999999999999       -1532.9719432081044        974.09440873624862        1.0000000000000000      -0.27855801582336426     
  0.29999999999999999       -1210.5856770130285        769.44812575176070        1.0000000000000000       0.33229529857635498     
  0.29999999999999999       -128.75646288230530        81.759461654714073        1.0000000000000000      -0.46614575386047363     
  0.29999999999999999       -758.61544697228032        482.03970265079221        1.0000000000000000       0.80513107776641846     
  0.29999999999999999       -469.92408354418114        298.62247542934801        1.0000000000000000      -0.93210208415985107     
  0.29999999999999999       -1081.4366073942128        687.21591185938962        1.0000000000000000      -0.63963675498962402     
  0.29999999999999999       -796.22902089140894        505.96508564281055        1.0000000000000000      -0.25460720062255859     
  0.29999999999999999       -899.70403305650859        571.68246785279143        1.0000000000000000       0.28175795078277588     
  0.29999999999999999       -1252.1419784660504        795.61725144819968        1.0000000000000000      -0.77624177932739258     
  0.29999999999999999       -711.30551325109207        452.05213563321297        1.0000000000000000       0.24662852287292480     
  0.29999999999999999       -526.74662398508394        334.66892685683661        1.0000000000000000      -0.76039147377014160     
  0.29999999999999999       -476.03274495176743        302.44823493122885        1.0000000000000000      -0.77218794822692871     
  0.29999999999999999       -1635.7834417790223        1039.5631639199657        1.0000000000000000      -0.32885134220123291     
  0.29999999999999999       -1012.5442834838520        643.48037135494178        1.0000000000000000       0.94149267673492432     
  0.29999999999999999       -853.46531148133136        542.28219647728838        1.0000000000000000       0.90459454059600830     
  0.29999999999999999       -932.22144520478787        592.40434818176914        1.0000000000000000       -7.9511404037475586E-002
  0.29999999999999999       -704.69666009363903        447.82292950916724        1.0000000000000000      -0.78066182136535645     
  0.29999999999999999       -1951.7442666409045        1240.4154240645178        1.0000000000000000      -0.23706865310668945     
  0.29999999999999999       -1911.7134661572131        1214.8558758882689        1.0000000000000000      -0.72063577175140381     
  0.29999999999999999       -606.41851862494400        385.38749589945400        1.0000000000000000      -0.46837425231933594     
  0.29999999999999999       -1517.9822067876205        964.58286440573670        1.0000000000000000        9.6082448959350586E-002
  0.29999999999999999       -1191.8465839233013        757.33019790001140        1.0000000000000000       0.92203414440155029     
  0.29999999999999999       -1499.5976058387223        952.86324091878782        1.0000000000000000       0.47165596485137939     
  0.29999999999999999       -1441.6347279254471        916.10587948295074        1.0000000000000000      -0.80708241462707520     
  0.29999999999999999       -1694.0688439459475        1076.5139326692579        1.0000000000000000      -0.49098122119903564     
  0.29999999999999999       -51.170871087999593        32.571230147713337        1.0000000000000000      -0.46055626869201660     
  0.29999999999999999       -322.01515660716325        204.47047488076120        1.0000000000000000      -0.86723601818084717     
  0.29999999999999999       -1831.3426147371047        1163.7512580638611        1.0000000000000000      -0.68008708953857422     
  0.29999999999999999       -1184.3024566275271        752.56665994789830        1.0000000000000000      -0.96005499362945557     
  0.29999999999999999       -1364.0555258780912        866.82779006514966        1.0000000000000000       0.72389745712280273     
  0.29999999999999999       -538.26114239985270        342.21207017455583        1.0000000000000000      -0.17072427272796631     
  0.29999999999999999       -723.20808571656016        459.57053991503784        1.0000000000000000       0.23344171047210693     
  0.29999999999999999       -56.961969753955714        36.203569134375350        1.0000000000000000        3.6227703094482422E-002
  0.29999999999999999       -1450.0161756760378        921.38436440119983        1.0000000000000000       0.76717853546142578     
  0.29999999999999999       -1243.0621571353670        789.90097840011526        1.0000000000000000       0.84885489940643311     
  0.29999999999999999       -343.46929187113858        218.23425796490685        1.0000000000000000      -0.90472126007080078     
  0.29999999999999999       -885.73536496890290        562.78291011199769        1.0000000000000000        6.9751858711242676E-002
  0.29999999999999999       -1182.4501637083119        751.26542102083295        1.0000000000000000       0.17798817157745361     
  0.29999999999999999       -1302.3073703196233        827.60659598348491        1.0000000000000000       -8.7526917457580566E-002
  0.29999999999999999       -1301.7651815282788        827.22769410855165        1.0000000000000000       0.41510927677154541     
  0.29999999999999999       -202.39201193946482        128.61337097291644        1.0000000000000000      -0.94440817832946777     
  0.29999999999999999       -973.11340692768988        618.47804720685781        1.0000000000000000       0.23996329307556152     
  0.29999999999999999       -731.27167876388239        464.75876390644737        1.0000000000000000       0.88880848884582520     
  0.29999999999999999       -757.63038847628764        481.28551370653992        1.0000000000000000       0.74747121334075928     
  0.29999999999999999       -62.014497759719887        39.353485292116048        1.0000000000000000       0.90202653408050537     
  0.29999999999999999       -557.02510200962843        353.97317936111421        1.0000000000000000      -0.76618349552154541     
  0.29999999999999999       -1489.5680390645823        946.58170973401366        1.0000000000000000       0.99383819103240967     
  0.29999999999999999       -752.48021503035159        478.08469395991722        1.0000000000000000      -0.38421881198883057     
  0.29999999999999999       -713.78297572212625        453.54716112446232        1.0000000000000000       0.19745612144470215     
  0.29999999999999999       -502.75183853942684        319.43125425796165        1.0000000000000000       0.95194387435913086     
  0.29999999999999999       -619.86028241031704        393.85987147679089        1.0000000000000000      -0.91651058197021484     
  0.29999999999999999       -53.680090992769856        34.285656159826459        1.0000000000000000       0.99926960468292236     
  0.29999999999999999       -936.59773131432280        595.21644022037424        1.0000000000000000      -0.10275590419769287     
  0.29999999999999999       -633.55966443159286        402.54533900844820        1.0000000000000000      -0.32118952274322510     
  0.29999999999999999       -1676.4405946671895        1065.2753891481593        1.0000000000000000      -0.50368082523345947     
  0.29999999999999999       -845.57544940634523        537.30382656102006        1.0000000000000000       0.53966152667999268     
  0.29999999999999999       -180.11901827507245        114.43392428879818        1.0000000000000000       0.19065773487091064     
  0.29999999999999999       -152.00605878216996        96.637677313296578        1.0000000000000000       0.99616837501525879     
  0.29999999999999999       -296.79558845776540        188.51137909706944        1.0000000000000000       0.89017927646636963     
  0.29999999999999999       -112.84266793477573        71.784476714483517        1.0000000000000000       0.79870676994323730     
  0.29999999999999999       -1192.2102482748517        757.51998394387522        1.0000000000000000      -0.98876416683197021     
  0.29999999999999999       -688.60618228973840        437.45729609910813        1.0000000000000000       -4.5252084732055664E-002
  0.29999999999999999       -1738.2111154877416        1104.5266103926363        1.0000000000000000       0.50435137748718262     
  0.29999999999999999       -765.91093246928813        486.78770326061533        1.0000000000000000      -0.42287671566009521     
  0.29999999999999999       -1001.2629735592751        636.28026404207185        1.0000000000000000       0.47488379478454590     
  0.29999999999999999       -1253.6375992652431        796.61977287650893        1.0000000000000000      -0.82582867145538330     
  0.29999999999999999       -1153.1138839978748        732.58213162561356        1.0000000000000000       0.64704883098602295     
  0.29999999999999999       -1224.0372599208049        777.76131335505420        1.0000000000000000       0.90874493122100830     
  0.29999999999999999       -539.72164756300015        342.91723860364590        1.0000000000000000       -5.8251142501831055E-002
  0.29999999999999999       -1332.0685187795366        846.51005713042218        1.0000000000000000       0.86865353584289551     
  0.29999999999999999       -864.76773619031167        549.65704142782954        1.0000000000000000       0.58575165271759033     
  0.29999999999999999       -824.54721132806117        524.04128911075850        1.0000000000000000      -0.24003100395202637     
  0.29999999999999999       -1467.1797442737786        932.50930664311545        1.0000000000000000       0.18358254432678223     
  0.29999999999999999       -555.27653491104093        352.82503478753824        1.0000000000000000      -0.41453790664672852     
  0.29999999999999999       -848.02389922248756        538.85162408431358        1.0000000000000000      -0.12026941776275635     
  0.29999999999999999       -206.93178252404206        131.58558778783350        1.0000000000000000      -0.24451220035552979     
  0.29999999999999999       -983.22321458147326        624.93613837923670        1.0000000000000000       0.26061415672302246     
  0.29999999999999999       -478.03572372580896        303.73890742690077        1.0000000000000000      -0.70725572109222412     
  0.29999999999999999       -290.84635798939286        184.92035473155326        1.0000000000000000       0.79192900657653809     
  0.29999999999999999       -631.76370434671935        401.64800552214132        1.0000000000000000      -0.37200582027435303     
  0.29999999999999999       -152.91491978298680        97.206093268981306        1.0000000000000000       0.32504177093505859     
  0.29999999999999999       -1555.7589675708496        988.65425955076967        1.0000000000000000       0.38648080825805664     
  0.29999999999999999       -864.31680775845768        549.42797868679918        1.0000000000000000       0.25593459606170654     
  0.29999999999999999       -1806.5693336690249        1147.9980280440006        1.0000000000000000       0.76583790779113770     
  0.29999999999999999       -1342.6647586524311        853.16474868320893        1.0000000000000000       0.96360552310943604     
  0.29999999999999999       -107.30503744575223        68.160458274204885        1.0000000000000000      -0.55724072456359863     
  0.29999999999999999       -820.48304518827911        521.45743115679340        1.0000000000000000      -0.96952342987060547     
  0.29999999999999999       -1353.2852096646602        860.08254319244406        1.0000000000000000        3.8803458213806152E-002
  0.29999999999999999       -1134.0300857345774        720.62706687232708        1.0000000000000000       0.34783816337585449     
  0.29999999999999999       -1341.1786782862200        852.15017340664701        1.0000000000000000      -0.25848376750946045     
  0.29999999999999999       -340.44597805206786        216.39036834609587        1.0000000000000000       0.44734919071197510     
  0.29999999999999999       -866.67976635385219        550.77312267850436        1.0000000000000000      -0.54296720027923584     
  0.29999999999999999       -1217.2504192199838        773.41244441885988        1.0000000000000000       0.35226929187774658     
  0.29999999999999999       -860.23859991881488        546.67268713121132        1.0000000000000000      -0.84348595142364502     
  0.29999999999999999       -325.54711460431855        207.00534882086947        1.0000000000000000      -0.24836766719818115     
  0.29999999999999999       -1851.4791248692602        1176.5036039106985        1.0000000000000000      -0.83504176139831543     
  0.29999999999999999       -1723.8610971172104        1095.5238662967588        1.0000000000000000      -0.54878616333007812     
  0.29999999999999999       -1003.0179100704929        637.54104709100034        1.0000000000000000      -0.63835048675537109     
  0.29999999999999999       -751.66986922014200        477.64115552526766        1.0000000000000000       0.57470059394836426     
  0.29999999999999999       -83.531763026739867        53.137841696842465        1.0000000000000000       0.56511569023132324     
  0.29999999999999999       -1684.2313473939737        1070.2078456161730        1.0000000000000000      -0.53707253932952881     
  0.29999999999999999       -1556.1298347334189        988.98030049332112        1.0000000000000000       0.90293145179748535     
  0.29999999999999999       -1137.7253641436278        722.88284865118931        1.0000000000000000      -0.22427034378051758     
  0.29999999999999999       -37.994034622628185        24.098812038232246        1.0000000000000000       0.82182896137237549     
  0.29999999999999999       -66.066091254893152        41.963025457156029        1.0000000000000000       0.48593103885650635     
  0.29999999999999999       -856.37780765889124        544.05531024547918        1.0000000000000000       0.35412669181823730     
  0.29999999999999999       -326.63532827712163        207.52321777493421        1.0000000000000000       0.11096763610839844     
  0.29999999999999999       -180.88607015865088        114.88789195138769        1.0000000000000000       -4.9137353897094727E-002
  0.29999999999999999       -446.22456943709801        283.54941572212124        1.0000000000000000      -0.66839349269866943     
  0.29999999999999999       -383.34707750612563        243.57792056095406        1.0000000000000000       0.36984848976135254     
  0.29999999999999999       -212.11252910182213        134.92635029280495        1.0000000000000000       0.75241768360137939     
  0.29999999999999999       -42.182130947826437        26.763872668130976        1.0000000000000000      -0.70293307304382324     
  0.29999999999999999       -42.937760098126667        27.263327342407461        1.0000000000000000       0.42173576354980469     
  0.29999999999999999       -767.29174308105223        487.49153046312404        1.0000000000000000      -0.68630087375640869     
  0.29999999999999999       -1126.1511819661944        715.69929424482029        1.0000000000000000       -1.9352316856384277E-002
  0.29999999999999999       -818.73632708283026        520.29973595049796        1.0000000000000000      -0.10307610034942627     
  0.29999999999999999       -1170.2301925244935        743.68108761489032        1.0000000000000000       0.67525732517242432     
  0.29999999999999999       -1756.5258700608390        1116.0805015222168        1.0000000000000000      -0.24443244934082031     
  0.29999999999999999       -534.68635717601569        339.66936502305526        1.0000000000000000       0.65640878677368164     
  0.29999999999999999       -215.31954459141932        136.85337475086013        1.0000000000000000      -0.11249756813049316     
  0.29999999999999999       -1712.9999586789679        1088.5148137792055        1.0000000000000000      -0.36094224452972412     
  0.29999999999999999       -319.99251218338151        203.34217448827897        1.0000000000000000      -0.35277688503265381     
  0.29999999999999999       -660.88552097663046        419.97157654741710        1.0000000000000000       0.67255783081054688     
  0.29999999999999999       -1703.9095204212815        1082.7629317791661        1.0000000000000000       0.58144843578338623     
  0.29999999999999999       -1965.0906814118086        1248.6937534935157        1.0000000000000000       0.59444499015808105     
  0.29999999999999999       -1511.2683982604931        960.41241011558714        1.0000000000000000       0.80405330657958984     
  0.29999999999999999       -715.49147449859402        454.67675213117531        1.0000000000000000       0.70354270935058594     
  0.29999999999999999       -466.00009505392939        296.07605921335761        1.0000000000000000      -0.80690503120422363     
  0.29999999999999999       -1155.5441621363432        734.31418064008119        1.0000000000000000      -0.49983632564544678     
  0.29999999999999999       -441.06871180704758        280.17475279762823        1.0000000000000000       0.91905772686004639     
  0.29999999999999999       -1817.8877326095419        1155.2768118427971        1.0000000000000000        5.4122924804687500E-002
  0.29999999999999999       -1357.9241215762288        862.87796124857755        1.0000000000000000       0.21814155578613281     
  0.29999999999999999       -1885.4832329454355        1198.2120283985153        1.0000000000000000      -0.60269844532012939     
  0.29999999999999999       -1206.8282235869501        766.80020076696098        1.0000000000000000      -0.85461032390594482     
  0.29999999999999999       -604.62264228819095        384.19721785660630        1.0000000000000000       0.15031611919403076     
  0.29999999999999999       -185.65908776988044        117.96323538993512        1.0000000000000000      -0.64806044101715088     
  0.29999999999999999       -1411.5003686888770        896.92034073156117        1.0000000000000000      -0.78864085674285889     
  0.29999999999999999       -171.62206575901425        109.14713538224521        1.0000000000000000      -0.42239749431610107     
  0.29999999999999999       -1185.5815644630004        753.55109397462434        1.0000000000000000      -0.35703933238983154     
  0.29999999999999999       -839.75560274681175        533.80786638297980        1.0000000000000000      -0.11258709430694580     
  0.29999999999999999       -1102.3906759538347        700.52778020269614        1.0000000000000000      -0.20061683654785156     
  0.29999999999999999       -467.04924851223780        296.82181114487884        1.0000000000000000       0.47916674613952637     
  0.29999999999999999       -773.16110782670967        491.37845451817867        1.0000000000000000       0.75553643703460693     
  0.29999999999999999       -1085.0160951027581        689.45239371115167        1.0000000000000000       0.40366566181182861     
  0.29999999999999999       -1207.8669464484726        767.55256459228519        1.0000000000000000      -0.99924826622009277     
  0.29999999999999999       -749.55743202831491        476.33996858042264        1.0000000000000000      -0.40213441848754883     
  0.29999999999999999       -913.97268372005396        580.93023422827036        1.0000000000000000      -0.82181823253631592     
  0.29999999999999999       -1475.3316773916767        937.49646962749352        1.0000000000000000      -0.21718335151672363     
  0.29999999999999999       -148.17365581589303        94.220551617095197        1.0000000000000000        6.9584369659423828E-002
  0.29999999999999999       -590.58389516831483        375.31498811228545        1.0000000000000000      -0.40443789958953857     
  0.29999999999999999       -896.15861112770028        569.34360966386578        1.0000000000000000       0.96882450580596924     
  0.29999999999999999       -708.94479253769259        450.50285971082548        1.0000000000000000       -9.3731045722961426E-002
  0.29999999999999999       -626.01802830019494        397.78745161801140        1.0000000000000000       0.67832565307617188     
  0.29999999999999999       -227.71936095760975        144.59142808306621        1.0000000000000000      -0.39302825927734375     
  0.29999999999999999       -327.92784404826000        208.41390843062189        1.0000000000000000       0.83841049671173096     
  0.29999999999999999       -682.78201298070712        433.80470814534732        1.0000000000000000       0.60335028171539307     
  0.29999999999999999       -1481.4345832015606        941.35108380203201        1.0000000000000000      -0.89036130905151367     
  0.29999999999999999       -388.11291381565866        246.58739869890340        1.0000000000000000      -0.23810601234436035     
  0.29999999999999999       -1009.9801636282251        641.73977665957648        1.0000000000000000      -0.23047769069671631     
  0.29999999999999999       -213.74585532495905        135.79251050325814        1.0000000000000000      -0.76858115196228027     
  0.29999999999999999       -536.30731004027871        340.82691221758296        1.0000000000000000       0.80094897747039795     
  0.29999999999999999       -1264.5329566642247        803.64514043386737        1.0000000000000000       0.51904630661010742     
