  -1.5857412852897032E-005  -20.761322522196139     
  -1.0015857412852897E-002   0.0000000000000000     
   211761.58801750021       -43.933695917105766     
 
   21142632.057217199        3.7412959712752880E-002
  -4386.4138741357656        4596.3769035585156     
 
   4.7297800747089333E-008  -3.8498816589272299E-013
   4.5137231729739153E-008   2.1756266278709271E-004
 
   635.05266557932214        1560.3612740526419     
 
 
  -2.1664879706489309E-005  -207.69183694368340     
  -1.0021664879706490E-002   0.0000000000000000     
   211910.45601534468        308.19739948534470     
 
   21145234.704909734      -0.23405930493938101     
   30753.113697654295        4613.3472803787008     
 
   4.7291975717806113E-008   2.3993699786700514E-012
  -3.1525385318857041E-007   2.1676233446917402E-004
 
   1018.3552589200933        2408.5192239367825     
 
 
   2.4622506825151477E-005  -166.55189639319880     
  -9.9753774931748487E-003   3.1737400480238875E-002
   210531.05117174756       -445.67155019024597     
 
   21105071.607062470       0.16161332928723368     
  -30082.490987755049        4587.2486230579652     
 
   4.7381973792888796E-008  -1.6693140403112725E-012
   3.1072390374525637E-007   2.1799558557963065E-004
 
   1017.3901354457663        2413.2004976149615     
 
 
   3.0308985350665368E-005  -167.28294284329456     
  -9.9696910146493348E-003   3.7363277434764086E-002
   210387.16055343754       -474.66032541094370     
 
   21102676.769737408       0.17190308758977887     
  -30417.921706723711        4587.4734888125140     
 
   4.7387350756402346E-008  -1.7757120401003211E-012
   3.1420884038076914E-007   2.1798489918802434E-004
 
   1017.3505771804258        2413.1861992995077     
 
 
  -4.5655708671007531E-007  -168.61823279687778     
  -2.9731698774718948E-006  -8.1153465108627643E-003
   39.248422698232275        23.355672393655368     
 
   13200860.371638801        2.7459780451048635E-003
  -4666312.3859443888        4587.5320010726700     
 
   7.5752622197354238E-008  -4.5343561061681837E-014
   7.7053500475773667E-005   2.1798208452365162E-004
 
   1017.3251166840712        2413.1613020134369     
 
 
  -2.6837425051063832E-005  -52.130904927649929     
  -1.0026837425051064E-002   0.0000000000000000     
   212503.73644144411        102.23689789890533     
 
   21193495.758744873       -5.0412232089052170E-003
   10196.325477809680        4597.5581716208544     
 
   4.7184287616159125E-008   5.1737578285470905E-014
  -1.0464388617041264E-007   2.1750676383936216E-004
 
   32.925901339988521        87.664191762025084     
 
 
  -1.3163330113408894E-005  -19.284485255314824     
  -1.0013163330113409E-002   0.0000000000000000     
   212056.31179301639        195.45517585716289     
 
   21177754.202339035        4.5590600675443890E-002
   19519.822998328567        4596.2396795281556     
 
   4.7219360447205924E-008  -4.6837396576312030E-013
  -2.0053644332976968E-007   2.1756916063290149E-004
 
   32.519016551546059        116.06584434200842     
 
 
  -2.5439157259813175E-005  -298.55729240118080     
  -1.0025439157259813E-002   0.0000000000000000     
   212450.23649743648        155.28464087779611     
 
   21191115.238437500      -0.46307895127136733     
   15489.061221348713        4597.4956730495423     
 
   4.7189584650297178E-008   4.7531319058960972E-012
  -1.5898271964520329E-007   2.1750970473782824E-004
 
   177.65464270531706        405.22628825724155     
 
 
  -2.2624232757558621E-006  -256.02834773081025     
  -1.0002262423275756E-002   0.0000000000000000     
   211921.94906952401        176.91835578437053     
 
   21187401.419939879      -0.38388018818583441     
   17687.833841727341        4595.9199877201909     
 
   4.7197856426546030E-008   3.9422622794567170E-012
  -1.8164542559248643E-007   2.1758427756397267E-004
 
   1038.3447221026343        2469.2955054377112     
 
 
  -2.3161309678085967E-005  -128.77177659947603     
  -1.0023161309678086E-002   0.0000000000000000     
   212305.27274282335       -53.674325104289153     
 
   21181468.219794814       -8.9745921837848908E-002
  -5355.0295606297595        4590.0130408396944     
 
   4.7211080675165268E-008   9.2309148546093144E-013
   5.5079741681635002E-008   2.1786430584089207E-004
 
   134.24853684005953        336.55562946360806     
 
 
  -3.0046217159681449E-005  -130.02502666408338     
  -1.0030046217159682E-002   0.0000000000000000     
   212452.18093967257        191.45855145483500     
 
   21181575.472324692      -0.15036254168395852     
   19088.501419593675        4593.9564067887413     
 
   4.7210839996786615E-008   1.5452349278851065E-012
  -1.9616733519002092E-007   2.1767728771348942E-004
 
   868.61463678527025        2067.3141751775320     
 
 
   4.0252021108267214E-005  -74.854760226744574     
  -9.9597479788917330E-003  -2.5916327445145271E-002
   209939.78662436182        206.78710624959950     
 
   21078824.957786005        9.0816881099814423E-002
   8798.0495656356325        4597.9026203577150     
 
   4.7440975018618965E-008  -9.3704494054508472E-013
  -9.0777922918128011E-008   2.1749047137635294E-004
 
   870.75332221126610        2082.6584989394260     
 
 
   4.2036239085194854E-005  -74.760830641528500     
  -9.9579637609148054E-003  -2.2647590823609676E-002
   209900.77429202202        192.73575516608756     
 
   21078684.080521546        9.2301944658293653E-002
   8897.7684523244807        4597.9327415372691     
 
   4.7441292096503881E-008  -9.5236789308610022E-013
  -9.1806830565479554E-008   2.1748904664047126E-004
 
   870.75576511500981        2082.6541787086480     
 
 
  -3.2313752613716561E-006  -74.640695132409405     
  -8.2394491568925875E-006   1.0928330834062194E-002
   81.790634320151923       -23.935977019542889     
 
   9926714.0984596442        1.9938191370800435E-003
   3193601.3256957387        4598.0940303678872     
 
   1.0073828354319662E-007  -4.3681994373862549E-014
  -6.9967667852613641E-005   2.1748144620323620E-004
 
   870.75815777727519        2082.6498575549122     
 
 
  -2.9392693164523656E-005  -184.97835444319068     
  -1.0029392693164524E-002   0.0000000000000000     
   212286.09656567004        353.08452813382581     
 
   21166395.918503862      -0.23076943772373587     
   35204.975907906803        4605.7578720448873     
 
   4.7244694869827906E-008   2.3671743008277266E-012
  -3.6112370447520770E-007   2.1711951527745004E-004
 
   893.07131755899957        2098.1519570640239     
 
 
  -1.9309517910523835E-005  -160.62240516396469     
  -1.0019309517910524E-002   0.0000000000000000     
   212272.11819843188        179.73627550228207     
 
   21186302.091873106      -0.20293768041579463     
   17938.988228773662        4595.3170310330133     
 
   4.7200306984701216E-008   2.0844526611987484E-012
  -1.8425839733688998E-007   2.1761283407735444E-004
 
   334.63033244055458        788.58171481141540     
 
 
  -3.5918915982945110E-005  -331.78877685273113     
  -1.0035918915982945E-002   0.0000000000000000     
   212590.79453500436        372.96608493142480     
 
   21182992.440925140      -0.52574847453781481     
   37163.122585350553        4607.5095915864513     
 
   4.7207673920550331E-008   5.3867196707586566E-012
  -3.8076634199140130E-007   2.1703694369703047E-004
 
   1245.2819106464076        2962.2503996189193     
 
 
  -2.7965073767522927E-005  -99.940871499283801     
  -1.0027965073767523E-002   0.0000000000000000     
   212279.31437563107        212.60537561130570     
 
   21168732.919796396      -0.10161566179320258     
   21201.248114383216        4602.6553066337392     
 
   4.7239482007602854E-008   1.0429351987432320E-012
  -2.1759960547004917E-007   2.1726588485720122E-004
 
   962.21466307006312        2311.5951459938119     
 
 
  -1.7984234488462036E-005  -220.22158937415253     
  -1.0017984234488462E-002   0.0000000000000000     
   212213.75270300711        48.483782943629421     
 
   21183278.765046209      -0.31121932886776238     
   4839.6745102428386        4589.7575291271796     
 
   4.7207044556215727E-008   3.2009849390475091E-012
  -4.9777516305106861E-008   2.1787642989028262E-004
 
   1195.5863141531458        2852.7951936268037     
 
 
