Problem type:
least_squares
nparams:
8
function_evaluation,seconds,x(0),x(1),x(2),x(3),x(4),x(5),x(6),x(7)
     0,  1.2369e+01,  1.0785204528150739e-01,  2.3753539850408640e-02,  1.6324550013133760e-01, -1.0936579887008641e-01, -1.3428765172481391e-01,  2.0013826031533261e-02,  2.3475137199245169e-01,  1.0131168823282501e-01
     1,  1.2369e+01,  1.0786283048603555e-01,  2.3753539850408640e-02,  1.6324550013133760e-01, -1.0936579887008641e-01, -1.3428765172481391e-01,  2.0013826031533261e-02,  2.3475137199245169e-01,  1.0131168823282501e-01
     2,  1.2369e+01,  1.0785204528150739e-01,  2.3755915204393682e-02,  1.6324550013133760e-01, -1.0936579887008641e-01, -1.3428765172481391e-01,  2.0013826031533261e-02,  2.3475137199245169e-01,  1.0131168823282501e-01
     3,  1.2369e+01,  1.0785204528150739e-01,  2.3753539850408640e-02,  1.6326182468135073e-01, -1.0936579887008641e-01, -1.3428765172481391e-01,  2.0013826031533261e-02,  2.3475137199245169e-01,  1.0131168823282501e-01
     4,  1.2369e+01,  1.0785204528150739e-01,  2.3753539850408640e-02,  1.6324550013133760e-01, -1.0935486229019940e-01, -1.3428765172481391e-01,  2.0013826031533261e-02,  2.3475137199245169e-01,  1.0131168823282501e-01
     5,  1.2369e+01,  1.0785204528150739e-01,  2.3753539850408640e-02,  1.6324550013133760e-01, -1.0936579887008641e-01, -1.3427422295964142e-01,  2.0013826031533261e-02,  2.3475137199245169e-01,  1.0131168823282501e-01
     6,  1.2369e+01,  1.0785204528150739e-01,  2.3753539850408640e-02,  1.6324550013133760e-01, -1.0936579887008641e-01, -1.3428765172481391e-01,  2.0015827414136413e-02,  2.3475137199245169e-01,  1.0131168823282501e-01
     7,  1.2369e+01,  1.0785204528150739e-01,  2.3753539850408640e-02,  1.6324550013133760e-01, -1.0936579887008641e-01, -1.3428765172481391e-01,  2.0013826031533261e-02,  2.3477484712965094e-01,  1.0131168823282501e-01
     8,  1.2369e+01,  1.0785204528150739e-01,  2.3753539850408640e-02,  1.6324550013133760e-01, -1.0936579887008641e-01, -1.3428765172481391e-01,  2.0013826031533261e-02,  2.3475137199245169e-01,  1.0132181940164829e-01
