Problem type:
least_squares
nparams:
24
function_evaluation,seconds,x(0),x(1),x(2),x(3),x(4),x(5),x(6),x(7),x(8),x(9),x(10),x(11),x(12),x(13),x(14),x(15),x(16),x(17),x(18),x(19),x(20),x(21),x(22),x(23),objective_function
     0,  2.9788e+00,  1.0785417364155621e-01,  0.0000000000000000e+00,  0.0000000000000000e+00,  2.3746965843873924e-02,  1.6324551660692777e-01, -1.0936101618106203e-01,  0.0000000000000000e+00,  0.0000000000000000e+00,  0.0000000000000000e+00,  0.0000000000000000e+00,  0.0000000000000000e+00,  0.0000000000000000e+00, -1.3427703874131688e-01,  0.0000000000000000e+00,  0.0000000000000000e+00,  2.0010997312254985e-02,  2.3475432384889450e-01,  1.0131864967184318e-01,  0.0000000000000000e+00,  0.0000000000000000e+00,  0.0000000000000000e+00,  0.0000000000000000e+00,  0.0000000000000000e+00,  0.0000000000000000e+00,  9.9532665392205281e-03
     1,  3.4326e+01,  1.5997818068528397e-01,  1.2868874117420897e-02,  4.4703917049164531e-03,  4.4102034980728094e-02,  1.6224074132646335e-01, -1.2259954536779415e-01, -1.2157176229726558e-02, -8.1141205695403184e-04,  3.2684786932558494e-03,  1.1816232960997161e-02,  2.5057801724360056e-02,  8.3897038018523711e-04, -1.2975954718937396e-01, -1.1431451538589394e-02,  3.9929625476391971e-03,  4.2156466093233869e-02,  2.2909690696283591e-01,  8.2663293910552882e-02,  1.1444671282991609e-02, -5.9400858125295769e-04,  3.1970017814721818e-03,  1.5966114765007984e-02,  4.0579481596839627e-03, -3.7756234702639724e-03,  8.2369467146904768e-02
     2,  3.7343e+01,  1.1207019027097755e-01,  2.2658765005282204e-03,  1.1823664819935573e-03,  2.7271179760290788e-02,  1.6444093208045049e-01, -1.0990685734369234e-01, -5.3578262283534971e-03, -1.0660382250972816e-03, -7.4292617861368166e-04,  1.5076759034225958e-03,  1.3512231266433401e-02, -7.2905948850146194e-04, -1.3390593815634913e-01, -2.8324826983904565e-03,  8.8642585882866599e-04,  2.1321400075500291e-02,  2.3358761477167450e-01,  1.0046310378269289e-01,  4.1197317597665749e-03, -7.0594333563581157e-04, -2.2070827785632266e-04,  6.3524789633232276e-03, -5.2315332063510621e-03, -3.9481904071439634e-03,  4.2691077986001377e-03
     3,  6.1181e+01,  1.4088908236180275e-01,  7.0111407607664914e-03,  3.2023969262433118e-03,  3.1750821730713752e-02,  1.6699974652850785e-01, -1.1059004469627154e-01, -1.3921084093537517e-02, -4.2689312160011650e-05,  1.1885165065779382e-03,  1.4955351795154438e-03,  2.9153370969839311e-02,  1.1898448598482490e-03, -1.2672301712087389e-01, -7.5771475798128594e-03,  2.1790649106260547e-03,  2.4089208540864014e-02,  2.3138412105348583e-01,  9.6816777984059146e-02,  1.0099193352488243e-02,  4.4778411498807126e-04,  3.4986239152961828e-03,  1.5873519013015501e-02, -9.3605491025599494e-03, -4.6071751721940817e-03,  8.2405564479937250e-03
     4,  6.3514e+01,  1.1541777621049604e-01,  2.6961435152899364e-03,  1.9682518308183584e-03,  2.8962874424026272e-02,  1.6544439956557713e-01, -1.0990746417245992e-01, -8.4208781038147898e-03, -5.1362295103267409e-04, -7.7744051188512002e-04,  2.3636236273728460e-03,  2.0357456501779465e-02, -8.3948183204933459e-05, -1.3355264096039443e-01, -3.9241442602266268e-03,  1.4835353363686953e-03,  2.1541049702433646e-02,  2.3356378236503678e-01,  9.9524336305241698e-02,  5.9520650035998299e-03, -7.6826852760398211e-05,  7.9491090407826366e-04,  9.0713783738620608e-03, -7.0860957624217600e-03, -4.3520239770749600e-03,  2.3340458469878634e-03
     5,  8.1493e+01,  1.2803837879346619e-01,  5.5184682223754942e-03,  3.4482329715987566e-03,  3.1971346706691078e-02,  1.6599140041756255e-01, -1.1008094554394170e-01, -1.3994909914207689e-02, -5.1702998011888233e-05,  1.1708031108938915e-03,  1.5846377117120928e-03,  2.9556731852782195e-02,  7.0880642944772031e-04, -1.3014617108865764e-01, -6.9212644277668956e-03,  2.3314315818463455e-03,  2.2054331325785714e-02,  2.3321256497384277e-01,  9.7434592664004893e-02,  8.3407033488985885e-03,  4.1970850250674246e-04,  3.2706035851957221e-03,  1.4307704106918933e-02, -8.5864731292722811e-03, -4.8554196413673114e-03,  1.6120541667650056e-03
     6,  1.0280e+02,  1.4443574344045526e-01,  9.4350343575285711e-03,  3.9556776890292732e-03,  3.2479204708214950e-02,  1.6583440661578086e-01, -1.1083337675102363e-01, -1.6346419719098608e-02,  2.5937621992580160e-04,  3.9154257176938385e-03,  3.8248783484390488e-04,  3.0120585035398249e-02,  2.3037530032334530e-03, -1.2513910334785827e-01, -8.9740659446756552e-03,  2.5944805076314531e-03,  2.5249706023608359e-02,  2.3364849321059419e-01,  9.5727043631204711e-02,  1.0614763434189585e-02,  5.2301351801567779e-04,  5.2221264710362331e-03,  1.7761168289841783e-02, -9.6955396860777948e-03, -5.3226559867779874e-03,  4.7928029318395536e-04
     7,  1.3151e+02,  1.7242301544983801e-01,  1.0568498393081858e-02,  5.4204789289323619e-03,  3.4302832870205933e-02,  1.6040797919275759e-01, -1.1583351817768302e-01, -1.6017760361787425e-02,  1.1853583166146371e-03,  3.4730678755060906e-03,  1.2399493660034821e-02,  2.4198196354016790e-02,  5.6919888952091779e-03, -1.1978068130144739e-01, -8.1153410138238343e-03,  4.0882664943141895e-03,  3.7335291321847514e-02,  2.4734324445361183e-01,  1.0121082512311678e-01,  1.3622144901846002e-02,  1.1073807641495846e-03,  3.9886342185830705e-03,  2.1380974431711483e-02, -1.3605349480101741e-02, -5.2215229267973907e-03,  3.9575611487115258e-03
     8,  1.3416e+02,  1.5305961494252646e-01,  1.0389519455426178e-02,  4.2924114466778331e-03,  3.2613955792074503e-02,  1.6545831892373736e-01, -1.1174305868725649e-01, -1.6838549101453118e-02,  5.2084256214954446e-04,  4.4824793936843370e-03,  9.1361255879841851e-04,  2.9133870241160209e-02,  3.1570574970200757e-03, -1.2317008032658534e-01, -8.9545229215862131e-03,  2.8868273589272393e-03,  2.7479618804788719e-02,  2.3471682082192460e-01,  9.5715118832322879e-02,  1.1489055974784433e-02,  6.7394850957244702e-04,  5.3001370405731220e-03,  1.9091455082541349e-02, -1.0197429919869560e-02, -5.0679411696024270e-03,  3.5120571915844850e-04
     9,  1.5597e+02,  1.6668503691721284e-01,  9.9719204399993256e-03,  4.9853642214092008e-03,  3.3102882098805950e-02,  1.6257893190103509e-01, -1.1371361093496719e-01, -1.6871840557108254e-02,  1.0534272020172300e-03,  3.9370177757832182e-03,  7.4666855473371988e-03,  2.5918275739859803e-02,  4.8530965250945541e-03, -1.1950464496277070e-01, -8.3174730009591656e-03,  3.6217193773701306e-03,  3.2707946134079742e-02,  2.4138414451019824e-01,  9.9317581729696278e-02,  1.2956495736974329e-02,  1.0293808729166295e-03,  4.0418270129747459e-03,  2.2127784878085109e-02, -1.0539470452946190e-02, -5.1797845534909031e-03,  5.2171967044127349e-04
    10,  1.5889e+02,  1.5701830352591456e-01,  1.0258798073139870e-02,  4.4416572437253861e-03,  3.2741514591224291e-02,  1.6486624725625462e-01, -1.1217376552588824e-01, -1.6977524609521101e-02,  6.9372599803966303e-04,  4.5801670822461183e-03,  1.7380876829477426e-03,  2.8415591525305733e-02,  3.5879859456009727e-03, -1.2191008529880226e-01, -8.8225565640495662e-03,  3.0378378665909525e-03,  2.8611991748314709e-02,  2.3552869262920773e-01,  9.6001542030271364e-02,  1.1901679388288454e-02,  7.9131857103943964e-04,  5.0325292866363457e-03,  2.0164500473231199e-02, -9.7235529655275883e-03, -5.0142201196195267e-03,  3.1782283560596159e-04
    11,  1.8241e+02,  1.6388800467905248e-01,  9.5629132852001753e-03,  4.8763233293839013e-03,  3.2924212921699836e-02,  1.6370996659255588e-01, -1.1310802358808064e-01, -1.7019882481187801e-02,  9.1321252187431074e-04,  3.7963997293816000e-03,  5.1474599546495210e-03,  2.6841735073972799e-02,  4.4017965569460001e-03, -1.1970502181480309e-01, -8.3455335677345994e-03,  3.4549649009648939e-03,  3.0998517556364673e-02,  2.3828665604895791e-01,  9.7643677996177819e-02,  1.2531220608069382e-02,  9.8865523360328923e-04,  3.7655462181753856e-03,  2.1914236787109881e-02, -9.7396272889049146e-03, -5.2465191800585478e-03,  3.0104106597152105e-04
    12,  2.1088e+02,  1.6888939825363736e-01,  7.3905206931691499e-03,  5.7565029145033707e-03,  3.4010731424079767e-02,  1.6107214009216869e-01, -1.1392538841965293e-01, -1.7237935900315058e-02,  1.1965201716271794e-03,  2.7664268642821231e-03,  8.7632161263511039e-03,  2.5552642504769078e-02,  5.1478908057307855e-03, -1.1664751786722055e-01, -7.4259203049886202e-03,  4.0871405956198334e-03,  3.3957453306520911e-02,  2.4082638476043344e-01,  9.8535255018486381e-02,  1.2939045666653451e-02,  1.3184134816624235e-03,  1.6215865210217699e-03,  2.2830007469392736e-02, -7.7769781085263497e-03, -5.3050081363634448e-03,  2.4093456149773556e-04
    13,  2.3037e+02,  1.7324940511732609e-01,  5.1515698547844454e-03,  7.2192135224117375e-03,  3.8439742313689323e-02,  1.5381928049148003e-01, -1.1611328143508701e-01, -1.5423298528818566e-02,  8.8976964796222044e-04, -4.7153068795830312e-04,  1.4486757149096452e-02,  2.6657196503181359e-02,  4.2049571083333116e-03, -1.0796575225488761e-01, -6.1023732603285707e-03,  5.1729242689836337e-03,  4.0995769647072952e-02,  2.4863530869733996e-01,  9.8833165999791306e-02,  1.2436870538457179e-02,  1.2684474740653133e-03, -2.1397977895789263e-03,  1.9442129148541543e-02, -6.9239604118543716e-03, -5.9331676530375316e-03,  3.7192348329764547e-04
    14,  2.3252e+02,  1.7021663129701062e-01,  6.4284874075450204e-03,  6.1771741463500706e-03,  3.4838240283372408e-02,  1.5983569749148216e-01, -1.1427305677890985e-01, -1.6700094841143438e-02,  9.0144146610851193e-04,  1.3112395338603275e-03,  1.0499658697900162e-02,  2.5660750461097975e-02,  4.6697572512285918e-03, -1.1434678310083986e-01, -7.0355515774609039e-03,  4.3785302649876302e-03,  3.5301134915346664e-02,  2.4141753203261299e-01,  9.8150520016758794e-02,  1.2810724116930326e-02,  1.2525744204668619e-03, -2.7664174473737875e-04,  2.2496477754693708e-02, -7.2645141377870462e-03, -5.7625418285921770e-03,  2.2356830457713890e-04
    15,  2.5076e+02,  1.7215164246619044e-01,  5.7618125772554577e-03,  6.7721591136327211e-03,  3.4605269593012855e-02,  1.5983158826433277e-01, -1.1428005637296902e-01, -1.6144944427118595e-02,  6.9260573993253994e-04, -4.4441513178061754e-04,  1.1946035889587510e-02,  2.6108652982873813e-02,  4.3192009530348052e-03, -1.1256962657974452e-01, -6.6766455494226907e-03,  4.8131887431667533e-03,  3.6435482722729069e-02,  2.4123208206595820e-01,  9.7995863488639562e-02,  1.2431010729882206e-02,  1.1743971821160150e-03, -2.2043781921744247e-03,  2.0790718523455910e-02, -8.2364917430954709e-03, -5.7486925437245269e-03,  2.2714990333634564e-04
    16,  2.5344e+02,  1.7053681164803614e-01,  6.1819393920369567e-03,  6.3363320963981899e-03,  3.4761895160121722e-02,  1.5983561634914123e-01, -1.1431147607584964e-01, -1.6476507277896128e-02,  8.0432418481159900e-04,  8.6850993893860975e-04,  1.0885483182226362e-02,  2.5809686699356967e-02,  4.5003757545378897e-03, -1.1392256967521996e-01, -6.9270235921374971e-03,  4.5077689011983561e-03,  3.5570036561458081e-02,  2.4136296321407721e-01,  9.8072257911535565e-02,  1.2661369683031722e-02,  1.2111689467255381e-03, -8.3136721070797641e-04,  2.2265150592997315e-02, -7.5958731557487268e-03, -5.7907611839586029e-03,  2.0204799306474083e-04
    17,  2.7183e+02,  1.7135108046314015e-01,  5.6784470084643053e-03,  6.6771592366932789e-03,  3.5147553534457837e-02,  1.5910592070386662e-01, -1.1434209441125763e-01, -1.6613142666235578e-02,  8.6501388559815696e-04,  4.5602971354585022e-04,  1.1591095664776459e-02,  2.5876837259951560e-02,  4.6358155954619746e-03, -1.1290141740419279e-01, -6.6989952017471608e-03,  4.7432972179206343e-03,  3.6347104119086301e-02,  2.4160376502187969e-01,  9.7906145232295239e-02,  1.2731766544034606e-02,  1.2845379044990445e-03, -1.5157887283271760e-03,  2.1491591494377696e-02, -6.9651039961224522e-03, -5.7239107555647753e-03,  1.8972386835772268e-04
    18,  2.9235e+02,  1.7242230536657785e-01,  5.2638133309992775e-03,  7.0936727220686814e-03,  3.6339633073520054e-02,  1.5717410665946530e-01, -1.1472140433015882e-01, -1.6317824894500264e-02,  8.1151234334282229e-04, -2.2960387377244127e-04,  1.2684628339709285e-02,  2.6259282237011558e-02,  4.3808734334435627e-03, -1.1048201174921317e-01, -6.4271740444775804e-03,  5.0816326168828954e-03,  3.8089979186202987e-02,  2.4291205154527218e-01,  9.7412003708656353e-02,  1.2697844109367603e-02,  1.2630340106510646e-03, -2.3760634195121358e-03,  2.0167806600670999e-02, -6.1290551597335081e-03, -5.7826066418382319e-03,  1.9796701487906167e-04
    19,  2.9444e+02,  1.7167602715668337e-01,  5.5064674848742225e-03,  6.7870450131190616e-03,  3.5391505366831263e-02,  1.5867655515608695e-01, -1.1437083745686413e-01, -1.6583564126984533e-02,  8.5088200122304235e-04,  2.3444921011627441e-04,  1.1881132410645576e-02,  2.5928244639247568e-02,  4.6006230728777931e-03, -1.1229516386050792e-01, -6.6075060818844063e-03,  4.8361986042608773e-03,  3.6717668178052186e-02,  2.4176533881672146e-01,  9.7777901797846373e-02,  1.2765465912242060e-02,  1.2835588554699338e-03, -1.8417798063901252e-03,  2.1152212111618565e-02, -6.6197797968203130e-03, -5.7449130639790225e-03,  1.8556057709364973e-04
    20,  3.1392e+02,  1.7226189762906566e-01,  5.3232478692919706e-03,  7.0023006236180083e-03,  3.5919861336547142e-02,  1.5772923031560529e-01, -1.1449645350945203e-01, -1.6498941653165022e-02,  8.4530936523524475e-04, -7.8796941946243751e-05,  1.2484183219218386e-02,  2.6123293275589859e-02,  4.5024185981218344e-03, -1.1104316147974200e-01, -6.4934002933269919e-03,  5.0157874979448675e-03,  3.7581999049619286e-02,  2.4234224910063909e-01,  9.7544799682829753e-02,  1.2809519730215388e-02,  1.2862203115260396e-03, -2.2522079463412779e-03,  2.0501196975799843e-02, -6.0973415942828174e-03, -5.7739184767956328e-03,  1.9880834752759592e-04
    21,  3.1607e+02,  1.7182858827544267e-01,  5.4319596372578455e-03,  6.8460390578922196e-03,  3.5498285230230534e-02,  1.5846088967824740e-01, -1.1437793528326966e-01, -1.6583927073881167e-02,  8.5706232387614131e-04,  1.4368234214387515e-04,  1.2048932994528671e-02,  2.5975228161568584e-02,  4.5965902865655901e-03, -1.1198621518997778e-01, -6.5705608056693546e-03,  4.8863775814144330e-03,  3.6922774571332355e-02,  2.4185359035696855e-01,  9.7720112434711959e-02,  1.2796988091700897e-02,  1.2903684496139952e-03, -1.9741152186251265e-03,  2.0978958530590515e-02, -6.4491541163220435e-03, -5.7526897626742441e-03,  1.9936032390761423e-04
    22,  3.1831e+02,  1.7171365709591094e-01,  5.4800340630594838e-03,  6.8008834126619582e-03,  3.5413402622158148e-02,  1.5862568568447460e-01, -1.1437164670389928e-01, -1.6584277085014205e-02,  8.5669129052895476e-04,  2.1193269124673077e-04,  1.1924631411290836e-02,  2.5943505420074179e-02,  4.6061355869445996e-03, -1.1222115767881280e-01, -6.5942999234728811e-03,  4.8489912775643408e-03,  3.6770478029939602e-02,  2.4178278840426706e-01,  9.7764798521574534e-02,  1.2776958057598849e-02,  1.2870179307455792e-03, -1.8758398697186031e-03,  2.1109110498094927e-02, -6.5735686082872193e-03, -5.7462710740386795e-03,  2.0041101153666505e-04
    23,  3.2047e+02,  1.7168552007292151e-01,  5.4984110619378307e-03,  6.7895812918889343e-03,  3.5395930111490059e-02,  1.5866449184779616e-01, -1.1437172267812082e-01, -1.6582697145335903e-02,  8.5410085023247763e-04,  2.2816631261658089e-04,  1.1892069292818004e-02,  2.5933367355778936e-02,  4.6031001022349485e-03, -1.1227755154363678e-01, -6.6033603971095596e-03,  4.8394860126630109e-03,  3.6731144694049672e-02,  2.4176917581697452e-01,  9.7775131615507771e-02,  1.2768715931222112e-02,  1.2848167555222843e-03, -1.8492765358640874e-03,  2.1141714617215226e-02, -6.6074520129123281e-03, -5.7456109270339348e-03,  2.0069712447760005e-04
    24,  3.2258e+02,  1.7167840049453950e-01,  5.5043513078156907e-03,  6.7874058641559281e-03,  3.5392416528804031e-02,  1.5867376635817704e-01, -1.1437162533194738e-01, -1.6582913281171955e-02,  8.5240024738307302e-04,  2.3259136027034818e-04,  1.1883824639581106e-02,  2.5929837235284355e-02,  4.6012820987121773e-03, -1.1229099201472069e-01, -6.6064899490471916e-03,  4.8373525409628375e-03,  3.6720833049928854e-02,  2.4176618182925524e-01,  9.7777489804664289e-02,  1.2766353784389044e-02,  1.2839463074616610e-03, -1.8433395902785346e-03,  2.1149661102188511e-02, -6.6164479579226511e-03, -5.7453389620819341e-03,  2.0077492954180347e-04
    25,  3.2460e+02,  1.7167658031547303e-01,  5.5060172859828617e-03,  6.7871199819021493e-03,  3.5391662420123704e-02,  1.5867587288768650e-01, -1.1437126398327795e-01, -1.6583216979380738e-02,  8.5157588006214938e-04,  2.3402402166664872e-04,  1.1881761584551126e-02,  2.5928638396183628e-02,  4.6007742648635731e-03, -1.1229421820282431e-01, -6.6073121342078477e-03,  4.8368345843588243e-03,  3.6718197286112329e-02,  2.4176550691431459e-01,  9.7777854782533605e-02,  1.2765813987016181e-02,  1.2836283619176035e-03, -1.8421482287184689e-03,  2.1151598234183264e-02, -6.6189922018257677e-03, -5.7450931037458536e-03,  1.8554626693558039e-04
    26,  3.4031e+02,  1.7167776738704019e-01,  5.5049313279436803e-03,  6.7872423551150821e-03,  3.5392134771440986e-02,  1.5867455099068570e-01, -1.1437161107895999e-01, -1.6582967194200490e-02,  8.5222354645540386e-04,  2.3303366104827239e-04,  1.1883104500548167e-02,  2.5929483536991992e-02,  4.6010957206639004e-03, -1.1229214465620221e-01, -6.6067900480990685e-03,  4.8371968751318344e-03,  3.6719911611558326e-02,  2.4176592513764741e-01,  9.7777682735824240e-02,  1.2766149219588643e-02,  1.2838578973573659e-03, -1.8428873832018269e-03,  2.1150346028679923e-02, -6.6172669209597435e-03, -5.7453000696160864e-03,  1.8553091484629268e-04
    27,  3.5650e+02,  1.7168009677055374e-01,  5.5027650074984669e-03,  6.7877034969647861e-03,  3.5393114873889860e-02,  1.5867168927105235e-01, -1.1437174756759724e-01, -1.6582632785457522e-02,  8.5299953264821613e-04,  2.3125142543056588e-04,  1.1885815006493810e-02,  2.5932106535074887e-02,  4.6016400979664593e-03, -1.1228789970261251e-01, -6.6056978716006760e-03,  4.8378561779126219e-03,  3.6723225468058528e-02,  2.4176687730430779e-01,  9.7776946763645123e-02,  1.2766953906164467e-02,  1.2842124985981888e-03, -1.8445796664429393e-03,  2.1148200683900855e-02, -6.6142459588086049e-03, -5.7458818720766370e-03,  2.0076064087598628e-04
    28,  3.5920e+02,  1.7167834903697343e-01,  5.5043833775451885e-03,  6.7873241300389353e-03,  3.5392368244845741e-02,  1.5867389121454561e-01, -1.1437171117696632e-01, -1.6582842694130382e-02,  8.5245899219866150e-04,  2.3254148828390919e-04,  1.1883776075829107e-02,  2.5930160707966630e-02,  4.6012289856929992e-03, -1.1229111565661337e-01, -6.6065246112857164e-03,  4.8373547053400523e-03,  3.6720744457362509e-02,  2.4176614902414009e-01,  9.7777549684178455e-02,  1.2766329592192626e-02,  1.2839632296236809e-03, -1.8432626398980536e-03,  2.1149787896461228e-02, -6.6164594768903240e-03, -5.7454783292616917e-03,  2.0077655178378799e-04
    29,  3.6149e+02,  1.7167791240249866e-01,  5.5047956649797248e-03,  6.7872587819433998e-03,  3.5392193583426650e-02,  1.5867439193449159e-01, -1.1437164325893351e-01, -1.6582931374077112e-02,  8.5228868756870432e-04,  2.3290827368464923e-04,  1.1883271832468406e-02,  2.5929652780809852e-02,  4.6011273009987606e-03, -1.1229189054196197e-01, -6.6067246466514854e-03,  4.8372374221839418e-03,  3.6720119945718034e-02,  2.4176597862940230e-01,  9.7777656028887078e-02,  1.2766191717871847e-02,  1.2838884784414340e-03, -1.8429784301527542e-03,  2.1150202213570359e-02, -6.6170602963491537e-03, -5.7453479554734838e-03,  2.0078039971272026e-04
    30,  3.6383e+02,  1.7167780359584689e-01,  5.5048976867848190e-03,  6.7872463894903820e-03,  3.5392150011363865e-02,  1.5867451179598718e-01, -1.1437161933836423e-01, -1.6582957388583373e-02,  8.5224081156035265e-04,  2.3300248051617888e-04,  1.1883146270033590e-02,  2.5929523829564118e-02,  4.6011032882285335e-03, -1.1229208139045437e-01, -6.6067736950698947e-03,  4.8372074445996891e-03,  3.6719963626233115e-02,  2.4176593810787370e-01,  9.7777676849737510e-02,  1.2766159727499702e-02,  1.2838662871617365e-03, -1.8429100623787492e-03,  2.1150307399488477e-02, -6.6172150113904355e-03, -5.7453123271399391e-03,  1.8553044608472043e-04
    31,  3.9629e+02,  1.7167781263609405e-01,  5.5048892758182092e-03,  6.7872473655990759e-03,  3.5392153771964752e-02,  1.5867450198273214e-01, -1.1437162141803327e-01, -1.6582954985850020e-02,  8.5224505099909607e-04,  2.3299465968661928e-04,  1.1883156698371590e-02,  2.5929532977983265e-02,  4.6011021236642300e-03, -1.1229206558650144e-01, -6.6067696313369534e-03,  4.8372100941895006e-03,  3.6719976622666906e-02,  2.4176594136548193e-01,  9.7777675347103646e-02,  1.2766162342040376e-02,  1.2838683421859873e-03, -1.8429157175538925e-03,  2.1150296637375263e-02, -6.6172020480082631e-03, -5.7453153659042461e-03,  1.8553032935160490e-04
    32,  4.2378e+02,  1.7167781482612246e-01,  5.5048872373536333e-03,  6.7872476033188044e-03,  3.5392154680754365e-02,  1.5867449960342050e-01, -1.1437162192307057e-01, -1.6582954401948839e-02,  8.5224607084511263e-04,  2.3299276031819180e-04,  1.1883159224103794e-02,  2.5929534612327741e-02,  4.6011003386174322e-03, -1.1229206175720369e-01, -6.6067686500657433e-03,  4.8372107430748757e-03,  3.6719979769576916e-02,  2.4176594215616687e-01,  9.7777674981171833e-02,  1.2766162977821257e-02,  1.2838688365856537e-03, -1.8429170854869503e-03,  2.1150293317090729e-02, -6.6171989068705304e-03, -5.7453160984855317e-03,  1.8553030114592381e-04
    33,  4.4067e+02,  1.7167781483816655e-01,  5.5048872261435604e-03,  6.7872476046415935e-03,  3.5392154685744671e-02,  1.5867449959032348e-01, -1.1437162192586485e-01, -1.6582954398725914e-02,  8.5224607644121368e-04,  2.3299274985881006e-04,  1.1883159237986836e-02,  2.5929533872997408e-02,  4.6010983884990208e-03, -1.1229206173614202e-01, -6.6067686446862417e-03,  4.8372107466906587e-03,  3.6719979786873289e-02,  2.4176594216051883e-01,  9.7777674979159152e-02,  1.2766162981333958e-02,  1.2838688392874727e-03, -1.8429170929944122e-03,  2.1150292381431221e-02, -6.6171988895869557e-03, -5.7453161024658339e-03,  1.8553030108297820e-04
