       0.10000D+01       0.00000D+00       0.22857D+00       0.18972D+00       0.00000D+00
       0.20000D+01       0.00000D+00       0.53274D+00       0.30734D+00       0.00000D+00
       0.30000D+01       0.00000D+00       0.46680D+00       0.35973D+00       0.00000D+00
       0.40000D+01       0.00000D+00       0.11551D+00       0.35821D+00       0.00000D+00
       0.50000D+01       0.00000D+00       0.21779D-01       0.32130D+00       0.30160D+00
       0.60000D+01       0.00000D+00       0.33534D+00       0.31317D+00       0.25491D+00
       0.70000D+01       0.00000D+00       0.55388D+00       0.33180D+00       0.21295D+00
       0.80000D+01       0.29420D-09       0.37039D+00       0.34621D+00       0.18251D+00
       0.90000D+01       0.17246D-08       0.38900D-01       0.34075D+00       0.16385D+00
       0.10000D+02       0.13552D-08       0.86651D-01       0.32301D+00       0.30003D+00
       0.11000D+02       0.12624D-08       0.44078D+00       0.32414D+00       0.27288D+00
       0.12000D+02       0.12775D-08       0.54639D+00       0.33576D+00       0.24596D+00
       0.13000D+02       0.48341D-07       0.26646D+00       0.34192D+00       0.22519D+00
       0.14000D+02       0.12755D-06       0.32730D-02       0.33427D+00       0.21140D+00
       0.15000D+02       0.11936D-06       0.19172D+00       0.32480D+00       0.29995D+00
       0.16000D+02       0.11259D-06       0.51862D+00       0.32883D+00       0.27989D+00
       0.17000D+02       0.10835D-06       0.49601D+00       0.33702D+00       0.26028D+00
       0.18000D+02       0.13538D-06       0.15335D+00       0.33892D+00       0.24540D+00
       0.19000D+02       0.13312D-06       0.10102D-01       0.33062D+00       0.31542D+00
       0.20000D+02       0.13128D-06       0.29766D+00       0.32673D+00       0.30142D+00
       0.21000D+02       0.12595D-06       0.54816D+00       0.33167D+00       0.28515D+00
       0.22000D+02       0.12279D-06       0.40249D+00       0.33733D+00       0.26997D+00
       0.23000D+02       0.15291D-06       0.57123D-01       0.33641D+00       0.25880D+00
       0.24000D+02       0.13678D-06       0.54486D-01       0.32920D+00       0.31206D+00
       0.25000D+02       0.13316D-06       0.40294D+00       0.32864D+00       0.30007D+00
       0.26000D+02       0.12920D-06       0.54982D+00       0.33359D+00       0.28648D+00
       0.27000D+02       0.14532D-06       0.30006D+00       0.33713D+00       0.27454D+00
       0.28000D+02       0.20658D-06       0.89855D-02       0.33421D+00       0.26591D+00
       0.29000D+02       0.19565D-06       0.15301D+00       0.32883D+00       0.30996D+00
       0.30000D+02       0.18988D-06       0.49681D+00       0.33027D+00       0.29920D+00
       0.31000D+02       0.18519D-06       0.51815D+00       0.33472D+00       0.28767D+00
       0.32000D+02       0.18124D-06       0.19123D+00       0.33639D+00       0.27815D+00
       0.33000D+02       0.17122D-06       0.97917D-03       0.33211D+00       0.31745D+00
       0.34000D+02       0.16976D-06       0.26057D+00       0.32916D+00       0.30940D+00
       0.35000D+02       0.16556D-06       0.54004D+00       0.33169D+00       0.29956D+00
       0.36000D+02       0.16299D-06       0.43455D+00       0.33531D+00       0.28971D+00
       0.37000D+02       0.20629D-06       0.82320D-01       0.33533D+00       0.28203D+00
       0.38000D+02       0.20361D-06       0.32778D-01       0.33087D+00       0.31530D+00
       0.39000D+02       0.20090D-06       0.36710D+00       0.32994D+00       0.30776D+00
       0.40000D+02       0.19691D-06       0.55249D+00       0.33293D+00       0.29880D+00
       0.41000D+02       0.19918D-06       0.33571D+00       0.33555D+00       0.29044D+00
       0.42000D+02       0.21504D-06       0.21885D-01       0.33414D+00       0.28419D+00
       0.43000D+02       0.20602D-06       0.11807D+00       0.33028D+00       0.31339D+00
       0.44000D+02       0.20203D-06       0.47091D+00       0.33081D+00       0.30618D+00
       0.45000D+02       0.19876D-06       0.53610D+00       0.33382D+00       0.29806D+00
       0.46000D+02       0.20286D-06       0.23110D+00       0.33534D+00       0.29103D+00
       0.47000D+02       0.20478D-06       0.13095D-03       0.33276D+00       0.28582D+00
       0.48000D+02       0.20263D-06       0.22649D+00       0.33022D+00       0.31271D+00
       0.49000D+02       0.19900D-06       0.53215D+00       0.33171D+00       0.30576D+00
       0.50000D+02       0.19657D-06       0.46877D+00       0.33440D+00       0.29846D+00
       0.51000D+02       0.21906D-06       0.11778D+00       0.33480D+00       0.29256D+00
       0.52000D+02       0.21918D-06       0.21139D-01       0.33166D+00       0.31670D+00
       0.53000D+02       0.21765D-06       0.33321D+00       0.33056D+00       0.31129D+00
       0.54000D+02       0.21436D-06       0.55376D+00       0.33259D+00       0.30467D+00
       0.55000D+02       0.21153D-06       0.37246D+00       0.33471D+00       0.29822D+00
       0.56000D+02       0.21045D-06       0.39982D-01       0.33404D+00       0.29327D+00
       0.57000D+02       0.20001D-06       0.84628D-01       0.33105D+00       0.31512D+00
       0.58000D+02       0.19731D-06       0.43862D+00       0.33111D+00       0.30977D+00
       0.59000D+02       0.19475D-06       0.54677D+00       0.33333D+00       0.30354D+00
       0.60000D+02       0.20161D-06       0.26855D+00       0.33474D+00       0.29793D+00
       0.61000D+02       0.22002D-06       0.35142D-02       0.33310D+00       0.29373D+00
       0.62000D+02       0.21653D-06       0.18939D+00       0.33083D+00       0.31389D+00
       0.63000D+02       0.21348D-06       0.51749D+00       0.33173D+00       0.30859D+00
       0.64000D+02       0.21123D-06       0.49750D+00       0.33386D+00       0.30282D+00
       0.65000D+02       0.21687D-06       0.15558D+00       0.33446D+00       0.29799D+00
       0.66000D+02       0.21285D-06       0.93880D-02       0.33214D+00       0.31746D+00
       0.67000D+02       0.21198D-06       0.29534D+00       0.33095D+00       0.31329D+00
       0.68000D+02       0.20937D-06       0.54765D+00       0.33239D+00       0.30807D+00
       0.69000D+02       0.20747D-06       0.40433D+00       0.33419D+00       0.30282D+00
       0.70000D+02       0.21729D-06       0.58330D-01       0.33395D+00       0.29868D+00
       0.71000D+02       0.20908D-06       0.52801D-01       0.33155D+00       0.31619D+00
       0.72000D+02       0.20714D-06       0.40067D+00       0.33131D+00       0.31200D+00
       0.73000D+02       0.20492D-06       0.54993D+00       0.33303D+00       0.30696D+00
       0.74000D+02       0.21009D-06       0.30208D+00       0.33434D+00       0.30227D+00
       0.75000D+02       0.23242D-06       0.95142D-02       0.33330D+00       0.29872D+00
       0.76000D+02       0.22756D-06       0.15079D+00       0.33125D+00       0.31512D+00
       0.77000D+02       0.22495D-06       0.49537D+00       0.33176D+00       0.31088D+00
       0.78000D+02       0.22276D-06       0.51934D+00       0.33351D+00       0.30611D+00
       0.79000D+02       0.22082D-06       0.19357D+00       0.33422D+00       0.30198D+00
       0.80000D+02       0.21583D-06       0.69701D-03       0.33249D+00       0.31794D+00
       0.81000D+02       0.21504D-06       0.25849D+00       0.33124D+00       0.31457D+00
       0.82000D+02       0.21280D-06       0.53961D+00       0.33228D+00       0.31031D+00
       0.83000D+02       0.21125D-06       0.43659D+00       0.33385D+00       0.30587D+00
       0.84000D+02       0.22870D-06       0.84207D-01       0.33388D+00       0.30229D+00
       0.85000D+02       0.22737D-06       0.31906D-01       0.33191D+00       0.31696D+00
       0.86000D+02       0.22601D-06       0.36509D+00       0.33146D+00       0.31353D+00
       0.87000D+02       0.22393D-06       0.55269D+00       0.33281D+00       0.30934D+00
       0.88000D+02       0.22450D-06       0.33796D+00       0.33404D+00       0.30530D+00
       0.89000D+02       0.23138D-06       0.22903D-01       0.33341D+00       0.30219D+00
       0.90000D+02       0.22643D-06       0.11608D+00       0.33157D+00       0.31595D+00
       0.91000D+02       0.22431D-06       0.46920D+00       0.33180D+00       0.31245D+00
       0.92000D+02       0.22252D-06       0.53699D+00       0.33326D+00       0.30839D+00
       0.93000D+02       0.22465D-06       0.23347D+00       0.33402D+00       0.30478D+00
       0.94000D+02       0.22578D-06       0.27588D-03       0.33276D+00       0.30205D+00
       0.95000D+02       0.22454D-06       0.22440D+00       0.33147D+00       0.31548D+00
       0.96000D+02       0.22249D-06       0.53152D+00       0.33220D+00       0.31190D+00
       0.97000D+02       0.22107D-06       0.47071D+00       0.33359D+00       0.30806D+00
       0.98000D+02       0.23169D-06       0.12006D+00       0.33381D+00       0.30488D+00
       0.99000D+02       0.23118D-06       0.20492D-01       0.33218D+00       0.31746D+00
       0.10000D+03       0.23034D-06       0.33106D+00       0.33158D+00       0.31459D+00
       0.10100D+03       0.22847D-06       0.55361D+00       0.33265D+00       0.31101D+00
       0.10200D+03       0.22685D-06       0.37451D+00       0.33380D+00       0.30746D+00
       0.10300D+03       0.22620D-06       0.41058D-01       0.33345D+00       0.30468D+00
       0.10400D+03       0.21994D-06       0.82606D-01       0.33182D+00       0.31656D+00
       0.10500D+03       0.21831D-06       0.43644D+00       0.33183D+00       0.31360D+00
       0.10600D+03       0.21673D-06       0.54711D+00       0.33306D+00       0.31008D+00
       0.10700D+03       0.22058D-06       0.27062D+00       0.33386D+00       0.30686D+00
       0.10800D+03       0.23102D-06       0.37617D-02       0.33295D+00       0.30442D+00
       0.10900D+03       0.22887D-06       0.18705D+00       0.33165D+00       0.31579D+00
       0.11000D+03       0.22703D-06       0.51632D+00       0.33215D+00       0.31275D+00
       0.11100D+03       0.22561D-06       0.49896D+00       0.33338D+00       0.30937D+00
       0.11200D+03       0.22828D-06       0.15782D+00       0.33374D+00       0.30650D+00
       0.11300D+03       0.22555D-06       0.86850D-02       0.33240D+00       0.31781D+00
       0.11400D+03       0.22502D-06       0.29303D+00       0.33168D+00       0.31536D+00
       0.11500D+03       0.22338D-06       0.54714D+00       0.33252D+00       0.31226D+00
       0.11600D+03       0.22218D-06       0.40616D+00       0.33360D+00       0.30909D+00
       0.11700D+03       0.22876D-06       0.59566D-01       0.33347D+00       0.30655D+00
       0.11800D+03       0.22360D-06       0.51160D-01       0.33203D+00       0.31703D+00
       0.11900D+03       0.22236D-06       0.39840D+00       0.33187D+00       0.31449D+00
       0.12000D+03       0.22090D-06       0.55005D+00       0.33290D+00       0.31141D+00
       0.12100D+03       0.22396D-06       0.30411D+00       0.33371D+00       0.30849D+00
       0.12200D+03       0.23557D-06       0.10073D-01       0.33309D+00       0.30626D+00
       0.12300D+03       0.23381D-06       0.14859D+00       0.33182D+00       0.31634D+00
       0.12400D+03       0.23215D-06       0.49391D+00       0.33213D+00       0.31370D+00
       0.12500D+03       0.23074D-06       0.52052D+00       0.33321D+00       0.31069D+00
       0.12600D+03       0.22949D-06       0.19592D+00       0.33367D+00       0.30806D+00
       0.12700D+03       0.22629D-06       0.44870D-03       0.33259D+00       0.31807D+00
       0.12800D+03       0.22576D-06       0.25643D+00       0.33179D+00       0.31594D+00
       0.12900D+03       0.22427D-06       0.53918D+00       0.33244D+00       0.31323D+00
       0.13000D+03       0.22324D-06       0.43864D+00       0.33344D+00       0.31036D+00
       0.13100D+03       0.23474D-06       0.86135D-01       0.33348D+00       0.30803D+00
       0.13200D+03       0.23388D-06       0.31071D-01       0.33221D+00       0.31743D+00
       0.13300D+03       0.23299D-06       0.36309D+00       0.33191D+00       0.31522D+00
       0.13400D+03       0.23160D-06       0.55288D+00       0.33278D+00       0.31249D+00
       0.13500D+03       0.23182D-06       0.34022D+00       0.33358D+00       0.30982D+00
       0.13600D+03       0.23571D-06       0.23940D-01       0.33318D+00       0.30775D+00
       0.13700D+03       0.23225D-06       0.11409D+00       0.33197D+00       0.31676D+00
       0.13800D+03       0.23082D-06       0.46746D+00       0.33211D+00       0.31444D+00
       0.13900D+03       0.22961D-06       0.53786D+00       0.33307D+00       0.31174D+00
       0.14000D+03       0.23096D-06       0.23584D+00       0.33359D+00       0.30931D+00
       0.14100D+03       0.23229D-06       0.43324D-03       0.33276D+00       0.30747D+00
       0.14200D+03       0.23140D-06       0.22230D+00       0.33188D+00       0.31641D+00
       0.14300D+03       0.22999D-06       0.53087D+00       0.33237D+00       0.31401D+00
       0.14400D+03       0.22899D-06       0.47263D+00       0.33330D+00       0.31140D+00
       0.14500D+03       0.23594D-06       0.12234D+00       0.33347D+00       0.30923D+00
       0.14600D+03       0.23537D-06       0.19837D-01       0.33236D+00       0.31773D+00
       0.14700D+03       0.23480D-06       0.32890D+00       0.33194D+00       0.31578D+00
       0.14800D+03       0.23350D-06       0.55342D+00       0.33267D+00       0.31333D+00
       0.14900D+03       0.23237D-06       0.37654D+00       0.33346D+00       0.31088D+00
       0.15000D+03       0.23195D-06       0.42130D-01       0.33323D+00       0.30894D+00
       0.15100D+03       0.22747D-06       0.80587D-01       0.33211D+00       0.31710D+00
       0.15200D+03       0.22631D-06       0.43424D+00       0.33210D+00       0.31505D+00
       0.15300D+03       0.22518D-06       0.54742D+00       0.33295D+00       0.31261D+00
       0.15400D+03       0.22799D-06       0.27268D+00       0.33351D+00       0.31035D+00
       0.15500D+03       0.23582D-06       0.40165D-02       0.33289D+00       0.30862D+00
       0.15600D+03       0.23423D-06       0.18470D+00       0.33198D+00       0.31655D+00
       0.15700D+03       0.23291D-06       0.51514D+00       0.33232D+00       0.31441D+00
       0.15800D+03       0.23189D-06       0.50039D+00       0.33318D+00       0.31203D+00
       0.15900D+03       0.23350D-06       0.16006D+00       0.33344D+00       0.30998D+00
       0.16000D+03       0.23139D-06       0.79954D-02       0.33250D+00       0.31795D+00
       0.16100D+03       0.23101D-06       0.29072D+00       0.33199D+00       0.31622D+00
       0.16200D+03       0.22982D-06       0.54662D+00       0.33258D+00       0.31401D+00
       0.16300D+03       0.22898D-06       0.40800D+00       0.33334D+00       0.31174D+00
       0.16400D+03       0.23398D-06       0.60834D-01       0.33326D+00       0.30991D+00
       0.16500D+03       0.23028D-06       0.49565D-01       0.33223D+00       0.31739D+00
       0.16600D+03       0.22938D-06       0.39616D+00       0.33211D+00       0.31558D+00
       0.16700D+03       0.22829D-06       0.55017D+00       0.33285D+00       0.31335D+00
       0.16800D+03       0.23059D-06       0.30615D+00       0.33344D+00       0.31124D+00
       0.16900D+03       0.23885D-06       0.10662D-01       0.33300D+00       0.30961D+00
       0.17000D+03       0.23745D-06       0.14641D+00       0.33207D+00       0.31688D+00
       0.17100D+03       0.23623D-06       0.49244D+00       0.33229D+00       0.31496D+00
       0.17200D+03       0.23519D-06       0.52169D+00       0.33308D+00       0.31277D+00
       0.17300D+03       0.23429D-06       0.19828D+00       0.33341D+00       0.31084D+00
       0.17400D+03       0.23197D-06       0.23389D-03       0.33263D+00       0.31813D+00
       0.17500D+03       0.23157D-06       0.25438D+00       0.33204D+00       0.31658D+00
       0.17600D+03       0.23044D-06       0.53876D+00       0.33251D+00       0.31458D+00
       0.17700D+03       0.22967D-06       0.44071D+00       0.33325D+00       0.31247D+00
       0.17800D+03       0.23796D-06       0.88101D-01       0.33328D+00       0.31074D+00
       0.17900D+03       0.23736D-06       0.30272D-01       0.33235D+00       0.31766D+00
       0.18000D+03       0.23671D-06       0.36110D+00       0.33212D+00       0.31603D+00
       0.18100D+03       0.23566D-06       0.55307D+00       0.33276D+00       0.31400D+00
       0.18200D+03       0.23574D-06       0.34248D+00       0.33336D+00       0.31201D+00
       0.18300D+03       0.23829D-06       0.24993D-01       0.33307D+00       0.31046D+00
       0.18400D+03       0.23558D-06       0.11210D+00       0.33217D+00       0.31715D+00
       0.18500D+03       0.23450D-06       0.46570D+00       0.33226D+00       0.31543D+00
       0.18600D+03       0.23354D-06       0.53869D+00       0.33298D+00       0.31340D+00
       0.18700D+03       0.23466D-06       0.23819D+00       0.33338D+00       0.31157D+00
       0.18800D+03       0.23589D-06       0.60152D-03       0.33276D+00       0.31017D+00
       0.18900D+03       0.23519D-06       0.22018D+00       0.33210D+00       0.31688D+00
       0.19000D+03       0.23411D-06       0.53019D+00       0.33246D+00       0.31507D+00
       0.19100D+03       0.23333D-06       0.47453D+00       0.33316D+00       0.31310D+00
       0.19200D+03       0.23837D-06       0.12462D+00       0.33329D+00       0.31144D+00
       0.19300D+03       0.23778D-06       0.19173D-01       0.33246D+00       0.31786D+00
       0.19400D+03       0.23735D-06       0.32671D+00       0.33213D+00       0.31639D+00
       0.19500D+03       0.23636D-06       0.55320D+00       0.33268D+00       0.31453D+00
       0.19600D+03       0.23550D-06       0.37854D+00       0.33328D+00       0.31266D+00
       0.19700D+03       0.23524D-06       0.43197D-01       0.33312D+00       0.31117D+00
       0.19800D+03       0.23174D-06       0.78573D-01       0.33226D+00       0.31738D+00
       0.19900D+03       0.23085D-06       0.43202D+00       0.33225D+00       0.31582D+00
       0.20000D+03       0.22996D-06       0.54771D+00       0.33290D+00       0.31395D+00
       0.20100D+03       0.23218D-06       0.27471D+00       0.33333D+00       0.31221D+00
       0.20200D+03       0.23829D-06       0.42799D-02       0.33286D+00       0.31087D+00
       0.20300D+03       0.23701D-06       0.18235D+00       0.33215D+00       0.31695D+00
       0.20400D+03       0.23598D-06       0.51392D+00       0.33241D+00       0.31531D+00
       0.20500D+03       0.23519D-06       0.50181D+00       0.33307D+00       0.31346D+00
       0.20600D+03       0.23620D-06       0.16229D+00       0.33328D+00       0.31188D+00
       0.20700D+03       0.23449D-06       0.73216D-02       0.33256D+00       0.31802D+00
       0.20800D+03       0.23419D-06       0.28842D+00       0.33215D+00       0.31669D+00
       0.20900D+03       0.23326D-06       0.54611D+00       0.33261D+00       0.31498D+00
       0.21000D+03       0.23258D-06       0.40985D+00       0.33320D+00       0.31321D+00
       0.21100D+03       0.23689D-06       0.62137D-01       0.33315D+00       0.31178D+00
       0.21200D+03       0.23406D-06       0.48017D-01       0.33235D+00       0.31760D+00
       0.21300D+03       0.23335D-06       0.39392D+00       0.33224D+00       0.31618D+00
       0.21400D+03       0.23249D-06       0.55030D+00       0.33282D+00       0.31444D+00
       0.21500D+03       0.23424D-06       0.30821D+00       0.33328D+00       0.31278D+00
       0.21600D+03       0.24045D-06       0.11283D-01       0.33294D+00       0.31150D+00
       0.21700D+03       0.23926D-06       0.14424D+00       0.33222D+00       0.31719D+00
       0.21800D+03       0.23830D-06       0.49097D+00       0.33238D+00       0.31569D+00
       0.21900D+03       0.23747D-06       0.52284D+00       0.33300D+00       0.31396D+00
       0.22000D+03       0.23681D-06       0.20065D+00       0.33327D+00       0.31243D+00
       0.22100D+03       0.23505D-06       0.52008D-04       0.33266D+00       0.31816D+00
       0.22200D+03       0.23471D-06       0.25233D+00       0.33219D+00       0.31694D+00
       0.22300D+03       0.23381D-06       0.53834D+00       0.33255D+00       0.31537D+00
       0.22400D+03       0.23317D-06       0.44278D+00       0.33314D+00       0.31369D+00
       0.22500D+03       0.23976D-06       0.90104D-01       0.33317D+00       0.31231D+00
       0.22600D+03       0.23934D-06       0.29504D-01       0.33243D+00       0.31779D+00
       0.22700D+03       0.23882D-06       0.35911D+00       0.33225D+00       0.31650D+00
       0.22800D+03       0.23798D-06       0.55324D+00       0.33275D+00       0.31489D+00
       0.22900D+03       0.23791D-06       0.34473D+00       0.33323D+00       0.31330D+00
       0.23000D+03       0.23968D-06       0.26060D-01       0.33300D+00       0.31206D+00
       0.23100D+03       0.23745D-06       0.11012D+00       0.33228D+00       0.31738D+00
       0.23200D+03       0.23658D-06       0.46391D+00       0.33236D+00       0.31601D+00
       0.23300D+03       0.23581D-06       0.53950D+00       0.33293D+00       0.31439D+00
       0.23400D+03       0.23684D-06       0.24052D+00       0.33325D+00       0.31292D+00
       0.23500D+03       0.23803D-06       0.77934D-03       0.33276D+00       0.31179D+00
       0.23600D+03       0.23744D-06       0.21804D+00       0.33222D+00       0.31716D+00
       0.23700D+03       0.23656D-06       0.52948D+00       0.33251D+00       0.31571D+00
       0.23800D+03       0.23594D-06       0.47639D+00       0.33307D+00       0.31413D+00
       0.23900D+03       0.23967D-06       0.12690D+00       0.33318D+00       0.31279D+00
       0.24000D+03       0.23911D-06       0.18498D-01       0.33251D+00       0.31795D+00
       0.24100D+03       0.23877D-06       0.32450D+00       0.33225D+00       0.31676D+00
       0.24200D+03       0.23797D-06       0.55295D+00       0.33268D+00       0.31526D+00
       0.24300D+03       0.23727D-06       0.38052D+00       0.33317D+00       0.31375D+00
       0.24400D+03       0.23714D-06       0.44262D-01       0.33304D+00       0.31254D+00
       0.24500D+03       0.23427D-06       0.76566D-01       0.33235D+00       0.31756D+00
       0.24600D+03       0.23354D-06       0.42978D+00       0.33234D+00       0.31630D+00
       0.24700D+03       0.23281D-06       0.54797D+00       0.33286D+00       0.31478D+00
       0.24800D+03       0.23463D-06       0.27674D+00       0.33322D+00       0.31336D+00
       0.24900D+03       0.23982D-06       0.45529D-02       0.33284D+00       0.31227D+00
       0.25000D+03       0.23874D-06       0.18000D+00       0.33226D+00       0.31721D+00
       0.25100D+03       0.23790D-06       0.51268D+00       0.33247D+00       0.31587D+00
       0.25200D+03       0.23723D-06       0.50320D+00       0.33301D+00       0.31437D+00
       0.25300D+03       0.23788D-06       0.16453D+00       0.33318D+00       0.31307D+00
       0.25400D+03       0.23641D-06       0.66660D-02       0.33259D+00       0.31807D+00
       0.25500D+03       0.23617D-06       0.28613D+00       0.33226D+00       0.31698D+00
       0.25600D+03       0.23539D-06       0.54559D+00       0.33263D+00       0.31559D+00
       0.25700D+03       0.23480D-06       0.41171D+00       0.33312D+00       0.31414D+00
       0.25800D+03       0.23857D-06       0.63476D-01       0.33307D+00       0.31296D+00
       0.25900D+03       0.23631D-06       0.46519D-01       0.33242D+00       0.31772D+00
       0.26000D+03       0.23573D-06       0.39171D+00       0.33233D+00       0.31657D+00
       0.26100D+03       0.23502D-06       0.55043D+00       0.33280D+00       0.31514D+00
       0.26200D+03       0.23618D-06       0.31028D+00       0.33318D+00       0.31377D+00
       0.26300D+03       0.24123D-06       0.11935D-01       0.33291D+00       0.31271D+00
       0.26400D+03       0.24018D-06       0.14209D+00       0.33231D+00       0.31738D+00
       0.26500D+03       0.23939D-06       0.48947D+00       0.33244D+00       0.31615D+00
       0.26600D+03       0.23871D-06       0.52398D+00       0.33295D+00       0.31473D+00
       0.26700D+03       0.23820D-06       0.20303D+00       0.33317D+00       0.31346D+00
       0.26800D+03       0.23681D-06      -0.97672D-04       0.33268D+00       0.31819D+00
       0.26900D+03       0.23652D-06       0.25030D+00       0.33228D+00       0.31718D+00
       0.27000D+03       0.23577D-06       0.53792D+00       0.33258D+00       0.31588D+00
       0.27100D+03       0.23525D-06       0.44485D+00       0.33306D+00       0.31449D+00
       0.27200D+03       0.24070D-06       0.92141D-01       0.33310D+00       0.31335D+00
       0.27300D+03       0.24040D-06       0.28766D-01       0.33249D+00       0.31788D+00
       0.27400D+03       0.23998D-06       0.35713D+00       0.33233D+00       0.31681D+00
       0.27500D+03       0.23928D-06       0.55341D+00       0.33274D+00       0.31547D+00
       0.27600D+03       0.23902D-06       0.34699D+00       0.33314D+00       0.31415D+00
       0.27700D+03       0.24036D-06       0.27140D-01       0.33296D+00       0.31312D+00
       0.27800D+03       0.23845D-06       0.10813D+00       0.33236D+00       0.31754D+00
       0.27900D+03       0.23773D-06       0.46209D+00       0.33242D+00       0.31640D+00
       0.28000D+03       0.23708D-06       0.54027D+00       0.33289D+00       0.31505D+00
       0.28100D+03       0.23807D-06       0.24284D+00       0.33316D+00       0.31382D+00
       0.28200D+03       0.23919D-06       0.96543D-03       0.33276D+00       0.31288D+00
       0.28300D+03       0.23867D-06       0.21588D+00       0.33231D+00       0.31735D+00
       0.28400D+03       0.23794D-06       0.52873D+00       0.33254D+00       0.31614D+00
       0.28500D+03       0.23740D-06       0.47823D+00       0.33301D+00       0.31482D+00
       0.28600D+03       0.24043D-06       0.12918D+00       0.33311D+00       0.31370D+00
       0.28700D+03       0.23990D-06       0.17814D-01       0.33255D+00       0.31800D+00
       0.28800D+03       0.23962D-06       0.32228D+00       0.33233D+00       0.31702D+00
       0.28900D+03       0.23894D-06       0.55267D+00       0.33269D+00       0.31576D+00
       0.29000D+03       0.23836D-06       0.38248D+00       0.33310D+00       0.31449D+00
       0.29100D+03       0.23833D-06       0.45324D-01       0.33300D+00       0.31347D+00
       0.29200D+03       0.23589D-06       0.74568D-01       0.33241D+00       0.31768D+00
       0.29300D+03       0.23528D-06       0.42752D+00       0.33240D+00       0.31662D+00
       0.29400D+03       0.23467D-06       0.54821D+00       0.33284D+00       0.31534D+00
       0.29500D+03       0.23601D-06       0.27875D+00       0.33314D+00       0.31415D+00
       0.29600D+03       0.24085D-06       0.48371D-02       0.33283D+00       0.31323D+00
       0.29700D+03       0.23990D-06       0.17765D+00       0.33234D+00       0.31738D+00
       0.29800D+03       0.23919D-06       0.51142D+00       0.33251D+00       0.31626D+00
       0.29900D+03       0.23863D-06       0.50456D+00       0.33296D+00       0.31499D+00
       0.30000D+03       0.23910D-06       0.16678D+00       0.33311D+00       0.31389D+00
       0.30100D+03       0.23781D-06       0.60310D-02       0.33262D+00       0.31811D+00
       0.30200D+03       0.23760D-06       0.28386D+00       0.33233D+00       0.31719D+00
       0.30300D+03       0.23695D-06       0.54508D+00       0.33264D+00       0.31601D+00
       0.30400D+03       0.23646D-06       0.41359D+00       0.33305D+00       0.31478D+00
       0.30500D+03       0.23984D-06       0.64854D-01       0.33302D+00       0.31379D+00
       0.30600D+03       0.23798D-06       0.45071D-01       0.33247D+00       0.31781D+00
       0.30700D+03       0.23749D-06       0.38951D+00       0.33239D+00       0.31683D+00
       0.30800D+03       0.23688D-06       0.55057D+00       0.33279D+00       0.31563D+00
       0.30900D+03       0.23797D-06       0.31237D+00       0.33311D+00       0.31446D+00
       0.31000D+03       0.24217D-06       0.12620D-01       0.33289D+00       0.31356D+00
       0.31100D+03       0.24123D-06       0.13996D+00       0.33238D+00       0.31752D+00
       0.31200D+03       0.24055D-06       0.48797D+00       0.33248D+00       0.31648D+00
       0.31300D+03       0.23997D-06       0.52511D+00       0.33291D+00       0.31527D+00
       0.31400D+03       0.23959D-06       0.20542D+00       0.33311D+00       0.31419D+00
       0.31500D+03       0.23847D-06      -0.21607D-03       0.33269D+00       0.31820D+00
       0.31600D+03       0.23822D-06       0.24828D+00       0.33235D+00       0.31735D+00
       0.31700D+03       0.23757D-06       0.53749D+00       0.33260D+00       0.31624D+00
       0.31800D+03       0.23713D-06       0.44693D+00       0.33301D+00       0.31506D+00
       0.31900D+03       0.24153D-06       0.94212D-01       0.33304D+00       0.31408D+00
       0.32000D+03       0.24141D-06       0.28052D-01       0.33253D+00       0.31794D+00
       0.32100D+03       0.24106D-06       0.35514D+00       0.33239D+00       0.31703D+00
       0.32200D+03       0.24045D-06       0.55356D+00       0.33274D+00       0.31589D+00
       0.32300D+03       0.24021D-06       0.34924D+00       0.33308D+00       0.31476D+00
       0.32400D+03       0.24121D-06       0.28229D-01       0.33293D+00       0.31387D+00
       0.32500D+03       0.23954D-06       0.10614D+00       0.33242D+00       0.31765D+00
       0.32600D+03       0.23892D-06       0.46025D+00       0.33246D+00       0.31667D+00
       0.32700D+03       0.23836D-06       0.54101D+00       0.33287D+00       0.31552D+00
       0.32800D+03       0.23930D-06       0.24515D+00       0.33310D+00       0.31446D+00
       0.32900D+03       0.24042D-06       0.11586D-02       0.33276D+00       0.31365D+00
       0.33000D+03       0.23995D-06       0.21371D+00       0.33237D+00       0.31749D+00
       0.33100D+03       0.23932D-06       0.52795D+00       0.33257D+00       0.31645D+00
       0.33200D+03       0.23885D-06       0.48004D+00       0.33297D+00       0.31531D+00
       0.33300D+03       0.24128D-06       0.13145D+00       0.33306D+00       0.31434D+00
       0.33400D+03       0.24074D-06       0.17121D-01       0.33258D+00       0.31805D+00
       0.33500D+03       0.24050D-06       0.32003D+00       0.33238D+00       0.31720D+00
       0.33600D+03       0.23992D-06       0.55236D+00       0.33269D+00       0.31612D+00
       0.33700D+03       0.23943D-06       0.38442D+00       0.33305D+00       0.31502D+00
       0.33800D+03       0.23951D-06       0.46386D-01       0.33296D+00       0.31414D+00
       0.33900D+03       0.23739D-06       0.72582D-01       0.33246D+00       0.31776D+00
       0.34000D+03       0.23687D-06       0.42525D+00       0.33244D+00       0.31685D+00
       0.34100D+03       0.23634D-06       0.54842D+00       0.33282D+00       0.31575D+00
       0.34200D+03       0.23750D-06       0.28076D+00       0.33308D+00       0.31472D+00
       0.34300D+03       0.24169D-06       0.51339D-02       0.33282D+00       0.31392D+00
       0.34400D+03       0.24084D-06       0.17530D+00       0.33239D+00       0.31750D+00
       0.34500D+03       0.24023D-06       0.51014D+00       0.33254D+00       0.31654D+00
       0.34600D+03       0.23974D-06       0.50591D+00       0.33293D+00       0.31544D+00
       0.34700D+03       0.23996D-06       0.16902D+00       0.33306D+00       0.31449D+00
       0.34800D+03       0.23881D-06       0.54185D-02       0.33264D+00       0.31813D+00
       0.34900D+03       0.23863D-06       0.28160D+00       0.33239D+00       0.31734D+00
       0.35000D+03       0.23806D-06       0.54457D+00       0.33265D+00       0.31632D+00
       0.35100D+03       0.23764D-06       0.41547D+00       0.33301D+00       0.31525D+00
       0.35200D+03       0.24081D-06       0.66273D-01       0.33299D+00       0.31439D+00
       0.35300D+03       0.23932D-06       0.43674D-01       0.33251D+00       0.31788D+00
       0.35400D+03       0.23890D-06       0.38732D+00       0.33243D+00       0.31703D+00
       0.35500D+03       0.23837D-06       0.55072D+00       0.33278D+00       0.31598D+00
       0.35600D+03       0.23926D-06       0.31447D+00       0.33306D+00       0.31497D+00
       0.35700D+03       0.24265D-06       0.13338D-01       0.33287D+00       0.31418D+00
       0.35800D+03       0.24178D-06       0.13785D+00       0.33242D+00       0.31762D+00
       0.35900D+03       0.24119D-06       0.48646D+00       0.33251D+00       0.31672D+00
       0.36000D+03       0.24068D-06       0.52622D+00       0.33289D+00       0.31566D+00
       0.36100D+03       0.24042D-06       0.20781D+00       0.33306D+00       0.31472D+00
       0.36200D+03       0.23951D-06      -0.30421D-03       0.33270D+00       0.31822D+00
       0.36300D+03       0.23928D-06       0.24625D+00       0.33240D+00       0.31747D+00
       0.36400D+03       0.23872D-06       0.53706D+00       0.33261D+00       0.31651D+00
       0.36500D+03       0.23833D-06       0.44901D+00       0.33298D+00       0.31548D+00
       0.36600D+03       0.24230D-06       0.96312D-01       0.33300D+00       0.31462D+00
       0.36700D+03       0.24218D-06       0.27361D-01       0.33255D+00       0.31799D+00
       0.36800D+03       0.24188D-06       0.35315D+00       0.33243D+00       0.31720D+00
       0.36900D+03       0.24135D-06       0.55370D+00       0.33273D+00       0.31620D+00
       0.37000D+03       0.24109D-06       0.35148D+00       0.33304D+00       0.31521D+00
       0.37100D+03       0.24176D-06       0.29325D-01       0.33291D+00       0.31443D+00
       0.37200D+03       0.24026D-06       0.10415D+00       0.33246D+00       0.31773D+00
       0.37300D+03       0.23973D-06       0.45837D+00       0.33249D+00       0.31688D+00
       0.37400D+03       0.23923D-06       0.54172D+00       0.33285D+00       0.31587D+00
       0.37500D+03       0.23996D-06       0.24743D+00       0.33305D+00       0.31494D+00
       0.37600D+03       0.24125D-06       0.13579D-02       0.33276D+00       0.31423D+00
       0.37700D+03       0.24082D-06       0.21151D+00       0.33241D+00       0.31759D+00
       0.37800D+03       0.24027D-06       0.52714D+00       0.33258D+00       0.31668D+00
       0.37900D+03       0.23985D-06       0.48182D+00       0.33294D+00       0.31568D+00
       0.38000D+03       0.24187D-06       0.13373D+00       0.33302D+00       0.31483D+00
       0.38100D+03       0.24155D-06       0.16417D-01       0.33260D+00       0.31818D+00
       0.38200D+03       0.24135D-06       0.31777D+00       0.33242D+00       0.31744D+00
       0.38300D+03       0.24083D-06       0.55202D+00       0.33269D+00       0.31649D+00
       0.38400D+03       0.24039D-06       0.38634D+00       0.33301D+00       0.31552D+00
       0.38500D+03       0.24057D-06       0.47449D-01       0.33293D+00       0.31475D+00
       0.38600D+03       0.23869D-06       0.70611D-01       0.33249D+00       0.31793D+00
       0.38700D+03       0.23823D-06       0.42296D+00       0.33248D+00       0.31713D+00
       0.38800D+03       0.23776D-06       0.54862D+00       0.33281D+00       0.31616D+00
       0.38900D+03       0.23878D-06       0.28275D+00       0.33304D+00       0.31525D+00
       0.39000D+03       0.24266D-06       0.54448D-02       0.33281D+00       0.31455D+00
       0.39100D+03       0.24198D-06       0.17296D+00       0.33243D+00       0.31770D+00
       0.39200D+03       0.24144D-06       0.50884D+00       0.33256D+00       0.31685D+00
       0.39300D+03       0.24099D-06       0.50724D+00       0.33290D+00       0.31588D+00
       0.39400D+03       0.24111D-06       0.17128D+00       0.33302D+00       0.31504D+00
       0.39500D+03       0.24006D-06       0.48308D-02       0.33265D+00       0.31825D+00
       0.39600D+03       0.23990D-06       0.27936D+00       0.33243D+00       0.31755D+00
       0.39700D+03       0.23939D-06       0.54407D+00       0.33266D+00       0.31665D+00
       0.39800D+03       0.23901D-06       0.41737D+00       0.33298D+00       0.31571D+00
       0.39900D+03       0.24185D-06       0.67733D-01       0.33296D+00       0.31495D+00
       0.40000D+03       0.24058D-06       0.42330D-01       0.33254D+00       0.31803D+00
       0.40100D+03       0.24022D-06       0.38516D+00       0.33247D+00       0.31728D+00
       0.40200D+03       0.23974D-06       0.55088D+00       0.33277D+00       0.31635D+00
       0.40300D+03       0.24047D-06       0.31659D+00       0.33302D+00       0.31546D+00
       0.40400D+03       0.24336D-06       0.14088D-01       0.33285D+00       0.31476D+00
       0.40500D+03       0.24254D-06       0.13576D+00       0.33246D+00       0.31780D+00
       0.40600D+03       0.24202D-06       0.48493D+00       0.33254D+00       0.31700D+00
       0.40700D+03       0.24157D-06       0.52732D+00       0.33287D+00       0.31607D+00
       0.40800D+03       0.24138D-06       0.21020D+00       0.33302D+00       0.31523D+00
       0.40900D+03       0.24063D-06      -0.36328D-03       0.33271D+00       0.31832D+00
       0.41000D+03       0.24042D-06       0.24424D+00       0.33244D+00       0.31766D+00
       0.41100D+03       0.23992D-06       0.53662D+00       0.33263D+00       0.31681D+00
       0.41200D+03       0.23956D-06       0.45109D+00       0.33295D+00       0.31589D+00
       0.41300D+03       0.24291D-06       0.98440D-01       0.33298D+00       0.31513D+00
       0.41400D+03       0.24284D-06       0.26689D-01       0.33258D+00       0.31812D+00
       0.41500D+03       0.24258D-06       0.35115D+00       0.33246D+00       0.31742D+00
       0.41600D+03       0.24211D-06       0.55381D+00       0.33273D+00       0.31653D+00
       0.41700D+03       0.24183D-06       0.35372D+00       0.33300D+00       0.31565D+00
       0.41800D+03       0.24231D-06       0.30426D-01       0.33289D+00       0.31496D+00
       0.41900D+03       0.24095D-06       0.10216D+00       0.33249D+00       0.31789D+00
       0.42000D+03       0.24047D-06       0.45646D+00       0.33252D+00       0.31713D+00
       0.42100D+03       0.24003D-06       0.54239D+00       0.33283D+00       0.31623D+00
       0.42200D+03       0.24074D-06       0.24970D+00       0.33302D+00       0.31541D+00
       0.42300D+03       0.24199D-06       0.15624D-02       0.33276D+00       0.31478D+00
       0.42400D+03       0.24159D-06       0.20930D+00       0.33245D+00       0.31776D+00
       0.42500D+03       0.24110D-06       0.52629D+00       0.33260D+00       0.31696D+00
       0.42600D+03       0.24072D-06       0.48357D+00       0.33291D+00       0.31607D+00
       0.42700D+03       0.24244D-06       0.13600D+00       0.33299D+00       0.31531D+00
       0.42800D+03       0.24209D-06       0.15706D-01       0.33262D+00       0.31828D+00
       0.42900D+03       0.24191D-06       0.31550D+00       0.33246D+00       0.31762D+00
       0.43000D+03       0.24145D-06       0.55166D+00       0.33269D+00       0.31678D+00
       0.43100D+03       0.24107D-06       0.38824D+00       0.33297D+00       0.31592D+00
       0.43200D+03       0.24131D-06       0.48515D-01       0.33291D+00       0.31523D+00
       0.43300D+03       0.23963D-06       0.68657D-01       0.33252D+00       0.31806D+00
       0.43400D+03       0.23922D-06       0.42067D+00       0.33250D+00       0.31735D+00
       0.43500D+03       0.23880D-06       0.54880D+00       0.33280D+00       0.31649D+00
       0.43600D+03       0.23978D-06       0.28474D+00       0.33301D+00       0.31567D+00
       0.43700D+03       0.24324D-06       0.57713D-02       0.33280D+00       0.31504D+00
       0.43800D+03       0.24260D-06       0.17062D+00       0.33247D+00       0.31785D+00
       0.43900D+03       0.24211D-06       0.50751D+00       0.33257D+00       0.31709D+00
       0.44000D+03       0.24172D-06       0.50855D+00       0.33288D+00       0.31623D+00
       0.44100D+03       0.24174D-06       0.17354D+00       0.33299D+00       0.31548D+00
       0.44200D+03       0.24078D-06       0.42696D-02       0.33266D+00       0.31834D+00
       0.44300D+03       0.24064D-06       0.27713D+00       0.33246D+00       0.31772D+00
       0.44400D+03       0.24018D-06       0.54358D+00       0.33266D+00       0.31692D+00
       0.44500D+03       0.23986D-06       0.41928D+00       0.33295D+00       0.31607D+00
       0.44600D+03       0.24258D-06       0.69237D-01       0.33293D+00       0.31539D+00
       0.44700D+03       0.24151D-06       0.41038D-01       0.33256D+00       0.31814D+00
       0.44800D+03       0.24118D-06       0.38302D+00       0.33249D+00       0.31748D+00
       0.44900D+03       0.24076D-06       0.55104D+00       0.33276D+00       0.31665D+00
       0.45000D+03       0.24141D-06       0.31873D+00       0.33299D+00       0.31584D+00
       0.45100D+03       0.24388D-06       0.14870D-01       0.33284D+00       0.31522D+00
       0.45200D+03       0.24311D-06       0.13368D+00       0.33249D+00       0.31794D+00
       0.45300D+03       0.24264D-06       0.48339D+00       0.33255D+00       0.31722D+00
       0.45400D+03       0.24224D-06       0.52841D+00       0.33285D+00       0.31638D+00
       0.45500D+03       0.24214D-06       0.21261D+00       0.33299D+00       0.31563D+00
       0.45600D+03       0.24154D-06      -0.39460D-03       0.33271D+00       0.31840D+00
       0.45700D+03       0.24134D-06       0.24222D+00       0.33247D+00       0.31781D+00
       0.45800D+03       0.24089D-06       0.53617D+00       0.33263D+00       0.31705D+00
       0.45900D+03       0.24058D-06       0.45316D+00       0.33292D+00       0.31623D+00
       0.46000D+03       0.24354D-06       0.10059D+00       0.33295D+00       0.31554D+00
       0.46100D+03       0.24347D-06       0.26031D-01       0.33259D+00       0.31822D+00
       0.46200D+03       0.24323D-06       0.34914D+00       0.33249D+00       0.31759D+00
       0.46300D+03       0.24281D-06       0.55391D+00       0.33273D+00       0.31680D+00
       0.46400D+03       0.24256D-06       0.35594D+00       0.33297D+00       0.31601D+00
       0.46500D+03       0.24289D-06       0.31531D-01       0.33288D+00       0.31538D+00
       0.46600D+03       0.24163D-06       0.10016D+00       0.33252D+00       0.31801D+00
       0.46700D+03       0.24120D-06       0.45453D+00       0.33254D+00       0.31733D+00
       0.46800D+03       0.24081D-06       0.54303D+00       0.33282D+00       0.31653D+00
       0.46900D+03       0.24152D-06       0.25194D+00       0.33299D+00       0.31578D+00
       0.47000D+03       0.24279D-06       0.17715D-02       0.33276D+00       0.31521D+00
       0.47100D+03       0.24242D-06       0.20707D+00       0.33248D+00       0.31790D+00
       0.47200D+03       0.24197D-06       0.52541D+00       0.33261D+00       0.31718D+00
       0.47300D+03       0.24163D-06       0.48529D+00       0.33289D+00       0.31637D+00
       0.47400D+03       0.24302D-06       0.13827D+00       0.33296D+00       0.31569D+00
       0.47500D+03       0.24265D-06       0.14987D-01       0.33263D+00       0.31837D+00
       0.47600D+03       0.24250D-06       0.31321D+00       0.33248D+00       0.31777D+00
       0.47700D+03       0.24208D-06       0.55126D+00       0.33270D+00       0.31701D+00
       0.47800D+03       0.24174D-06       0.39012D+00       0.33295D+00       0.31623D+00
       0.47900D+03       0.24208D-06       0.49588D-01       0.33290D+00       0.31561D+00
       0.48000D+03       0.24056D-06       0.66723D-01       0.33254D+00       0.31816D+00
       0.48100D+03       0.24019D-06       0.41837D+00       0.33253D+00       0.31753D+00
       0.48200D+03       0.23981D-06       0.54896D+00       0.33279D+00       0.31675D+00
       0.48300D+03       0.24071D-06       0.28672D+00       0.33298D+00       0.31601D+00
       0.48400D+03       0.24389D-06       0.61151D-02       0.33280D+00       0.31544D+00
       0.48500D+03       0.24329D-06       0.16830D+00       0.33249D+00       0.31798D+00
       0.48600D+03       0.24285D-06       0.50617D+00       0.33259D+00       0.31729D+00
       0.48700D+03       0.24248D-06       0.50984D+00       0.33287D+00       0.31651D+00
       0.48800D+03       0.24242D-06       0.17580D+00       0.33297D+00       0.31583D+00
       0.48900D+03       0.24153D-06       0.37366D-02       0.33267D+00       0.31842D+00
       0.49000D+03       0.24140D-06       0.27492D+00       0.33248D+00       0.31786D+00
       0.49100D+03       0.24099D-06       0.54309D+00       0.33267D+00       0.31713D+00
       0.49200D+03       0.24069D-06       0.42121D+00       0.33293D+00       0.31637D+00
       0.49300D+03       0.24330D-06       0.70785D-01       0.33292D+00       0.31574D+00
       0.49400D+03       0.24239D-06       0.39798D-01       0.33258D+00       0.31824D+00
       0.49500D+03       0.24210D-06       0.38090D+00       0.33252D+00       0.31763D+00
       0.49600D+03       0.24171D-06       0.55121D+00       0.33276D+00       0.31688D+00
       0.49700D+03       0.24217D-06       0.32089D+00       0.33297D+00       0.31616D+00
       0.49800D+03       0.24434D-06       0.15684D-01       0.33284D+00       0.31559D+00
       0.49900D+03       0.24360D-06       0.13161D+00       0.33251D+00       0.31805D+00
       0.50000D+03       0.24317D-06       0.48183D+00       0.33257D+00       0.31740D+00
       0.50100D+03       0.24281D-06       0.52947D+00       0.33284D+00       0.31664D+00
       0.50200D+03       0.24275D-06       0.21501D+00       0.33297D+00       0.31596D+00
       0.50300D+03       0.24228D-06      -0.39956D-03       0.33272D+00       0.31847D+00
       0.50400D+03       0.24210D-06       0.24020D+00       0.33249D+00       0.31794D+00
       0.50500D+03       0.24168D-06       0.53571D+00       0.33264D+00       0.31725D+00
       0.50600D+03       0.24140D-06       0.45523D+00       0.33290D+00       0.31650D+00
       0.50700D+03       0.24411D-06       0.10277D+00       0.33293D+00       0.31587D+00
       0.50800D+03       0.24403D-06       0.25385D-01       0.33261D+00       0.31831D+00
       0.50900D+03       0.24382D-06       0.34713D+00       0.33251D+00       0.31773D+00
       0.51000D+03       0.24343D-06       0.55398D+00       0.33273D+00       0.31701D+00
       0.51100D+03       0.24317D-06       0.35815D+00       0.33295D+00       0.31629D+00
       0.51200D+03       0.24337D-06       0.32636D-01       0.33286D+00       0.31573D+00
       0.51300D+03       0.24221D-06       0.98154D-01       0.33254D+00       0.31811D+00
       0.51400D+03       0.24182D-06       0.45256D+00       0.33255D+00       0.31750D+00
       0.51500D+03       0.24146D-06       0.54363D+00       0.33281D+00       0.31676D+00
       0.51600D+03       0.24215D-06       0.25417D+00       0.33296D+00       0.31609D+00
       0.51700D+03       0.24340D-06       0.19846D-02       0.33276D+00       0.31557D+00
       0.51800D+03       0.24304D-06       0.20483D+00       0.33250D+00       0.31801D+00
       0.51900D+03       0.24263D-06       0.52449D+00       0.33262D+00       0.31735D+00
       0.52000D+03       0.24231D-06       0.48697D+00       0.33288D+00       0.31662D+00
       0.52100D+03       0.24355D-06       0.14053D+00       0.33294D+00       0.31600D+00
       0.52200D+03       0.24316D-06       0.14262D-01       0.33264D+00       0.31844D+00
       0.52300D+03       0.24302D-06       0.31091D+00       0.33250D+00       0.31789D+00
       0.52400D+03       0.24264D-06       0.55085D+00       0.33270D+00       0.31720D+00
       0.52500D+03       0.24233D-06       0.39199D+00       0.33293D+00       0.31649D+00
       0.52600D+03       0.24274D-06       0.50668D-01       0.33288D+00       0.31592D+00
       0.52700D+03       0.24136D-06       0.64811D-01       0.33256D+00       0.31825D+00
       0.52800D+03       0.24102D-06       0.41606D+00       0.33254D+00       0.31767D+00
       0.52900D+03       0.24067D-06       0.54911D+00       0.33278D+00       0.31696D+00
       0.53000D+03       0.24135D-06       0.28870D+00       0.33296D+00       0.31629D+00
       0.53100D+03       0.24448D-06       0.64778D-02       0.33280D+00       0.31577D+00
       0.53200D+03       0.24390D-06       0.16598D+00       0.33251D+00       0.31808D+00
       0.53300D+03       0.24350D-06       0.50482D+00       0.33260D+00       0.31746D+00
       0.53400D+03       0.24316D-06       0.51112D+00       0.33285D+00       0.31674D+00
       0.53500D+03       0.24307D-06       0.17808D+00       0.33295D+00       0.31612D+00
       0.53600D+03       0.24224D-06       0.32333D-02       0.33268D+00       0.31848D+00
       0.53700D+03       0.24213D-06       0.27273D+00       0.33251D+00       0.31797D+00
       0.53800D+03       0.24175D-06       0.54261D+00       0.33267D+00       0.31731D+00
       0.53900D+03       0.24147D-06       0.42315D+00       0.33291D+00       0.31661D+00
       0.54000D+03       0.24386D-06       0.72378D-01       0.33290D+00       0.31604D+00
       0.54100D+03       0.24308D-06       0.38611D-01       0.33259D+00       0.31832D+00
       0.54200D+03       0.24282D-06       0.37879D+00       0.33253D+00       0.31777D+00
       0.54300D+03       0.24246D-06       0.55139D+00       0.33275D+00       0.31708D+00
       0.54400D+03       0.24285D-06       0.32306D+00       0.33295D+00       0.31641D+00
       0.54500D+03       0.24474D-06       0.16529D-01       0.33283D+00       0.31589D+00
       0.54600D+03       0.24403D-06       0.12956D+00       0.33253D+00       0.31814D+00
       0.54700D+03       0.24364D-06       0.48025D+00       0.33258D+00       0.31755D+00
       0.54800D+03       0.24331D-06       0.53052D+00       0.33283D+00       0.31686D+00
       0.54900D+03       0.24330D-06       0.21742D+00       0.33295D+00       0.31623D+00
       0.55000D+03       0.24293D-06      -0.37965D-03       0.33272D+00       0.31853D+00
       0.55100D+03       0.24275D-06       0.23818D+00       0.33251D+00       0.31804D+00
       0.55200D+03       0.24237D-06       0.53523D+00       0.33265D+00       0.31741D+00
       0.55300D+03       0.24211D-06       0.45729D+00       0.33289D+00       0.31672D+00
       0.55400D+03       0.24440D-06       0.10497D+00       0.33292D+00       0.31615D+00
       0.55500D+03       0.24438D-06       0.24748D-01       0.33262D+00       0.31838D+00
       0.55600D+03       0.24420D-06       0.34510D+00       0.33253D+00       0.31785D+00
       0.55700D+03       0.24384D-06       0.55403D+00       0.33273D+00       0.31719D+00
       0.55800D+03       0.24356D-06       0.36034D+00       0.33293D+00       0.31653D+00
       0.55900D+03       0.24370D-06       0.33742D-01       0.33285D+00       0.31601D+00
       0.56000D+03       0.24262D-06       0.96147D-01       0.33255D+00       0.31820D+00
       0.56100D+03       0.24226D-06       0.45056D+00       0.33257D+00       0.31764D+00
       0.56200D+03       0.24193D-06       0.54419D+00       0.33280D+00       0.31696D+00
       0.56300D+03       0.24262D-06       0.25637D+00       0.33294D+00       0.31634D+00
       0.56400D+03       0.24386D-06       0.22014D-02       0.33276D+00       0.31586D+00
       0.56500D+03       0.24352D-06       0.20256D+00       0.33252D+00       0.31810D+00
       0.56600D+03       0.24314D-06       0.52354D+00       0.33263D+00       0.31750D+00
       0.56700D+03       0.24285D-06       0.48863D+00       0.33286D+00       0.31683D+00
       0.56800D+03       0.24389D-06       0.14278D+00       0.33292D+00       0.31626D+00
       0.56900D+03       0.24349D-06       0.13532D-01       0.33265D+00       0.31849D+00
       0.57000D+03       0.24336D-06       0.30860D+00       0.33252D+00       0.31800D+00
       0.57100D+03       0.24301D-06       0.55042D+00       0.33270D+00       0.31736D+00
       0.57200D+03       0.24274D-06       0.39385D+00       0.33291D+00       0.31671D+00
       0.57300D+03       0.24321D-06       0.51760D-01       0.33287D+00       0.31619D+00
       0.57400D+03       0.24194D-06       0.62926D-01       0.33258D+00       0.31832D+00
       0.57500D+03       0.24164D-06       0.41376D+00       0.33256D+00       0.31779D+00
       0.57600D+03       0.24131D-06       0.54925D+00       0.33278D+00       0.31714D+00
       0.57700D+03       0.24194D-06       0.29068D+00       0.33294D+00       0.31652D+00
       0.57800D+03       0.24477D-06       0.68610D-02       0.33279D+00       0.31604D+00
       0.57900D+03       0.24421D-06       0.16367D+00       0.33253D+00       0.31817D+00
       0.58000D+03       0.24384D-06       0.50345D+00       0.33261D+00       0.31759D+00
       0.58100D+03       0.24353D-06       0.51239D+00       0.33284D+00       0.31694D+00
       0.58200D+03       0.24338D-06       0.18036D+00       0.33293D+00       0.31636D+00
       0.58300D+03       0.24261D-06       0.27609D-02       0.33268D+00       0.31853D+00
       0.58400D+03       0.24250D-06       0.27056D+00       0.33252D+00       0.31806D+00
       0.58500D+03       0.24215D-06       0.54214D+00       0.33267D+00       0.31745D+00
       0.58600D+03       0.24189D-06       0.42511D+00       0.33289D+00       0.31681D+00
       0.58700D+03       0.24424D-06       0.74015D-01       0.33289D+00       0.31628D+00
       0.58800D+03       0.24357D-06       0.37475D-01       0.33260D+00       0.31838D+00
       0.58900D+03       0.24333D-06       0.37670D+00       0.33255D+00       0.31788D+00
       0.59000D+03       0.24300D-06       0.55157D+00       0.33275D+00       0.31725D+00
       0.59100D+03       0.24333D-06       0.32525D+00       0.33293D+00       0.31663D+00
       0.59200D+03       0.24492D-06       0.17404D-01       0.33282D+00       0.31615D+00
       0.59300D+03       0.24424D-06       0.12752D+00       0.33255D+00       0.31822D+00
       0.59400D+03       0.24388D-06       0.47866D+00       0.33259D+00       0.31768D+00
       0.59500D+03       0.24358D-06       0.53155D+00       0.33282D+00       0.31704D+00
       0.59600D+03       0.24365D-06       0.21982D+00       0.33293D+00       0.31646D+00
       0.59700D+03       0.24337D-06      -0.33642D-03       0.33272D+00       0.31857D+00
       0.59800D+03       0.24320D-06       0.23615D+00       0.33253D+00       0.31812D+00
       0.59900D+03       0.24285D-06       0.53474D+00       0.33265D+00       0.31754D+00
       0.60000D+03       0.24260D-06       0.45934D+00       0.33287D+00       0.31691D+00
       0.60100D+03       0.24473D-06       0.10718D+00       0.33290D+00       0.31638D+00
       0.60200D+03       0.24469D-06       0.24116D-01       0.33263D+00       0.31843D+00
       0.60300D+03       0.24452D-06       0.34306D+00       0.33254D+00       0.31795D+00
       0.60400D+03       0.24419D-06       0.55405D+00       0.33273D+00       0.31735D+00
       0.60500D+03       0.24393D-06       0.36251D+00       0.33291D+00       0.31674D+00
       0.60600D+03       0.24399D-06       0.34845D-01       0.33285D+00       0.31625D+00
       0.60700D+03       0.24291D-06       0.94135D-01       0.33257D+00       0.31827D+00
       0.60800D+03       0.24259D-06       0.44854D+00       0.33258D+00       0.31775D+00
       0.60900D+03       0.24228D-06       0.54472D+00       0.33279D+00       0.31713D+00
       0.61000D+03       0.24285D-06       0.25855D+00       0.33293D+00       0.31656D+00
       0.61100D+03       0.24409D-06       0.24218D-02       0.33276D+00       0.31611D+00
       0.61200D+03       0.24377D-06       0.20028D+00       0.33254D+00       0.31812D+00
       0.61300D+03       0.24342D-06       0.52255D+00       0.33263D+00       0.31757D+00
       0.61400D+03       0.24315D-06       0.49025D+00       0.33285D+00       0.31695D+00
       0.61500D+03       0.24402D-06       0.14504D+00       0.33291D+00       0.31641D+00
       0.61600D+03       0.24363D-06       0.12800D-01       0.33266D+00       0.31848D+00
       0.61700D+03       0.24351D-06       0.30628D+00       0.33254D+00       0.31802D+00
       0.61800D+03       0.24319D-06       0.54996D+00       0.33270D+00       0.31744D+00
       0.61900D+03       0.24294D-06       0.39569D+00       0.33290D+00       0.31683D+00
       0.62000D+03       0.24347D-06       0.52864D-01       0.33286D+00       0.31635D+00
       0.62100D+03       0.24230D-06       0.61069D-01       0.33259D+00       0.31832D+00
       0.62200D+03       0.24203D-06       0.41145D+00       0.33257D+00       0.31783D+00
       0.62300D+03       0.24172D-06       0.54938D+00       0.33277D+00       0.31723D+00
       0.62400D+03       0.24234D-06       0.29267D+00       0.33292D+00       0.31665D+00
       0.62500D+03       0.24501D-06       0.72662D-02       0.33279D+00       0.31621D+00
       0.62600D+03       0.24448D-06       0.16138D+00       0.33255D+00       0.31818D+00
       0.62700D+03       0.24414D-06       0.50206D+00       0.33262D+00       0.31765D+00
       0.62800D+03       0.24385D-06       0.51363D+00       0.33283D+00       0.31704D+00
       0.62900D+03       0.24367D-06       0.18265D+00       0.33292D+00       0.31651D+00
       0.63000D+03       0.24295D-06       0.23206D-02       0.33269D+00       0.31852D+00
       0.63100D+03       0.24285D-06       0.26840D+00       0.33254D+00       0.31808D+00
       0.63200D+03       0.24252D-06       0.54168D+00       0.33268D+00       0.31752D+00
       0.63300D+03       0.24229D-06       0.42709D+00       0.33288D+00       0.31692D+00
       0.63400D+03       0.24444D-06       0.75698D-01       0.33288D+00       0.31643D+00
       0.63500D+03       0.24391D-06       0.36389D-01       0.33261D+00       0.31838D+00
       0.63600D+03       0.24370D-06       0.37464D+00       0.33256D+00       0.31791D+00
       0.63700D+03       0.24339D-06       0.55176D+00       0.33275D+00       0.31733D+00
       0.63800D+03       0.24370D-06       0.32745D+00       0.33291D+00       0.31676D+00
       0.63900D+03       0.24502D-06       0.18308D-01       0.33282D+00       0.31631D+00
       0.64000D+03       0.24443D-06       0.12550D+00       0.33256D+00       0.31823D+00
       0.64100D+03       0.24410D-06       0.47705D+00       0.33260D+00       0.31772D+00
       0.64200D+03       0.24382D-06       0.53256D+00       0.33281D+00       0.31713D+00
       0.64300D+03       0.24391D-06       0.22223D+00       0.33292D+00       0.31660D+00
       0.64400D+03       0.24370D-06      -0.27150D-03       0.33272D+00       0.31855D+00
       0.64500D+03       0.24354D-06       0.23412D+00       0.33254D+00       0.31814D+00
       0.64600D+03       0.24321D-06       0.53423D+00       0.33266D+00       0.31760D+00
       0.64700D+03       0.24298D-06       0.46137D+00       0.33286D+00       0.31701D+00
       0.64800D+03       0.24489D-06       0.10942D+00       0.33289D+00       0.31652D+00
       0.64900D+03       0.24483D-06       0.23487D-01       0.33264D+00       0.31842D+00
       0.65000D+03       0.24468D-06       0.34100D+00       0.33256D+00       0.31798D+00
       0.65100D+03       0.24438D-06       0.55405D+00       0.33272D+00       0.31742D+00
       0.65200D+03       0.24412D-06       0.36467D+00       0.33290D+00       0.31685D+00
       0.65300D+03       0.24413D-06       0.35945D-01       0.33284D+00       0.31640D+00
       0.65400D+03       0.24311D-06       0.92119D-01       0.33258D+00       0.31827D+00
       0.65500D+03       0.24281D-06       0.44648D+00       0.33259D+00       0.31779D+00
       0.65600D+03       0.24252D-06       0.54522D+00       0.33279D+00       0.31722D+00
       0.65700D+03       0.24309D-06       0.26072D+00       0.33291D+00       0.31668D+00
       0.65800D+03       0.24427D-06       0.26459D-02       0.33276D+00       0.31627D+00
       0.65900D+03       0.24395D-06       0.19799D+00       0.33255D+00       0.31813D+00
       0.66000D+03       0.24363D-06       0.52153D+00       0.33264D+00       0.31762D+00
       0.66100D+03       0.24338D-06       0.49185D+00       0.33284D+00       0.31704D+00
       0.66200D+03       0.24414D-06       0.14728D+00       0.33290D+00       0.31655D+00
       0.66300D+03       0.24373D-06       0.12068D-01       0.33267D+00       0.31846D+00
       0.66400D+03       0.24363D-06       0.30396D+00       0.33255D+00       0.31804D+00
       0.66500D+03       0.24332D-06       0.54949D+00       0.33270D+00       0.31750D+00
       0.66600D+03       0.24310D-06       0.39753D+00       0.33288D+00       0.31694D+00
       0.66700D+03       0.24371D-06       0.53985D-01       0.33285D+00       0.31648D+00
       0.66800D+03       0.24263D-06       0.59244D-01       0.33260D+00       0.31832D+00
       0.66900D+03       0.24238D-06       0.40915D+00       0.33258D+00       0.31786D+00
       0.67000D+03       0.24210D-06       0.54950D+00       0.33277D+00       0.31730D+00
       0.67100D+03       0.24268D-06       0.29465D+00       0.33291D+00       0.31677D+00
       0.67200D+03       0.24513D-06       0.76951D-02       0.33279D+00       0.31636D+00
       0.67300D+03       0.24462D-06       0.15910D+00       0.33256D+00       0.31818D+00
       0.67400D+03       0.24430D-06       0.50066D+00       0.33262D+00       0.31769D+00
       0.67500D+03       0.24403D-06       0.51487D+00       0.33282D+00       0.31713D+00
       0.67600D+03       0.24384D-06       0.18495D+00       0.33290D+00       0.31663D+00
       0.67700D+03       0.24316D-06       0.19130D-02       0.33269D+00       0.31850D+00
       0.67800D+03       0.24307D-06       0.26627D+00       0.33255D+00       0.31810D+00
       0.67900D+03       0.24276D-06       0.54123D+00       0.33268D+00       0.31757D+00
       0.68000D+03       0.24254D-06       0.42908D+00       0.33287D+00       0.31702D+00
       0.68100D+03       0.24461D-06       0.77426D-01       0.33287D+00       0.31656D+00
       0.68200D+03       0.24416D-06       0.35353D-01       0.33262D+00       0.31837D+00
       0.68300D+03       0.24396D-06       0.37258D+00       0.33257D+00       0.31794D+00
       0.68400D+03       0.24368D-06       0.55196D+00       0.33275D+00       0.31739D+00
       0.68500D+03       0.24392D-06       0.32966D+00       0.33290D+00       0.31686D+00
       0.68600D+03       0.24506D-06       0.19240D-01       0.33281D+00       0.31645D+00
       0.68700D+03       0.24447D-06       0.12348D+00       0.33258D+00       0.31823D+00
       0.68800D+03       0.24417D-06       0.47542D+00       0.33261D+00       0.31776D+00
       0.68900D+03       0.24391D-06       0.53355D+00       0.33280D+00       0.31721D+00
       0.69000D+03       0.24400D-06       0.22463D+00       0.33290D+00       0.31671D+00
       0.69100D+03       0.24390D-06      -0.18652D-03       0.33273D+00       0.31854D+00
       0.69200D+03       0.24374D-06       0.23208D+00       0.33256D+00       0.31815D+00
       0.69300D+03       0.24343D-06       0.53370D+00       0.33266D+00       0.31765D+00
       0.69400D+03       0.24322D-06       0.46339D+00       0.33285D+00       0.31710D+00
       0.69500D+03       0.24494D-06       0.11166D+00       0.33288D+00       0.31664D+00
       0.69600D+03       0.24487D-06       0.22858D-01       0.33265D+00       0.31842D+00
       0.69700D+03       0.24473D-06       0.33892D+00       0.33257D+00       0.31800D+00
       0.69800D+03       0.24445D-06       0.55401D+00       0.33272D+00       0.31748D+00
       0.69900D+03       0.24420D-06       0.36680D+00       0.33289D+00       0.31695D+00
       0.70000D+03       0.24416D-06       0.37042D-01       0.33283D+00       0.31653D+00
       0.70100D+03       0.24320D-06       0.90100D-01       0.33259D+00       0.31828D+00
       0.70200D+03       0.24292D-06       0.44440D+00       0.33260D+00       0.31783D+00
       0.70300D+03       0.24265D-06       0.54568D+00       0.33278D+00       0.31729D+00
       0.70400D+03       0.24322D-06       0.26286D+00       0.33290D+00       0.31679D+00
       0.70500D+03       0.24443D-06       0.28739D-02       0.33276D+00       0.31641D+00
       0.70600D+03       0.24413D-06       0.19568D+00       0.33256D+00       0.31814D+00
       0.70700D+03       0.24382D-06       0.52048D+00       0.33264D+00       0.31766D+00
       0.70800D+03       0.24359D-06       0.49341D+00       0.33284D+00       0.31713D+00
       0.70900D+03       0.24422D-06       0.14953D+00       0.33289D+00       0.31666D+00
       0.71000D+03       0.24381D-06       0.11337D-01       0.33267D+00       0.31845D+00
       0.71100D+03       0.24372D-06       0.30163D+00       0.33256D+00       0.31806D+00
       0.71200D+03       0.24343D-06       0.54901D+00       0.33270D+00       0.31755D+00
       0.71300D+03       0.24321D-06       0.39937D+00       0.33287D+00       0.31703D+00
       0.71400D+03       0.24387D-06       0.55126D-01       0.33285D+00       0.31660D+00
       0.71500D+03       0.24287D-06       0.57453D-01       0.33261D+00       0.31832D+00
       0.71600D+03       0.24264D-06       0.40685D+00       0.33259D+00       0.31789D+00
       0.71700D+03       0.24237D-06       0.54962D+00       0.33276D+00       0.31737D+00
       0.71800D+03       0.24290D-06       0.29665D+00       0.33290D+00       0.31687D+00
       0.71900D+03       0.24516D-06       0.81491D-02       0.33279D+00       0.31648D+00
       0.72000D+03       0.24466D-06       0.15683D+00       0.33257D+00       0.31819D+00
       0.72100D+03       0.24436D-06       0.49925D+00       0.33263D+00       0.31773D+00
       0.72200D+03       0.24411D-06       0.51609D+00       0.33282D+00       0.31721D+00
       0.72300D+03       0.24390D-06       0.18727D+00       0.33289D+00       0.31674D+00
       0.72400D+03       0.24327D-06       0.15390D-02       0.33270D+00       0.31849D+00
       0.72500D+03       0.24318D-06       0.26415D+00       0.33256D+00       0.31811D+00
       0.72600D+03       0.24290D-06       0.54078D+00       0.33268D+00       0.31762D+00
       0.72700D+03       0.24269D-06       0.43109D+00       0.33286D+00       0.31710D+00
       0.72800D+03       0.24467D-06       0.79198D-01       0.33286D+00       0.31667D+00
       0.72900D+03       0.24428D-06       0.34363D-01       0.33263D+00       0.31837D+00
       0.73000D+03       0.24410D-06       0.37054D+00       0.33258D+00       0.31796D+00
       0.73100D+03       0.24383D-06       0.55215D+00       0.33274D+00       0.31745D+00
       0.73200D+03       0.24402D-06       0.33189D+00       0.33289D+00       0.31695D+00
       0.73300D+03       0.24497D-06       0.20197D-01       0.33281D+00       0.31656D+00
       0.73400D+03       0.24439D-06       0.12147D+00       0.33259D+00       0.31824D+00
       0.73500D+03       0.24411D-06       0.47378D+00       0.33262D+00       0.31780D+00
       0.73600D+03       0.24386D-06       0.53451D+00       0.33280D+00       0.31728D+00
       0.73700D+03       0.24400D-06       0.22703D+00       0.33289D+00       0.31681D+00
       0.73800D+03       0.24396D-06      -0.83128D-04       0.33273D+00       0.31852D+00
       0.73900D+03       0.24381D-06       0.23002D+00       0.33257D+00       0.31816D+00
       0.74000D+03       0.24352D-06       0.53315D+00       0.33266D+00       0.31769D+00
       0.74100D+03       0.24332D-06       0.46540D+00       0.33284D+00       0.31718D+00
       0.74200D+03       0.24490D-06       0.11392D+00       0.33287D+00       0.31675D+00
       0.74300D+03       0.24482D-06       0.22227D-01       0.33265D+00       0.31841D+00
       0.74400D+03       0.24469D-06       0.33683D+00       0.33258D+00       0.31802D+00
       0.74500D+03       0.24442D-06       0.55395D+00       0.33272D+00       0.31753D+00
       0.74600D+03       0.24419D-06       0.36891D+00       0.33288D+00       0.31703D+00
       0.74700D+03       0.24413D-06       0.38133D-01       0.33283D+00       0.31664D+00
       0.74800D+03       0.24322D-06       0.88078D-01       0.33260D+00       0.31828D+00
       0.74900D+03       0.24296D-06       0.44229D+00       0.33261D+00       0.31786D+00
       0.75000D+03       0.24271D-06       0.54611D+00       0.33278D+00       0.31735D+00
       0.75100D+03       0.24328D-06       0.26498D+00       0.33289D+00       0.31688D+00
       0.75200D+03       0.24448D-06       0.31062D-02       0.33276D+00       0.31652D+00
