  -4.0615437124526602E-005  -156.92902160371017     
  -1.0040615437124527E-002   0.0000000000000000     
   209505.88901322149       -78.772850059601751     
 
   20865841.374482583      -0.30333279709409522     
  -7845.4204877124957        4556.9858072346551     
 
   4.7925219361184756E-008   3.1901110635668221E-012
   8.2509253651268445E-008   2.1944330470377287E-004
 
   843.54042516868424        2026.4603406150466     
 
 
  -5.4017374613603980E-005  -189.49797617245298     
  -1.0054017374613604E-002   0.0000000000000000     
   209851.68809704500        43.034143492277579     
 
   20872421.468747463      -0.36891488511184384     
   4280.2933284107567        4560.3081460717667     
 
   4.7910108796328978E-008   3.8757802578579283E-012
  -4.4968303122455967E-008   2.1928342370283028E-004
 
   862.58256428452205        2057.7102645414025     
 
 
  -4.2870584154955718E-005  -165.90049987994027     
  -1.0042870584154956E-002   0.0000000000000000     
   209245.72590811402        433.97238224753073     
 
   20835250.654155545      -0.37526683011896339     
   43211.985916872647        4574.2070510841668     
 
   4.7995574732929978E-008   3.9375452375938002E-012
  -4.5340844353340073E-007   2.1861708896929650E-004
 
   861.77273480772931        2056.9918220449499     
 
 
  -5.5487954235487399E-005  -77.112082971911803     
  -1.0055487954235488E-002   0.0000000000000000     
   209785.70706171912        5.8803044876557209     
 
   20862807.256743316      -0.13276650493669462     
   584.78559314000915        4557.2858116912485     
 
   4.7932187978211046E-008   1.3963989389276580E-012
  -6.1506023838637326E-009   2.1942885316036329E-004
 
   862.39069345670214        2843.4202898313124     
 
 
  -6.1106608243259586E-005  -82.375012870355860     
  -1.0061106608243260E-002   0.0000000000000000     
   209923.28474217138       -17.125123761243685     
 
   20864830.571438052      -0.12623259827520900     
  -1702.1113509764780        4559.6516739031504     
 
   4.7927540021694052E-008   1.3268596679225222E-012
   1.7891281117417578E-008   2.1931499899036002E-004
 
   862.40380903974403        2843.1306955080991     
 
 
  -3.7416020564572799E-005  -82.568549285114443     
  -1.0037416020564573E-002   0.0000000000000000     
   209221.26080179328        55.216028643070729     
 
   20844135.619480405      -0.11557551808592786     
   5501.0202356813215        4562.2883399208522     
 
   4.7975124110197839E-008   1.2153440140455911E-012
  -5.7846437769012118E-008   2.1918824914334903E-004
 
   861.79131076088765        2842.8320314235143     
 
 
  -4.1957494551402019E-005  -137.00350600427845     
  -1.0041957494551402E-002   0.0000000000000000     
   209529.99504908061       -52.277968321908673     
 
   20865453.290632632      -0.25236370301560734     
  -5205.9539537227747        4558.6312915617482     
 
   4.7926110201555378E-008   2.6531671170657486E-012
   5.4731586507594854E-008   2.1936409195087028E-004
 
   856.10641331958311        2714.3916807877731     
 
 
  -4.2483834626402123E-005  -156.35882358160944     
  -1.0042483834626402E-002   0.0000000000000000     
   209757.66883856119       -167.25065217621892     
 
   20887030.767758712      -0.34152713376474675     
  -16654.311316836298        4551.0015138133967     
 
   4.7876602038638518E-008   3.5928704086390441E-012
   1.7520359699367460E-007   2.1973186710695189E-004
 
   1139.2187293818768        3324.2421307433456     
 
 
  -3.7434414482714895E-005  -179.06779141737033     
  -1.0037434414482715E-002   0.0000000000000000     
   209653.47116888344       -173.33213978621370     
 
   20887157.266639840      -0.39323095297179006     
  -17268.570097564676        4549.9214966991103     
 
   4.7876312639739962E-008   4.1377522794093407E-012
   1.8170763197388530E-007   2.1978402752191397E-004
 
   1246.0280856773409        3471.8824055932450     
 
 
  -6.2400406107616935E-005  -203.07719881486307     
  -1.0062400406107617E-002   0.0000000000000000     
   209903.30377606553        62.309507786858916     
 
   20860162.118837930      -0.40702542891593002     
   6192.3105096338131        4562.3973176668997     
 
   4.7938264708603021E-008   4.2767193201144855E-012
  -6.5064175629598934E-008   2.1918300925808054E-004
 
   1339.8491023574061        3597.0105407151004     
 
 
  -5.3039725822916911E-005  -124.34776424958326     
  -1.0053039725822917E-002   0.0000000000000000     
   209675.11209488127       -57.995554208523401     
 
   20856886.853465389      -0.22535486951700237     
  -5768.9570309337378        4557.8378504916736     
 
   4.7945794628969217E-008   2.3706017297949263E-012
   6.0686061703283106E-008   2.1940227943124943E-004
 
   855.99227179401100        3276.7982751444588     
 
 
   4.4674258739099346E-005  -161.17130919099594     
  -9.9553257412609009E-003   3.6911987470062968E-002
   206418.33652800409       -275.76323484013312     
 
   20734464.199128620       0.23420125142725073     
  -10817.874742673783        4553.2028879480958     
 
   4.8228879394231301E-008  -2.4807293211028279E-012
   1.1458614718164572E-007   2.1962561251348756E-004
 
   1199.3580032394639        3066.5198263836169     
 
 
  -3.6529502450670034E-005  -152.65504802846561     
  -1.0036529502450670E-002   0.0000000000000000     
   209454.90736425144       -96.649947189177226     
 
   20869256.381213032      -0.30715189924437769     
  -9629.8174748136062        4555.0308375195618     
 
   4.7917377258130276E-008   3.2311336534570405E-012
   1.0130240899068277E-007   2.1953748872088351E-004
 
   1208.0246414724634        3104.1345277647729     
 
 
  -4.1808400644981550E-005  -136.63947947304297     
  -1.0041808400644982E-002   0.0000000000000000     
   209522.51040160187        65.390887675159775     
 
   20865017.738054466      -0.25599353453791429     
   6511.8637068347998        4561.5176749784032     
 
   4.7927109146968020E-008   2.6896815807635413E-012
  -6.8419071209480477E-008   2.1922527845732719E-004
 
   1208.0109009545372        3367.6663026344531     
 
 
  -3.9743425560137546E-005  -106.16873339664343     
  -1.0039743425560138E-002   0.0000000000000000     
   209601.09440568215        15.648183677845083     
 
   20877136.548336454      -0.17587315544888193     
   1558.6238626413108        4558.3886772937212     
 
   4.7899289004710007E-008   1.8480651162940459E-012
  -1.6377930916285273E-008   2.1937576365542696E-004
 
   1208.2920272871875        3383.5908744791604     
 
 
  -4.2622686837807955E-005  -143.32961546370788     
  -1.0042622686837808E-002   0.0000000000000000     
   209595.12657618162       -79.775209705446741     
 
   20870556.737224020      -0.27331576234494714     
  -7943.6629447461000        4556.8081186789086     
 
   4.7914391332246308E-008   2.8738884879935872E-012
   8.3526838311632790E-008   2.1945186121181628E-004
 
   1264.5858741278053        3465.3343758880474     
 
 
  -3.6745487491140691E-005  -141.23943204307110     
  -1.0036745487491141E-002   0.0000000000000000     
   209206.02405936236        131.98655932907428     
 
   20844010.074789397      -0.22975237858625291     
   13150.334388128114        4565.9225791161443     
 
   4.7975411864900101E-008   2.4140718110357512E-012
  -1.3817420192738603E-007   2.1901378109826056E-004
 
   1263.8540741714271        3464.8017005163224     
 
 
  -3.9322157607166522E-005  -69.461340132016019     
  -1.0039322157607167E-002   0.0000000000000000     
   209650.55613771878       -289.33185992078518     
 
   20882939.390370972      -0.16373605277454209     
  -28819.860084037384        4554.2938804812648     
 
   4.7885981514522739E-008   1.7215976399823582E-012
   3.0302552348455615E-007   2.1957301743350175E-004
 
   1271.3200692565861        3054.4109128321365     
 
 
  -3.9275871433475801E-005  -282.94985434780443     
  -1.0039275871433476E-002   0.0000000000000000     
   209639.06026486418       -470.23661154787851     
 
   20881890.581509691      -0.74231495439883022     
  -46839.694174144388        4537.8324917334112     
 
   4.7888401820103927E-008   7.8337569485171053E-012
   4.9430605907741906E-007   2.2036960790255803E-004
 
   385.15515136380537        867.66259664341248     
 
 
  -4.1541254537881198E-005  -284.86170678249744     
  -1.0041541254537881E-002   0.0000000000000000     
   209286.24332042068        525.60395866832550     
 
   20842043.867104758      -0.65552962433704176     
   52342.956658258779        4580.1014782380989     
 
   4.7979922071423550E-008   6.8671535861471929E-012
  -5.4833085978201124E-007   2.1833569524698902E-004
 
   384.41885938084556        866.52635380448976     
 
 
  -3.7518920295517150E-005  -211.37067347430067     
  -1.0037518920295517E-002   0.0000000000000000     
   209288.78484417938        442.34636505942581     
 
   20850649.100247737      -0.58328262833946498     
   44069.293275756936        4580.0802301446311     
 
   4.7960124695628244E-008   6.1078204272135959E-012
  -4.6146982029761757E-007   2.1833672787017797E-004
 
   390.67653030232822        907.06966470650218     
 
 
  -4.7865458716255319E-005  -285.06709021465701     
  -1.0047865458716256E-002   0.0000000000000000     
   209878.09079684337       -366.95512891109775     
 
   20887828.530265573      -0.66669018477077979     
  -36520.704862024104        4541.6066824338868     
 
   4.7874782925013639E-008   7.0278318018136640E-012
   3.8497847563516886E-007   2.2018645087193287E-004
 
   1239.7709249254892        2856.1808759356377     
 
 
  -3.8446103407923857E-005  -305.94540098154101     
  -1.0038446103407924E-002   0.0000000000000000     
   209364.02762295830        243.20606049291837     
 
   20856218.728103932      -0.66608181528547050     
   24227.460902584797        4569.2721488913403     
 
   4.7947321789214040E-008   6.9894806207122574E-012
  -2.5422908204618291E-007   2.1885319982642429E-004
 
   1270.6771923045699        2896.3034318296259     
 
 
  -5.4792744262364967E-005  -261.80480888884750     
  -1.0054792744262365E-002   0.0000000000000000     
   209589.79119237151        342.53557840536246     
 
   20844764.931825288      -0.55934262423453807     
   34066.895968664845        4572.5818828738929     
 
   4.7973666450669514E-008   5.8683949624112076E-012
  -3.5741599518021321E-007   2.1869478244389447E-004
 
   673.52882982242932        1473.0222009058198     
 
 
  -4.1325907405471984E-005  -223.40524894459577     
  -1.0041325907405472E-002   0.0000000000000000     
   209439.00610071793       -95.832611489729402     
 
   20857704.254600160      -0.45856450345151878     
  -9543.8204449766636        4555.2269850772709     
 
   4.7943917214273970E-008   4.8264068207594105E-012
   1.0044903115055084E-007   2.1952803874281511E-004
 
   673.79606902162629        1674.6203315134358     
 
 
  -2.3833869991963033E-005  -153.50234844704448     
  -1.0023833869991963E-002   0.0000000000000000     
   209168.98716496438       -494.65067418083538     
 
   20867164.188659091      -0.32440516734958025     
  -49347.453339356085        4545.3419634868169     
 
   4.7922188167959319E-008   3.4202499167871487E-012
   5.2027723404205733E-007   2.2000548623485840E-004
 
   674.83138960882127        1829.4856605814086     
 
 
  -5.0080880090071223E-005  -263.12218582396372     
  -1.0050080880090071E-002   0.0000000000000000     
   209486.75074266744        319.06477918062183     
 
   20844285.060200430      -0.54663586848448120     
   31747.483725502927        4572.0021701027272     
 
   4.7974771742481461E-008   5.7359401944918277E-012
  -3.3313157528420990E-007   2.1872251602099815E-004
 
   32.603577664528679        81.314867115664327     
 
 
  -4.3040436997496614E-005  -185.83415640700159     
  -1.0043040436997497E-002   0.0000000000000000     
   209370.06921753156        103.70104992988678     
 
   20847279.320536681      -0.35555250052897835     
   10325.662888683009        4564.2932026235048     
 
   4.7967888089437865E-008   3.7366360569235008E-012
  -1.0851630688600708E-007   2.1909196386462790E-004
 
   64.100237829433411        141.16492422692639     
 
 
  -5.5950024560899245E-005  -300.44581537138720     
  -1.0055950024560899E-002   0.0000000000000000     
   210019.05326869251       -320.37231154803339     
 
   20885053.401790660      -0.71497861683444031     
  -31858.980082983060        4542.3250160944553     
 
   4.7881143556224004E-008   7.5366676032608311E-012
   3.3582898482675909E-007   2.2015162643961465E-004
 
   1032.3016858419253        2372.3331164049550     
 
 
  -3.0760121558217821E-005  -271.84786061083315     
  -1.0030760121558218E-002   0.0000000000000000     
   208951.80775277733        535.45274083540926     
 
   20831104.046013009      -0.43084354559153537     
   53381.073253334071        4584.7161284059521     
 
   4.8005125267338860E-008   4.5112276959963475E-012
  -5.5893648301454721E-007   2.1811595989335792E-004
 
   1031.0491780256384        2371.1452769413627     
 
 
  -3.6431890702844777E-005  -127.23816020761438     
  -1.0036431890702845E-002   0.0000000000000000     
   209241.70221526883        31.225885459750451     
 
   20848216.228029996      -0.22309425314143944     
   3111.2536606414237        4561.7165484937541     
 
   4.7965733939248887E-008   2.3458010763713667E-012
  -3.2714344198592633E-008   2.1921572330744894E-004
 
   64.133049446904153        876.35882239033776     
 
 
  -5.0611504470802690E-005  -230.65729990558754     
  -1.0050611504470803E-002   0.0000000000000000     
   209547.69233385150        362.14661545340959     
 
   20849248.052284043      -0.53420612416792246     
   36032.296670930591        4573.5957823103172     
 
   4.7963350794773241E-008   5.6022256775038692E-012
  -3.7787110348789549E-007   2.1864630057748566E-004
 
   416.01663443951662        923.15625579829396     
 
 
  -4.3348507049482607E-005  -190.06404209388202     
  -1.0043348507049483E-002   0.0000000000000000     
   209558.25187215363        95.533031704779404     
 
   20865376.893479653      -0.38129205541112859     
   9512.0697681397069        4562.7029196485109     
 
   4.7926283191944683E-008   4.0050626456039678E-012
  -9.9914054777977476E-008   2.1916832621234959E-004
 
   460.33182694680875        1002.0343271649566     
 
 
  -2.7133943444506911E-005  -156.10168729132067     
  -1.0027133943444507E-002   0.0000000000000000     
   209362.96554923264       -340.42855790884431     
 
   20879641.852805704      -0.34642156908890154     
  -33950.734061097450        4547.5724536524585     
 
   4.7893547739730161E-008   3.6483988163632035E-012
   3.5755804203803022E-007   2.1989756822074407E-004
 
   479.71146033685096        1254.1136604683829     
 
 
   1.5569177794191980E-006  -187.02809886395022     
  -2.5104491057700215E-005   1.0880271905534755E-002
   478.13291560603648       -65.873263819358044     
 
   19045718.236285523        1.3560715448105632E-002
  -656400.01965874759        4539.8383261333374     
 
   5.2505234228861461E-008  -1.5683566016328973E-013
   7.5915559771411057E-006   2.2027213861265137E-004
 
   621.59240941004964        1499.3432721422446     
 
 
  -1.4129662357593997E-005  -159.92235284483468     
  -1.0014129662357594E-002   0.0000000000000000     
   208286.81384034999        220.55267972365766     
 
   20799292.685742367      -0.17263818032914643     
   22024.148594033773        4568.2954808797522     
 
   4.8078556088088965E-008   1.8169127786589785E-012
  -2.3179088741141147E-007   2.1890001734114302E-004
 
   634.90646518155859        1525.4781682577477     
 
 
  -3.2903877038015922E-005  -227.82424291051112     
  -1.0032903877038016E-002   0.0000000000000000     
   209326.33787303360       -308.81408980795891     
 
   20863983.193550978      -0.46282347334976820     
  -30780.130418145833        4542.4916105650291     
 
   4.7929493665495536E-008   4.8834200777755725E-012
   3.2477243600591733E-007   2.2014353267851594E-004
 
   1730.1656026857193        3855.3068152735509     
 
 
  -4.7621510809803605E-005  -261.00671977689933     
  -1.0047621510809804E-002   0.0000000000000000     
   209374.58063295519        468.33287487080270     
 
   20838223.295702182      -0.52790957188409271     
   46611.317351777485        4578.3972956717589     
 
   4.7988723793511934E-008   5.5333132965647987E-012
  -4.8855909384726865E-007   2.1841698688541934E-004
 
   1791.6623389828485        4017.5372678876874     
 
 
  -5.2114603256084649E-005  -201.89647507862981     
  -1.0052114603256085E-002   0.0000000000000000     
   209889.28224822480       -233.92792752098751     
 
   20880112.347728044      -0.48223824016405997     
  -23271.514179237951        4547.6269568261987     
 
   4.7892468274747015E-008   5.0786002979552975E-012
   2.4507952501722192E-007   2.1989493150612814E-004
 
   1792.5270439570497        4147.3616021275166     
 
 
  -4.8533297852022469E-005  -209.59596926300463     
  -1.0048533297852023E-002   0.0000000000000000     
   209516.99704538367        231.37418603272818     
 
   20850505.326003153      -0.44551543773246438     
   23025.667445639632        4567.8307626024553     
 
   4.7960463147374210E-008   4.6777404513079071E-012
  -2.4176063702086951E-007   2.1892227279501233E-004
 
   1792.1102430486837        4146.5902758944203     
 
 
  -4.2661161381841312E-005  -152.29616519264283     
  -1.0042661161381842E-002   0.0000000000000000     
   209390.69252542846        302.96407408131779     
 
   20850120.218196917      -0.37088616038378502     
   30167.708460217629        4571.4820119551741     
 
   4.7961348526948852E-008   3.8911233502547979E-012
  -3.1650217061689017E-007   2.1874741713924755E-004
 
   1791.9547520368478        4190.2382161354208     
 
 
  -4.7179823096928780E-005  -81.330753104199218     
  -1.0047179823096929E-002   0.0000000000000000     
   209716.30458939626       -16.367409348865039     
 
   20873151.300356995      -0.14209153435367505     
  -1629.0550818308723        4557.0013047008333     
 
   4.7908434526435279E-008   1.4938294977711609E-012
   1.7126499096531353E-008   2.1944255346206893E-004
 
   1792.4383607780769        4279.1404296762439     
 
 
  -4.9688919666260670E-005  -86.869055717346612     
  -1.0049688919666261E-002   0.0000000000000000     
   209725.38459167426      -0.90464827782767543     
 
   20868843.430691883      -0.13658293621405099     
  -90.017540346682239        4559.5957296715278     
 
   4.7918323957450713E-008   1.4353959808266183E-012
   9.4602458549454633E-010   2.1931768942183181E-004
 
   1792.4115638769140        4278.8451062646000     
 
 
  -4.9291424710816781E-005  -86.660573407858863     
  -1.0049291424710817E-002   0.0000000000000000     
   209509.15807205785        123.51684549623241     
 
   20848152.294288427      -0.14893056334629276     
   12291.099966757723        4562.4399236854470     
 
   4.7965880459791066E-008   1.5657380081198256E-012
  -1.2921889199334676E-007   2.1918096401970326E-004
 
   1792.0869235687860        4278.5444395222576     
 
 
  -4.4722877634061423E-005  -200.78538505665679     
  -1.0044722877634062E-002   0.0000000000000000     
   209583.37397369629        115.95208775727531     
 
   20865023.010277577      -0.40906750668537156     
   11543.582552724656        4563.4858356344939     
 
   4.7927095499222264E-008   4.2961495147957798E-012
  -1.2123416250960450E-007   2.1913072296585892E-004
 
   755.62619820612883        1784.2677553166857     
 
 
  -3.8170825192860788E-005  -160.40985328543695     
  -1.0038170825192861E-002   0.0000000000000000     
   209072.87660567535        416.09260216368409     
 
   20827786.281636473      -0.30495044302688656     
   41451.038183113189        4574.2107433818828     
 
   4.8012777440573275E-008   3.2008839497913270E-012
  -4.3508696529690386E-007   2.1861692069322989E-004
 
   754.74013833092999        1896.7138018750704     
 
 
  -3.7239667824729220E-005  -295.73922678439681     
  -1.0037239667824729E-002   0.0000000000000000     
   209205.45303210372        405.34191172639248     
 
   20842926.935652491      -0.53657138735098509     
   40383.803230856356        4578.3767913873835     
 
   4.7977895619690870E-008   5.6228587527496233E-012
  -4.2319144631803718E-007   2.1841797180361582E-004
 
   208.21539492218716        470.75025758934981     
 
 
  -4.4309912615907512E-005  -233.47277883125577     
  -1.0044309912615908E-002   0.0000000000000000     
   209776.69172445091       -175.63811088890611     
 
   20885127.355635058      -0.51958562689338772     
  -17486.329316494350        4547.8734120520667     
 
   4.7880967093349896E-008   5.4703066794980208E-012
   1.8409975008709858E-007   2.1988301015712957E-004
 
   360.05166953085643        1099.9404929005320     
 
 
  -4.3620929210759843E-005  -242.69004588310963     
  -1.0043620929210760E-002   0.0000000000000000     
   209560.41480278267        195.60567060720257     
 
   20865026.296771057      -0.52239409762929367     
   19475.612628735405        4566.9636145822051     
 
   4.7927085209872186E-008   5.4821602585734345E-012
  -2.0438291712933974E-007   2.1896384066616924E-004
 
   366.08667753476334        1108.7438648570528     
 
 
   4.3313345083314039E-005  -56.211968339308655     
  -9.9566866549166862E-003   1.2595758535240975E-002
   206469.07916454051       -84.506508412294295     
 
   20736725.695375323        6.6154880441274391E-002
  -2721.1636075836818        4558.1006395270533     
 
   4.8223620873688287E-008  -6.9990290378389039E-013
   2.8789263889752364E-008   2.1938962677208663E-004
 
   62.147608290652279        788.82776689333298     
 
 
  -2.4126918325316146E-005  -30.528452347917298     
  -1.0024126918325316E-002   0.0000000000000000     
   208955.97192742390       -100.62642817141580     
 
   20845303.898280367       -3.0588167370456380E-002
  -10038.423195487010        4558.2766088691606     
 
   4.7972435811503751E-008   3.2191747488856090E-013
   1.0564686036323728E-007   2.1938115850315385E-004
 
   65.443352216547495        798.95620481829849     
 
 
  -5.1168367038537457E-005  -186.01060999999396     
  -1.0051168367038538E-002   0.0000000000000000     
   209665.32295022495        192.59266515848975     
 
   20859796.124577351      -0.39488357793041312     
   19161.221673498909        4566.3317782630638     
 
   4.7939103267949469E-008   4.1456393316265242E-012
  -2.0116185795315580E-007   2.1899414434245614E-004
 
   692.69982282500848        1928.6469336059729     
 
 
  -6.0979828914183021E-005  -172.53479998418123     
  -1.0060979828914183E-002   0.0000000000000000     
   209835.45874496704       -71.632768299734721     
 
   20856364.122898083      -0.33608683882889395     
  -7119.8600452222827        4557.0075233970047     
 
   4.7946996863137007E-008   3.5361702881408065E-012
   7.4912298367190290E-008   2.1944225899183750E-004
 
   692.62191998012986        1941.6231141104377     
 
 
  -3.9667089471961264E-005  -134.62551482245362     
  -1.0039667089471961E-002   0.0000000000000000     
   209479.19856318660       -35.343484481954761     
 
   20865153.863802489      -0.29388193801886026     
  -3520.3841090491301        4553.5011595599717     
 
   4.7926797828413291E-008   3.0931847243041636E-012
   3.7052969036481121E-008   2.1961123448705424E-004
 
   692.79468874456427        2048.6895446381641     
 
 
  -5.1137720495841518E-005  -141.32259262240311     
  -1.0051137720495842E-002   0.0000000000000000     
   209526.89082778257        33.223761748550942     
 
   20846086.946010545      -0.23901628414081860     
   3305.4727407385290        4562.2480933367078     
 
   4.7970633255183663E-008   2.5131825963787566E-012
  -3.4756027584857631E-008   2.1919018239128024E-004
 
   692.28743321686159        2048.1575506001864     
 
 
  -3.3660567909630373E-005  -167.04329093339888     
  -1.0033660567909631E-002   0.0000000000000000     
   209003.15203006592        351.90928080150627     
 
   20830199.568292625      -0.40429801926573233     
   35072.870805194514        4573.9926534798642     
 
   4.8007214136076448E-008   4.2433871359446021E-012
  -3.6811401912308061E-007   2.1862734091001167E-004
 
   1401.9246114216089        3118.4684387334587     
 
 
  -5.7184876347983818E-005  -242.46318626409268     
  -1.0057184876347984E-002   0.0000000000000000     
   209663.06715938053        255.52568888194673     
 
   20847092.873121615      -0.50911802193912126     
   25407.277684915443        4569.2383241504131     
 
   4.7968312430421926E-008   5.3447709678997795E-012
  -2.6672809504265015E-007   2.1885482727361481E-004
 
   1138.5589993853848        2736.0149037359774     
 
 
  -3.8521555883009456E-005  -120.32356003609290     
  -1.0038521555883010E-002   0.0000000000000000     
   209245.50936032436        283.46736354416686     
 
   20844255.620260876      -0.27067483737113790     
   28237.959341539950        4568.5211345644375     
 
   4.7974844386589478E-008   2.8424040996548436E-012
  -2.9653178026380695E-007   2.1888919636827917E-004
 
   905.95455987990215        2167.0602698515795     
 
 
  -3.4646767352524560E-005  -179.47135038990558     
  -1.0034646767352525E-002   0.0000000000000000     
   209563.79836874059       -372.50962522368968     
 
   20884023.446699813      -0.41484603211150467     
  -37122.345595223116        4546.1209557394350     
 
   4.7883501220841339E-008   4.3695010930129230E-012
   3.9100320865533122E-007   2.1996778615044081E-004
 
   1139.3714924028220        2853.1565737762021     
 
 
   7.3209922784626418E-006  -254.65590060624001     
  -5.8776418029378217E-005   1.1031758519379764E-002
   1053.6366887761415        1.9788719053808563     
 
   17926197.345661119        8.8842550798804890E-002
   892914.75786799565        4578.0062243859775     
 
   5.5784333250507958E-008  -1.0825722416422527E-012
  -1.0880425227880881E-005   2.1843591241050693E-004
 
   790.31222881999997        2015.6115509746646     
 
 
   5.9513668034848546E-005  -254.14286984865967     
  -9.9404863319651517E-003  -1.3285185743256989E-002
   205769.98631417716        488.02745286484856     
 
   20700191.725033864        1.0088244302237874     
   42979.081709568745        4576.1105448798080     
 
   4.8308753416661307E-008  -1.0649884910432122E-011
  -4.5371846681134492E-007   2.1852628950171893E-004
 
   790.28364496110555        2015.6008651099510     
 
 
  -3.1174243365465065E-005  -211.47024263310416     
  -1.0031174243365465E-002   0.0000000000000000     
   209486.55163235165       -232.47298134077278     
 
   20883552.269157752      -0.46041577798450567     
  -23175.051664014121        4547.1003214941293     
 
   4.7884579188288995E-008   4.8485439558528135E-012
   2.4405170727210347E-007   2.1992039798160142E-004
 
   1629.4041369867507        3672.9748705665143     
 
 
  -4.5055015314640623E-005  -247.63760325754453     
  -1.0045055015314641E-002   0.0000000000000000     
   209518.97079931959       -21.171426588381880     
 
   20857921.681851223      -0.50098813931182140     
  -2107.6466536091339        4560.0569828311700     
 
   4.7943415760913173E-008   5.2672768662202961E-012
   2.2159323923260109E-008   2.1929550768040964E-004
 
   391.03322835384358        731.97358398186202     
 
 
  -4.1497515428409737E-005  -206.70772195581665     
  -1.0041497515428410E-002   0.0000000000000000     
   209556.21555199035       -172.90073689585336     
 
   20869020.305986688      -0.49395724241437983     
  -17218.620691798042        4548.1683013868933     
 
   4.7917922113556136E-008   5.2041620056631602E-012
   1.8140940935735585E-007   2.1986875228508082E-004
 
   391.25621287313186        741.84444189179953     
 
 
  -4.9662432445704910E-005  -190.92616591218837     
  -1.0049662432445705E-002   0.0000000000000000     
   209609.48737854685        264.35479204965600     
 
   20857365.984932482      -0.45088310571765444     
   26304.842956333567        4571.1287518423169     
 
   4.7944686607285879E-008   4.7291271748668502E-012
  -2.7590066267264680E-007   2.1876432056262233E-004
 
   548.09366579836103        1026.8237253594018     
 
 
  -3.1127136283183240E-005  -162.39413405412071     
  -1.0031127136283183E-002   0.0000000000000000     
   209322.73956838268       -83.272637069770667     
 
   20867319.965594880      -0.31704211762842738     
  -8301.4237521244650        4556.6473640777667     
 
   4.7921823661505465E-008   3.3343015687444524E-012
   8.7305278070219418E-008   2.1945960434922599E-004
 
   592.24730057682780        1156.2508113525002     
 
 
  -5.4266463193373104E-007  -114.53588958927617     
  -1.9861914275376754E-006   3.0930469659523396E-002
   30.381134342674557       -133.29078515276797     
 
   15296168.485346761       -5.0509762851157149E-004
   3777520.7895225068        4551.9407274475716     
 
   6.5375847131565290E-008   7.2543091672911016E-015
  -5.4253479221073100E-005   2.1968651010036995E-004
 
   590.69779416734286        1226.5543120102086     
 
 
  -4.9396826544858760E-005  -321.06630223008568     
  -1.0049396826544859E-002   0.0000000000000000     
   209795.14911373568       -202.25097302018958     
 
   20876392.159136835      -0.73216221332006137     
  -20125.682815697972        4545.9094277186741     
 
   4.7901004524398701E-008   7.7149151452492227E-012
   2.1206767071361497E-007   2.1997802005698487E-004
 
   762.00937266380106        1831.8680067250948     
 
 
  -2.3429329340655600E-005  -231.20995148706393     
  -1.0023429329340656E-002   0.0000000000000000     
   208710.65809886187        272.78529678923587     
 
   20822280.602899302      -0.52100421306402456     
   27214.767304316094        4571.1802262216652     
 
   4.8025471854128869E-008   5.4737446200126105E-012
  -2.8592222938241250E-007   2.1876185176358039E-004
 
   848.84206481755041        1940.1368393496643     
 
 
  -5.2288442241848337E-005  -333.40325884910601     
  -1.0052288442241849E-002   0.0000000000000000     
   209929.37735203721       -190.88805345741616     
 
   20883739.912383474      -0.71084165889309348     
  -18989.512144853576        4548.4766712051351     
 
   4.7884150362984245E-008   7.4833952857653202E-012
   1.9991234881346825E-007   2.1985385754239169E-004
 
   165.25352788620836        546.88603064629694     
 
 
  -3.6721471030216543E-005  -312.67010272752771     
  -1.0036721471030217E-002   0.0000000000000000     
   209176.36446335973        605.77519853149397     
 
   20841104.843560919      -0.72997132614341120     
   60355.884167958458        4583.8167944249390     
 
   4.7982078988570483E-008   7.6411303944355871E-012
  -6.3178807780761456E-007   2.1815870565094730E-004
 
   667.12424806332842        1576.4851584928870     
 
 
  -4.2873212778097788E-005  -295.25618249152996     
  -1.0042873212778098E-002   0.0000000000000000     
   209618.07112892781       -173.40648651871879     
 
   20872320.767947093      -0.67046915166490550     
  -17266.621099845805        4547.3870311729197     
 
   4.7910346582341466E-008   7.0639268680740963E-012
   1.8191761456165471E-007   2.1990653426132853E-004
 
   510.63498437258261        1432.8782552755072     
 
 
   3.1566425410422400E-005  -301.82614486055871     
  -9.9684335745895778E-003  -3.2972381341096479E-003
   206798.80961688387       -373.16708314961170     
 
   20745366.552801557       0.35022316879562326     
  -38935.721384048207        4537.4548448028117     
 
   4.8203527886145929E-008  -3.7205862891948784E-012
   4.1363257502229518E-007   2.2038783620771148E-004
 
   747.21649334417759        1725.3009519639611     
 
 
  -4.3304995892220338E-005  -323.13450787315702     
  -1.0043304995892221E-002   0.0000000000000000     
   209667.59231093424       -41.261469035775121     
 
   20876354.187858447      -0.66953777230329936     
  -4108.3556710219391        4556.9197079385794     
 
   4.7901085597416597E-008   7.0379967603844911E-012
   4.3185903916502870E-008   2.1944648863847667E-004
 
   824.90040885119799        1869.3083318887213     
 
 
  -5.5079291654621873E-005  -245.35916664523805     
  -1.0055079291654622E-002   0.0000000000000000     
   209812.66568506131       -238.40802603123643     
 
   20866336.266408037      -0.61196865250144938     
  -23710.208454461259        4544.5495751291846     
 
   4.7924088840770556E-008   6.4534536559461824E-012
   2.5003361006849398E-007   2.2004384295539459E-004
 
   768.22872422151670        1706.3532547793425     
 
 
  -4.2904437509780000E-005  -151.25779906159400     
  -1.0042904437509780E-002   0.0000000000000000     
   209703.15813438466       -15.923189752918972     
 
   20880728.223516013      -0.28313009593536931     
  -1585.5164063319369        4554.4656827249319     
 
   4.7891050255332481E-008   2.9771654015680942E-012
   1.6671998690056409E-008   2.1956472490578647E-004
 
   1434.5792639870303        3195.2711214412757     
 
 
  -3.5276638887441966E-005  -171.39716635612658     
  -1.0035276638887442E-002   0.0000000000000000     
   209599.65696444811       -348.11721929152702     
 
   20886285.899905723      -0.39902034231229561     
  -34689.349563375436        4547.1686442009359     
 
   4.7878313575509407E-008   4.2013882851253627E-012
   3.6525312476454451E-007   2.1991710094560499E-004
 
   1453.4890421420184        3217.5633305231509     
 
 
  -5.4510050044094538E-005  -205.83532530609148     
  -1.0054510050044095E-002   0.0000000000000000     
   209779.29340336463        196.66174721275286     
 
   20864198.489954725      -0.44288641584522537     
   19559.555486441153        4566.8680478014658     
 
   4.7928987522208595E-008   4.6480645546613555E-012
  -2.0527628147716937E-007   2.1896842619907380E-004
 
   1547.2814253795041        3345.5156076248845     
 
 
   2.2928793483922849E-005  -162.11071654216946     
  -9.9770712065160774E-003  -3.4677958951874643E-002
   207168.58424861272       -77.115020338513204     
 
   20764468.447756793       0.11476704399408248     
  -23524.145428149768        4544.3001385789939     
 
   4.8159189526296813E-008  -1.2162682161245158E-012
   2.4930214633065439E-007   2.2005588119032791E-004
 
   1545.4181186014484        3500.6246773120142     
 
 
  -4.2542281289411482E-005  -153.71768001292889     
  -1.0042542281289412E-002   0.0000000000000000     
   209207.43199188961        421.88755587891421     
 
   20832118.614195015      -0.35592068473948280     
   42010.035313965527        4574.1445877118740     
 
   4.8002791343755668E-008   3.7351653488117145E-012
  -4.4086908947687164E-007   2.1862007724285820E-004
 
   1546.5302501383774        3746.9934651407134     
 
 
  -2.6043964793788163E-005  -26.314933881224118     
  -1.0026043964793788E-002   0.0000000000000000     
   209214.62028035420       -231.03812113997498     
 
   20867115.785149787       -2.9875047651017624E-002
  -23043.796930400160        4558.7400403059528     
 
   4.7922291587062714E-008   3.1405185030321982E-013
   2.4224051953126569E-007   2.1935885757807624E-004
 
   1548.1236203323567        4022.2004646163055     
 
 
   5.9115387873270170E-005  -84.525960068308493     
  -9.9408846121267300E-003  -9.8084089101178051E-003
   205796.21226167996        123.59318621378546     
 
   20702001.629427481       0.28786338679941681     
   7936.9381118148394        4556.6004313415260     
 
   4.8304509009369885E-008  -3.0516389950448876E-012
  -8.4139459736673866E-008   2.1946186401212628E-004
 
   255.85596068676296        1100.9661823310232     
 
 
  -3.8935508875927866E-005  -88.931157297338103     
  -1.0038935508875928E-002   0.0000000000000000     
   209065.22224648335        9.6824823493025463     
 
   20825437.324668363      -0.13428782123508395     
   964.49293261787273        4553.3381428909270     
 
   4.8018199236065615E-008   1.4161608808058799E-012
  -1.0171266079267690E-008   2.1961909422330320E-004
 
   272.66504439365883        1128.4576913309406     
 
 
  -4.3707045517742821E-005  -253.94866310043619     
  -1.0043707045517743E-002   0.0000000000000000     
   209326.76159540346        503.71992364043990     
 
   20841583.754558112      -0.59249428979939223     
   50152.789339398158        4578.9028601379568     
 
   4.7980983614259945E-008   6.2085743416602428E-012
  -5.2553640839425712E-007   2.1839285941797641E-004
 
   1062.9946054977004        2459.2754284441785     
 
 
  -3.7262371150500670E-005  -218.77543699672273     
  -1.0037262371150501E-002   0.0000000000000000     
   209559.07725109579       -596.74308445015140     
 
   20878110.933257941      -0.61403494827861715     
  -59452.773314492333        4537.4300765965227     
 
   4.7897072132369450E-008   6.4817475339602697E-012
   6.2758295419278674E-007   2.2038915608104672E-004
 
   680.78821648076371        1342.3982053770833     
 
 
  -5.0883989760133058E-005  -280.76313766408947     
  -1.0050883989760133E-002   0.0000000000000000     
   209496.15002817515        324.03606398808142     
 
   20843554.680524658      -0.53559291053647518     
   32239.558661537681        4573.9186669072988     
 
   4.7976452875167561E-008   5.6179066362807765E-012
  -3.3816510075534563E-007   2.1863087031176475E-004
 
   729.85390772973199        1419.6049220104160     
 
 
  -4.4409493940128844E-005  -231.65704983719371     
  -1.0044409493940129E-002   0.0000000000000000     
   209457.58515307406       -29.202958888897022     
 
   20853150.728217669      -0.45895741141476276     
  -2907.3843421595111        4559.7923212547466     
 
   4.7954384786567703E-008   4.8267593690701760E-012
   3.0576354720469737E-008   2.1930823677471090E-004
 
   730.25101221444834        1517.3796842494983     
 
 
  -4.0067839598144014E-005  -167.72956162117450     
  -1.0040067839598144E-002   0.0000000000000000     
   209633.31403394777       -426.47981942254103     
 
   20879671.072256260      -0.44821096692293483     
  -42477.782644111445        4544.6513235253678     
 
   4.7893484393534101E-008   4.7234393622704917E-012
   4.4764908797437894E-007   2.2003892696118049E-004
 
   730.88688045706874        1555.8257094756702     
 
 
  -4.7930735708199071E-005  -200.50626168415107     
  -1.0047930735708199E-002   0.0000000000000000     
   209504.79622635015        298.29678803379682     
 
   20850541.443504870      -0.45565131470023168     
   29687.384983032196        4570.8514090731942     
 
   4.7960378428269707E-008   4.7809931954871345E-012
  -3.1149956340861553E-007   2.1877759055562447E-004
 
   749.07542968648261        1576.6369000917853     
 
 
  -5.3535500364911351E-005  -305.08279571525259     
  -1.0053535500364912E-002   0.0000000000000000     
   209817.49726308353        145.05942042393679     
 
   20870021.024491116      -0.64516669485398526     
   14428.697289483354        4564.7229967354151     
 
   4.7915615471176936E-008   6.7722749633531696E-012
  -1.5145714462133673E-007   2.1907132218101108E-004
 
   108.55267731490996        229.20485107426776     
 
 
  -3.6122239815240126E-005  -288.31359662586181     
  -1.0036122239815240E-002   0.0000000000000000     
   209514.99201406701       -33.946743312454146     
 
   20876090.088149827      -0.56345412463777622     
  -3382.4561420543341        4554.0283706981500     
 
   4.7901691160763861E-008   5.9267099948961396E-012
   3.5578471694210466E-008   2.1958581252613780E-004
 
   385.28374484865213        669.30437967360126     
 
 
  -4.7532046582223625E-005  -304.06362100318091     
  -1.0047532046582224E-002   0.0000000000000000     
   209537.72263187825        1.0940983782733724     
 
   20854645.863324694      -0.62322939631244423     
   108.89225066166141        4561.0912291325185     
 
   4.7950946078885455E-008   6.5520371498989111E-012
  -1.1447888624843156E-009   2.1924577892662006E-004
 
   403.53467187251152        678.54315393184618     
 
 
  -4.3647564789162444E-005  -86.207550768656745     
  -1.0043647564789163E-002   0.0000000000000000     
   209621.50079835285        88.918828912657077     
 
   20871053.015962057      -0.13619225652832376     
   8853.2406517708241        4556.6329165095567     
 
   4.7913250306860542E-008   1.4320692047092298E-012
  -9.3092321270439790E-008   2.1946029132571875E-004
 
   1195.9358502239995        3484.3324418176271     
 
 
  -5.5706294318853128E-005  -250.54148047853670     
  -1.0055706294318853E-002   0.0000000000000000     
   209875.92819456570       -339.24318959716038     
 
   20871326.394361649      -0.65336638471948427     
  -33736.386054629707        4541.6481615347229     
 
   4.7912634474781842E-008   6.8927630797793595E-012
   3.5590584652188996E-007   2.2018443458618649E-004
 
   617.52367419560335        1005.8568086899610     
 
 
  -1.1841656123897662E-007  -240.63940290057653     
  -2.7572629831023397E-006  -4.3084500156282957E-003
   33.636614534378566        11.649702425212581     
 
   12199267.955321444        5.7051199603945224E-003
  -2928978.4554211642        4578.3672149157237     
 
   8.1972107218213824E-008  -1.0214573954720233E-013
   5.2441083189095289E-005   2.1841841291355159E-004
 
   625.77178899161061        1017.3565982048081     
 
 
  -5.1890523651312165E-005  -299.85358900974546     
  -1.0051890523651312E-002   0.0000000000000000     
   209677.76049150786       -276.28629230310071     
 
   20859534.830602512      -0.76460306176265391     
  -27486.002921852356        4540.5335086177947     
 
   4.7939718215678954E-008   8.0728080209467010E-012
   2.9020185236999801E-007   2.2023848518929655E-004
 
   906.37899179010162        2152.4705014786605     
 
 
  -4.0871996949645717E-005  -197.23554126855481     
  -1.0040871996949646E-002   0.0000000000000000     
   209332.24341534814        50.754120141077607     
 
   20848014.343668755      -0.37281377621078077     
   5054.7522323239509        4562.9634978659724     
 
   4.7966197821323175E-008   3.9190450128746743E-012
  -5.3135916083225096E-008   2.1915581412340531E-004
 
   1270.4655870727959        3232.5586358896653     
 
 
  -3.2242046790599208E-005  -169.13141167865118     
  -1.0032242046790599E-002   0.0000000000000000     
   209298.75090910247       -72.877354477007088     
 
   20862609.766882464      -0.32776746374762550     
  -7264.3138131176038        4557.6314171837312     
 
   4.7932642953829563E-008   3.4471328138696351E-012
   7.6398841511387063E-008   2.1941221952936647E-004
 
   491.63487051539386        1187.6133872348810     
 
 
  -4.5953183476743834E-005  -141.34928767000915     
  -1.0045953183476744E-002   0.0000000000000000     
   209421.54092064622        56.333191162588975     
 
   20846358.438649300      -0.25009677364296901     
   5607.5506359344154        4562.6877645926470     
 
   4.7970008200640117E-008   2.6294028655011313E-012
  -5.8955217597558802E-008   2.1916905930221357E-004
 
   1270.4235260092237        3345.6096859913214     
 
 
  -2.2714217472737802E-005  -37.512697979085253     
  -1.0022714217472738E-002   0.0000000000000000     
   209209.26381280296       -298.23416726917179     
 
   20873513.828029290       -6.3467379359533990E-002
  -29755.828690520048        4557.5728766518077     
 
   4.7907603295267371E-008   6.6714677194158894E-013
   3.1278280681594423E-007   2.1941503666884836E-004
 
   1271.5730243584665        3437.9602618132340     
 
 
  -1.8418851967861791E-005  -219.84617961879877     
  -1.0018418851967862E-002   0.0000000000000000     
   208399.12464651678        338.73271744461590     
 
   20801598.308657471      -0.27944373918022947     
   33810.995771859154        4573.8163714161092     
 
   4.8073224271304734E-008   2.9371011981978412E-012
  -3.5537141209573238E-007   2.1863577797813331E-004
 
   930.26073692779221        2219.8118469487172     
 
 
  -3.6841115403217495E-005  -136.05311943893207     
  -1.0036841115403218E-002   0.0000000000000000     
   209396.96222653484        57.038569399449855     
 
   20862835.210689951      -0.25410132065800728     
   5682.9204272111865        4561.4814209322931     
 
   4.7932123066074782E-008   2.6701009275496334E-012
  -5.9716222901138952E-008   2.1922702134379078E-004
 
   491.68432268365467        1457.5794373220390     
 
 
  -4.5136232666272841E-005  -103.41178430927181     
  -1.0045136232666273E-002   0.0000000000000000     
   209690.67835772267       -26.590857875112505     
 
   20874846.642280396      -0.17404269443016607     
  -2647.1376056217855        4558.5681851122426     
 
   4.7904543778352076E-008   1.8289593433879842E-012
   2.7817927508461422E-008   2.1936712674549687E-004
 
   491.86632948630267        1473.4906187523829     
 
 
  -5.8929703981212833E-005  -103.33609871983654     
  -1.0058929703981213E-002   0.0000000000000000     
   209816.56541462938        129.62804211801992     
 
   20858736.623995528      -0.19396871155881229     
   12886.862313665697        4563.0198041092990     
 
   4.7941540840348407E-008   2.0379396334357469E-012
  -1.3539630824266132E-007   2.1915310839474921E-004
 
   491.63034074876907        1473.1136215510446     
 
 
  -3.2393947629646980E-005  -63.691005027311078     
  -1.0032393947629647E-002   0.0000000000000000     
   209396.78518546751       -13.846917066231654     
 
   20872065.658360802       -9.7596046276621315E-002
  -1380.2206271530606        4557.8402399883316     
 
   4.7910926392443739E-008   1.0259062940224307E-012
   1.4508549091451287E-008   2.1940216171739647E-004
 
   491.78990554216114        1498.8135433548916     
 
 
  -3.4772142837938280E-005  -68.617280999833341     
  -1.0034772142837938E-002   0.0000000000000000     
   209446.76760807465       -18.933630687621545     
 
   20872099.996566631       -9.4731871995967415E-002
  -1886.8022530159960        4559.2070013646508     
 
   4.7910847592853843E-008   9.9549862070882625E-013
   1.9827635629407667E-008   2.1933638932801063E-004
 
   491.81797397879319        1498.5911960031419     
 
 
  -4.2956955603880992E-005  -70.119995749839603     
  -1.0042956955603881E-002   0.0000000000000000     
   209536.35924874613        71.823552051214421     
 
   20864010.487650923      -0.10528743767256492     
   7151.6339628579108        4560.8638016185205     
 
   4.7929423380944007E-008   1.1064496543642249E-012
  -7.5155432606804549E-008   2.1925671004080534E-004
 
   491.73030927095829        1498.3572287580891     
 
 
  -4.9003165348705802E-005  -71.749607201274273     
  -1.0049003165348706E-002   0.0000000000000000     
   209423.77220476346        134.16493154976203     
 
   20840253.382236477      -0.10808703548891671     
   13351.068692305020        4562.7672217336140     
 
   4.7984060773288426E-008   1.1366906589054922E-012
  -1.4040569250791263E-007   2.1916524254419822E-004
 
   491.14804650826716        1498.1064116620732     
 
 
  -3.7018114209740396E-005  -234.86110852536098     
  -1.0037018114209741E-002   0.0000000000000000     
   209561.38892372666       -180.73769342361584     
 
   20878849.329468045      -0.54341551277378941     
  -18007.110415367042        4547.6461339890720     
 
   4.7895364695548380E-008   5.7231990789680944E-012
   1.8964912727290151E-007   2.1989400089516303E-004
 
   1277.2723526025957        3113.7074658827883     
 
 
  -3.9337700389947827E-005  -229.82533924681337     
  -1.0039337700389948E-002   0.0000000000000000     
   209211.94372625742        373.34793493329289     
 
   20839217.682470348      -0.45463421968067880     
   37188.502476488131        4574.3887282114774     
 
   4.7986437776930106E-008   4.7692222918055169E-012
  -3.9011633381733622E-007   2.1860840476291374E-004
 
   1276.4770555984312        3112.8141417797551     
 
 
  -5.0769411888059238E-005  -160.09103382614239     
  -1.0050769411888059E-002   0.0000000000000000     
   209609.38166326177        113.10736885628356     
 
   20855058.262040675      -0.31467827490026212     
   11253.603005004346        4563.4471624449843     
 
   4.7949996122074800E-008   3.3064526714240573E-012
  -1.1824618566641137E-007   2.1913258271510667E-004
 
   1289.5380825217126        3282.7645382833512     
 
 
  -1.9493664070141525E-005  -98.770378760200813     
  -1.0019493664070142E-002   0.0000000000000000     
   208478.52602935478        198.66484999472004     
 
   20807291.567732390      -0.15248916077449359     
   19827.833287336023        4565.4318333698766     
 
   4.8060073792700510E-008   1.6052458095732105E-012
  -2.0872661463775481E-007   2.1903732323023755E-004
 
   1288.5454180928709        3605.2656270248863     
 
 
  -3.8898697415206199E-005  -293.64607847469637     
  -1.0038898697415206E-002   0.0000000000000000     
   209182.14896699434        537.24518834746914     
 
   20837161.054414675      -0.53219410127816358     
   53516.347215041329        4583.5940932787826     
 
   4.7991168239559820E-008   5.5721811597570401E-012
  -5.6032710805038939E-007   2.1816934079385038E-004
 
   899.26590699377925        2154.4941180781339     
 
 
  -2.8568293308488257E-005  -209.78573260948150     
  -1.0028568293308488E-002   0.0000000000000000     
   208858.59393272107        412.53867920325251     
 
   20826362.031366020      -0.49790568251461620     
   41136.348393671884        4576.8548605655105     
 
   4.8016056938596311E-008   5.2235581704066739E-012
  -4.3156388106928748E-007   2.1849060448430574E-004
 
   673.01287664558561        1421.9567275435259     
 
 
  -4.9863023737528253E-005  -267.35709197869949     
  -1.0049863023737528E-002   0.0000000000000000     
   209665.89708559107        203.82708517378614     
 
   20862562.662830867      -0.57774140663809892     
   20281.578434673484        4567.3486692716024     
 
   4.7932744082798120E-008   6.0631961769707001E-012
  -2.1284814869617546E-007   2.1894537716304685E-004
 
   856.10323125216951        2013.5342326471218     
 
 
  -5.2066285220770531E-005  -135.98005904228472     
  -1.0052066285220771E-002   0.0000000000000000     
   209547.22684510879        51.966394195415688     
 
   20846184.346515831      -0.23031299666040267     
   5169.7225944357369        4562.7446763080497     
 
   4.7970408917984784E-008   2.4213953251194524E-012
  -5.4351870297570967E-008   2.1916632606565421E-004
 
   874.49781356490905        2673.2967774460935     
 
 
  -2.9021488023186701E-005  -262.00500583513053     
  -1.0029021488023187E-002   0.0000000000000000     
   209469.20937337435       -569.27664233219093     
 
   20886305.770061988      -0.67018726371785498     
  -56762.929764596978        4537.3147279666655     
 
   4.7878280267966943E-008   7.0718950674785701E-012
   5.9896913109181683E-007   2.2039476240380163E-004
 
   228.25639208223703        434.19429982864051     
 
 
  -3.2301915268737741E-005  -237.87920482340746     
  -1.0032301915268738E-002   0.0000000000000000     
   208958.09724664036        595.22680022298800     
 
   20828529.584881712      -0.49409644402889319     
   59331.029433744756        4582.4569877294725     
 
   4.8011055642918806E-008   5.1767189371903727E-012
  -6.2161966017854053E-007   2.1822347608229680E-004
 
   1697.2442021155241        3901.0328189831489     
 
 
  -4.8938501037617751E-005  -252.41702938908148     
  -1.0048938501037618E-002   0.0000000000000000     
   209472.20300073270        214.06727522137498     
 
   20845206.981722832      -0.45330621808402866     
   21302.476395818339        4570.0305248965851     
 
   4.7972653834037080E-008   4.7584588685988520E-012
  -2.2361695843759479E-007   2.1881689699559966E-004
 
   1326.7357951812826        2990.4712004830753     
 
 
  -4.4359643676787977E-005  -282.45445382790774     
  -1.0044359643676788E-002   0.0000000000000000     
   209465.47778236656        583.38028458692133     
 
   20854039.999875057      -0.81281398914695735     
   58080.385936224127        4587.9470613550056     
 
   4.7952315550922447E-008   8.4953711040134979E-012
  -6.0704471008229746E-007   2.1796230279305521E-004
 
   755.09944073411498        1858.9434252890783     
 
 
  -3.4184744663207436E-005  -245.57860579018066     
  -1.0034184744663208E-002   0.0000000000000000     
   209157.11048470656        311.65868303067873     
 
   20844454.811931692      -0.51529259151456186     
   31059.691540603468        4571.3313502215751     
 
   4.7974381726836983E-008   5.4077995210590969E-012
  -3.2595963497909543E-007   2.1875461554256929E-004
 
   880.86238008560269        1988.2550228925249     
 
 
  -2.7928192323663920E-005  -287.30462601801810     
  -1.0027928192323664E-002   0.0000000000000000     
   209427.07247823675       -596.87763231066128     
 
   20884380.947058663      -0.69002458326988292     
  -59521.530356337134        4535.0833649179549     
 
   4.7882694544674009E-008   7.2854749715555708E-012
   6.2844517455427058E-007   2.2050320869034586E-004
 
   536.23793648534991        993.39320434232900     
 
 
  -4.7839945308682935E-005  -328.52382827973963     
  -1.0047839945308683E-002   0.0000000000000000     
   209461.15755173448        269.01406902590429     
 
   20846386.754949402      -0.59926670034763241     
   26773.323469545612        4572.8064908880451     
 
   4.7969935674969356E-008   6.2864643682406075E-012
  -2.8085916322906431E-007   2.1868404746255832E-004
 
   666.99784031826516        1523.3617239023633     
 
 
  -4.4105765176279121E-005  -256.93144979530047     
  -1.0044105765176279E-002   0.0000000000000000     
   209419.51687905530       -117.66610788032563     
 
   20849991.206298284      -0.46852945637270188     
  -11714.941143718648        4544.9627127922449     
 
   4.7961653701780073E-008   4.9442534418121188E-012
   1.2362432560565051E-007   2.2002382002101788E-004
 
   1397.1751145050957        3085.4713670143960     
 
 
   2.8573831625162152E-002   9.9478944278818780E-003
  -6.9388939039072284E-018  -1.0946105133413653E-015
   1.3233147910796106E-010   4.9142911962007929E-012
 
   20843240.627128314       0.24316109052499765     
  -10687.727924003668        4555.1147530765211     
 
   4.7977183131779079E-008  -2.5611175136173220E-012
   1.1256951968690371E-007   2.1953343150182407E-004
 
   617.21858989954296        1918.9213742114280     
 
 
  -1.9573276173015172E-005  -203.26340555995841     
  -1.0019573276173015E-002   0.0000000000000000     
   209077.88625994892       -480.95316175044627     
 
   20866945.177909456      -0.51780522487091185     
  -48001.361783957967        4545.5596214905991     
 
   4.7922695608671335E-008   5.4590906824209700E-012
   5.0606632430881734E-007   2.1999497208571706E-004
 
   366.89304563527537        818.09505078594498     
 
 
  -2.9081086802502931E-005  -280.37884020661630     
  -1.0029081086802503E-002   0.0000000000000000     
   209425.60090791769       -336.02808416810603     
 
   20881833.449677218      -0.61701201092558933     
  -33505.371156113681        4541.7118848135142     
 
   4.7888525707837638E-008   6.5058718599160839E-012
   3.5328591259286245E-007   2.2018134204537110E-004
 
   410.51331594334664        889.54819097252073     
 
 
  -3.4601156685767215E-005  -312.80616561801389     
  -1.0034601156685767E-002   0.0000000000000000     
   209421.05324046576        101.60502994717154     
 
   20869893.079998951      -0.65977908223970505     
   10125.467705261599        4563.2997861189142     
 
   4.7915910542470196E-008   6.9278629421974529E-012
  -1.0632021289546342E-007   2.1913965260271609E-004
 
   510.63747266837129        1014.6409474512193     
 
 
  -3.5959715753389188E-005  -83.122168494447706     
  -1.0035959715753389E-002   0.0000000000000000     
   209585.84096365978       -1.1806829134296635     
 
   20883487.668316770      -0.15066248667814164     
  -117.64524239742411        4556.4864204831483     
 
   4.7884721942466252E-008   1.5833321151384786E-012
   1.2363495027068150E-009   2.1946735003771528E-004
 
   1283.6149169569455        3946.1786784244932     
 
 
  -3.5607076862618700E-005  -123.71497928568527     
  -1.0035607076862619E-002   0.0000000000000000     
   209129.66029578893        223.54093593922980     
 
   20838765.277881730      -0.22238608168598917     
   22274.779614936695        4566.9131023268819     
 
   4.7987485564259280E-008   2.3367532172138862E-012
  -2.3405539831143541E-007   2.1896627449290165E-004
 
   1433.5562787948875        4193.5238318859174     
 
 
  -5.4388758464368400E-005  -168.12770177187991     
  -1.0054388758464369E-002   0.0000000000000000     
   209582.15565096642        349.35917385124003     
 
   20844843.051699985      -0.38887979997357708     
   34746.933129786346        4571.8574373313622     
 
   4.7973489449234024E-008   4.0805998955081768E-012
  -3.6460708863836533E-007   2.1872944900823023E-004
 
   246.24645550843837        728.25838228743373     
 
 
  -1.6713791825935362E-007  -82.021117451333112     
  -3.1302612519955611E-006   8.4470959622251485E-004
   41.376629307796918       -2.3127087722754709     
 
   13218267.451671042        1.3196050568357704E-003
   494007.11161269818        4568.5287692400516     
 
   7.5652880716123738E-008  -2.1852094842733515E-014
  -8.1805462930178885E-006   2.1888885050436803E-004
 
   279.90970450452676        1406.6041026852740     
 
 
  -4.5588720541301156E-005  -301.21287556001965     
  -1.0045588720541301E-002   0.0000000000000000     
   209700.27221742438       -408.87928991843592     
 
   20874861.399474535      -0.78363130546588378     
  -40702.372085202544        4538.2484408085074     
 
   4.7904525809549915E-008   8.2718005828640601E-012
   4.2964325543141037E-007   2.2034940345922336E-004
 
   441.60668789634167        779.64840777583777     
 
 
  -4.8506832501885380E-005  -312.86600409076544     
  -1.0048506832501886E-002   0.0000000000000000     
   209837.67118293940       -196.02303339973037     
 
   20882472.856984049      -0.70152241200898124     
  -19507.677774143187        4546.2070184156055     
 
   4.7887055857755900E-008   7.3894221695714801E-012
   2.0548233977058595E-007   2.1996361804460366E-004
 
   158.90174934578235        377.31171595488956     
 
 
  -5.0292507786488597E-005  -157.28113385292170     
  -1.0050292507786489E-002   0.0000000000000000     
   209641.45305134004        61.950949459696062     
 
   20859238.961345635      -0.30258322919197544     
   6164.0941705596560        4562.0316633002285     
 
   4.7940386619715478E-008   3.1797142288160923E-012
  -6.4775757712121949E-008   2.1920057864669226E-004
 
   812.05903002179286        1931.9490243063547     
 
 
  -4.4558123421804124E-005  -125.21726513619528     
  -1.0044558123421804E-002   0.0000000000000000     
   209596.05566469155       -64.220848856995048     
 
   20866627.788828012      -0.28118857849937245     
  -6393.5962207472394        4553.2683893606300     
 
   4.7923412879268127E-008   2.9595260353743730E-012
   6.7292969636086710E-008   2.1962246312092192E-004
 
   812.20333895472152        1985.9052534295777     
 
 
  -4.5880342161408461E-005  -132.94975410306142     
  -1.0045880342161409E-002   0.0000000000000000     
   209472.99730077639       -17.666368065682477     
 
   20851631.730236944      -0.23627791439188123     
  -1758.5684344228978        4560.2884024144732     
 
   4.7957877700265757E-008   2.4847962062399883E-012
   1.8493832508695787E-008   2.1928437768107558E-004
 
   811.90597005161521        1985.4390192734404     
 
 
  -3.2419164361073907E-005  -338.21937760721033     
  -1.0032419164361074E-002   0.0000000000000000     
   209466.91018240037       -58.930231428772572     
 
   20879003.035130911      -0.69347792936630859     
  -5873.9801899482554        4554.9058343202641     
 
   4.7895009218120076E-008   7.2919469749079407E-012
   6.1765126564160992E-008   2.1954351620135821E-004
 
   963.21530366232412        2422.2707882206637     
 
 
  -3.6413958353806800E-005  -260.49742484320006     
  -1.0036413958353807E-002   0.0000000000000000     
   209233.47555701958        534.75754107358580     
 
   20847433.797094844      -0.73977323107418891     
   53281.734222252620        4585.0504643900540     
 
   4.7967514724809958E-008   7.7393005006526041E-012
  -5.5741859129336949E-007   2.1810001774313662E-004
 
   1081.6573942978691        2659.8871436055229     
 
 
  -4.1675904012770590E-005  -308.77568156394500     
  -1.0041675904012771E-002   0.0000000000000000     
   209311.33835379087        333.80546319451082     
 
   20844263.482965790      -0.58586342189937402     
   33242.007249122020        4574.7810521062192     
 
   4.7974820342482254E-008   6.1438333530550256E-012
  -3.4860232816298149E-007   2.1858965147769188E-004
 
   1094.2714600531576        2424.9307107623285     
 
 
  -6.2276051153558817E-005  -260.82542242869920     
  -1.0062276051153559E-002   0.0000000000000000     
   209969.29498632916       -29.229877693597359     
 
   20866978.198462151      -0.53609629365163669     
  -2904.8972165959076        4559.1428717842855     
 
   4.7922608000952647E-008   5.6350794993569470E-012
   3.0534303159379210E-008   2.1933947772467209E-004
 
   981.79268258481079        2371.9131305838337     
 
 
  -4.4167676052447868E-005  -222.53722061730574     
  -1.0044167676052448E-002   0.0000000000000000     
   209472.56212687315        321.90857938044746     
 
   20855143.888756737      -0.53058252489200908     
   32049.303612082851        4573.3292611123288     
 
   4.7949792484989661E-008   5.5629762285136318E-012
  -3.3602598233087437E-007   2.1865904784368510E-004
 
   1258.0540967993320        2814.3867637880617     
 
 
  -5.4717530688975012E-007  -178.48981694594116     
  -3.6572457925913853E-006   1.3085044001002188E-003
   42.684235425813341       -3.3278024266633111     
 
   11671143.329580735        3.3710446945373050E-003
   715143.20897435909        4542.0228760940918     
 
   8.5681412457920659E-008  -6.3591901398594479E-014
  -1.3490570595123452E-005   2.2016622829897889E-004
 
   1419.6289740702225        3066.8875316909794     
 
 
  -5.9181804745575897E-005  -77.249160490441682     
  -1.0059181804745576E-002   0.0000000000000000     
   209882.01045599597       -50.357462676379441     
 
   20864719.867870454      -0.11892225812334115     
  -5006.1191510273293        4558.3622844938318     
 
   4.7927794506335350E-008   1.2503792357517204E-012
   5.2635625465936458E-008   2.1937703584053522E-004
 
   1729.4737981565040        3726.0765057723675     
 
 
  -4.5236690057855189E-005  -80.520411612912426     
  -1.0045236690057855E-002   0.0000000000000000     
   209399.05359929655       0.40508303416937252     
 
   20845606.734836478      -0.11353376096815121     
   40.325882473467395        4560.7291003491391     
 
   4.7971738729997072E-008   1.1941976377814564E-012
  -4.2416522786360035E-010   2.1926318751869949E-004
 
   1729.0430165213536        3725.7908244246714     
 
 
  -4.9065968035024582E-005  -315.97541266640485     
  -1.0049065968035025E-002   0.0000000000000000     
   209821.53611499359       -130.05864278963122     
 
   20879705.316137128      -0.66275565596956543     
  -12942.361330238424        4552.7636025048123     
 
   4.7893400557745552E-008   6.9719460254423026E-012
   1.3614888658202198E-007   2.1964682938584173E-004
 
   950.58153189526718        2280.9583360058459     
 
 
  -4.6648243164181327E-005  -270.26452923992042     
  -1.0046648243164182E-002   0.0000000000000000     
   209313.35062445729        633.03099780669163     
 
   20834147.424926095      -0.60087603201737594     
   63009.173058030683        4584.0522844961706     
 
   4.7998105378510683E-008   6.2915755131622037E-012
  -6.5974834939836940E-007   2.1814751261785376E-004
 
   949.67713425052114        2283.2087635092435     
 
 
  -4.7600171095878857E-005  -209.32998243896077     
  -1.0047600171095879E-002   0.0000000000000000     
   209359.03591583332        499.78055601840038     
 
   20836720.445753843      -0.49241795745459016     
   49741.286228341101        4578.0198763600174     
 
   4.7992185038605750E-008   5.1621037847662106E-012
  -5.2144662478548577E-007   2.1843499378281810E-004
 
   1232.5278223996181        3049.7652156208869     
 
 
  -3.0320834444493017E-005  -250.01717744485850     
  -1.0030320834444493E-002   0.0000000000000000     
   208889.56611258988        612.01204551674800     
 
   20825811.014464799      -0.57707280760187474     
   61016.198346827456        4584.1544374878331     
 
   4.8017319973059676E-008   6.0446239384457195E-012
  -6.3912208009398349E-007   2.1814265745550180E-004
 
   19.604541563133832        11.550232662428844     
 
 
   5.7398031700604119E-005  -225.80652077556405     
  -9.9426019682993961E-003  -1.6318233189196008E-002
   206273.72527897017        54.624086746033413     
 
   20746452.529934440       0.33824826311783041     
  -1998.9072660849313        4565.3487850339061     
 
   4.8201011301501936E-008  -3.5712295206673581E-012
   2.1104488673256659E-008   2.1904131314996923E-004
 
   98.125418738811916        546.43995367356013     
 
 
  -5.0092837727760270E-005  -226.95421256379805     
  -1.0050092837727760E-002   0.0000000000000000     
   209791.16991495958       -38.533049335529313     
 
   20874550.444689382      -0.43193187107375930     
  -3834.0988444279405        4554.0406926383785     
 
   4.7905224118254637E-008   4.5436118129233792E-012
   4.0331955032982069E-008   2.1958521781264716E-004
 
   102.56706396221780        556.24943170592655     
 
 
  -2.5627290384825849E-005  -254.97255807369555     
  -1.0025627290384826E-002   0.0000000000000000     
   209245.81294956076       -635.96147626435368     
 
   20871094.335437741      -0.67022982364876937     
  -63433.584537323986        4537.8293537459158     
 
   4.7913177566462489E-008   7.0766963778207342E-012
   6.6977058031173188E-007   2.2036977835553277E-004
 
   410.83840094729328        1144.7313523608175     
 
 
   3.9663223786522079E-006  -133.63647072238737     
   3.7063583922070975E-006   5.5383226076628489E-003
   11.682964095078034        3.8704892783875380     
 
  -3152142.3456280194        9.2827235001823874E-004
  -7878133.4736407641        4573.3516500989344     
 
  -3.1724471728874068E-007   6.4392489749201880E-014
  -5.4649115524586041E-004   2.1865812729948204E-004
 
   1285.4257043728494        2757.6706488708728     
 
 
   6.5765951385771126E-005  -132.48169113743495     
  -9.9342340486142291E-003  -8.7372387018689324E-002
   205836.12451464709        717.11691094009302     
 
   20719876.160473421       0.28931568254070439     
   31992.042871282178        4570.0991238574134     
 
   4.8262841437931233E-008  -3.0553378676353878E-012
  -3.3785413631662038E-007   2.1881365603782467E-004
 
   1280.7600713635738        2757.6369054763268     
 
 
   6.0913120598565101E-005  -130.21797459700906     
  -9.9390868794014351E-003  -6.1443985677641422E-002
   205949.15722886176        498.66600641376755     
 
   20721132.618268710       0.32381184095138277     
   21917.117148426540        4570.5022522924273     
 
   4.8259913845432338E-008  -3.4191278515630246E-012
  -2.3142274676547696E-007   2.1879435119758568E-004
 
   1280.5317305422852        2757.5873571400234     
 
 
  -4.5967819280486391E-005  -126.00344102577377     
  -1.0045967819280487E-002   0.0000000000000000     
   209778.14204132548        12.065920936482428     
 
   20881825.008309674      -0.23312451011930119     
   1201.0710320329872        4554.8619582326619     
 
   4.7888534486723756E-008   2.4510053751179963E-012
  -1.2627722215501358E-008   2.1954562097073512E-004
 
   1905.8236586014250        3864.4678783686904     
 
 
  -5.1495620602696329E-005  -263.32549803807473     
  -1.0051495620602697E-002   0.0000000000000000     
   209612.48336341957        281.43108040661741     
 
   20853860.089614309      -0.58157476453211687     
   27998.925834465237        4570.3733384118359     
 
   4.7952744712739669E-008   6.1019317569954033E-012
  -2.9376710464480197E-007   2.1880046882558535E-004
 
   906.22378483979423        1868.9297204529935     
 
 
  -4.2508803170877157E-005  -221.84941271133954     
  -1.0042508803170877E-002   0.0000000000000000     
   209563.69431384816       -19.085669179949264     
 
   20867663.491385672      -0.41830865383387161     
  -1900.4881702332434        4550.3581033198743     
 
   4.7921033841908838E-008   4.4053199114397572E-012
   2.0014547394731173E-008   2.1976292539320654E-004
 
   906.93691850067250        1872.7073528632841     
 
 
  -5.8177927186058367E-005  -246.22313655860876     
  -1.0058177927186059E-002   0.0000000000000000     
   209729.83837296328        292.35978899204156     
 
   20851673.125217691      -0.54498270306157925     
   29066.873852159577        4570.6235006539737     
 
   4.7957774312976271E-008   5.7182914922139984E-012
  -3.0498739963730692E-007   2.1878849431462919E-004
 
   912.47233220904570        1881.4651316872694     
 
 
   3.2151663840655417E-005  -199.06363078533545     
  -9.9678483361593448E-003  -3.5307611534790340E-002
   206904.04375078087       -97.016431684947747     
 
   20757141.440466546       0.16936864120032336     
  -25825.614236307894        4543.1952839033847     
 
   4.8176188252391937E-008  -1.7959904940533753E-012
   2.7385564023412584E-007   2.2010939242705650E-004
 
   401.79020499537199        974.56605803086734     
 
 
  -4.7051841735371719E-005  -190.13872276556143     
  -1.0047051841735372E-002   0.0000000000000000     
   209548.69388029585        332.99300835512963     
 
   20856734.610428929      -0.49308534231120038     
   33143.355244956190        4575.2349946943968     
 
   4.7946135740676166E-008   5.1672835999912878E-012
  -3.4732550597267501E-007   2.1856797080336177E-004
 
   472.54181099546975        1083.1851666947070     
 
 
   5.6421346877559946E-006  -203.74496168486291     
   5.5032640022986926E-006  -9.7163569215013013E-003
   24.380464476750404       -9.3952385086477079     
 
  -4430182.4520429000        8.9005310051293199E-005
   9717834.1703690570        4537.1499644930946     
 
  -2.2572432801451493E-007   4.4280360927625420E-015
   4.8346464300924136E-004   2.2040266792918377E-004
 
   910.99369021450673        2112.2700324829370     
 
 
  -4.1403808777781478E-005  -204.14286163249005     
  -1.0041403808777782E-002   0.0000000000000000     
   209474.04081799943       -440.48893679870798     
 
   20861031.466027275      -0.61791253703475191     
  -43867.266488540015        4540.6574927380452     
 
   4.7936281951893403E-008   6.5233789697373399E-012
   4.6311215021538146E-007   2.2023248566140964E-004
 
   938.41241411251451        2112.2621665033939     
 
 
  -3.2082791113918416E-005  -285.14904044189734     
  -1.0032082791113919E-002   0.0000000000000000     
   209243.31940185002        56.604156186674913     
 
   20857415.529623691      -0.58989725520378200     
   5642.3135021295620        4562.9216934336655     
 
   4.7944577007008950E-008   6.1983036919176304E-012
  -5.9286210103020217E-008   2.1915781865515922E-004
 
   943.94662428582387        2120.4816711394797     
 
 
  -3.9222244638054821E-005  -155.68120725600934     
  -1.0039222244638055E-002   0.0000000000000000     
   209433.27738050561       -41.229314151808381     
 
   20861504.235785183      -0.29380819482831444     
  -4106.8235314594731        4559.1584405923195     
 
   4.7935182496143643E-008   3.0891116466941736E-012
   4.3179314346090376E-008   2.1933872790709985E-004
 
   510.47992454029270        1602.2321336557973     
 
 
  -3.5460708973356764E-005  -193.72824743092465     
  -1.0035460708973357E-002   0.0000000000000000     
   209166.20203579837        365.62267922200363     
 
   20842710.474544462      -0.52862133534080125     
   36433.073659998889        4576.9967212232350     
 
   4.7978395100559961E-008   5.5412762626555437E-012
  -3.8190990932588327E-007   2.1848383536683346E-004
 
   968.49722244800523        2210.5680366587126     
 
 
  -3.2238144763475918E-005  -131.18608853638048     
  -1.0032238144763476E-002   0.0000000000000000     
   209150.11897864487        45.948047014717268     
 
   20847802.450524453      -0.23331273649239906     
   4580.0395038192364        4562.0850817162473     
 
   4.7966685752030484E-008   2.4530973256349437E-012
  -4.8155462179354229E-008   2.1919801381444632E-004
 
   510.24147308647622        2038.7294563941516     
 
 
  -5.2007835913492687E-005  -53.626851716786028     
  -1.0052007835913493E-002   0.0000000000000000     
   209634.86924800253        73.308957912719208     
 
   20855024.455813270       -8.3478504920259849E-002
   7292.9666499866189        4557.9863098472633     
 
   4.7950075326649002E-008   8.7819495868925349E-013
  -7.6722104115603570E-008   2.1939512881706376E-004
 
   510.46127634054295        2111.4746320861473     
 
 
  -3.0473490058335537E-005  -24.032465708259366     
  -1.0030473490058336E-002   0.0000000000000000     
   209120.67286653505       -91.499470312929645     
 
   20848534.525693547       -2.0758010183811196E-002
  -9122.1486606416311        4558.9972172699236     
 
   4.7965002084910679E-008   2.1839407972732516E-013
   9.5973710593435415E-008   2.1934648220536883E-004
 
   511.45752280888763        2121.4557418664572     
 
 
  -5.5804379183409941E-005  -164.41322520336254     
  -1.0055804379183410E-002   0.0000000000000000     
   209717.68400005577       -70.357868162617933     
 
   20855386.211986560      -0.33549762486534551     
  -6996.7419322784854        4554.6981360031323     
 
   4.7949245079778470E-008   3.5319262348456478E-012
   7.3657679093785986E-008   2.1955352360398197E-004
 
   969.11035687138610        2601.4775417492651     
 
 
  -4.6470962815575376E-005  -207.91879674075614     
  -1.0046470962815576E-002   0.0000000000000000     
   209349.39489933825        379.19366544596664     
 
   20838102.819805194      -0.42403850998550846     
   37743.966697301847        4573.6261893174815     
 
   4.7989005559440319E-008   4.4492456468437459E-012
  -3.9603049149551228E-007   2.1864485436162188E-004
 
   698.45374444241349        1538.8467369545563     
 
 
  -2.1556985518500840E-005  -107.53826329712471     
  -1.0021556985518501E-002   0.0000000000000000     
   208581.86366622371        210.61590117758124     
 
   20813319.124726005      -0.19323478291024454     
   21016.285341882427        4566.1221758983411     
 
   4.8046155025802402E-008   2.0332763729118366E-012
  -2.2113987858941215E-007   2.1900420504436963E-004
 
   697.99735777580179        1805.1354441980691     
 
 
   5.1131545505626534E-002  -2.8656191767238871E-003
  -6.9388939039072284E-018  -5.9674487573602164E-016
   1.6407852854172233E-010   2.9511948440585911E-012
 
   20762596.498961873       -1.5830550172757446E-002
   28596.700350313255        4565.6118017349399     
 
   4.8163532690834847E-008   1.6699957286551832E-013
  -3.0167219027446385E-007   2.1902869509062543E-004
 
   1134.1366943863643        2630.8611687638945     
 
 
  -4.0031007445049185E-005  -92.404574219296151     
  -1.0040031007445049E-002   0.0000000000000000     
   209675.09834879867       -358.93147720434280     
 
   20883909.441446640      -0.21428831353347808     
  -35750.036721818447        4551.8784085807147     
 
   4.7883758708691976E-008   2.2542188033816518E-012
   3.7607466161386084E-007   2.1968954150956924E-004
 
   900.71329262623408        2171.6248362870838     
 
 
  -3.8234559726669365E-005  -164.69471233411826     
  -1.0038234559726670E-002   0.0000000000000000     
   209441.66344934941        137.47179170794948     
 
   20864392.259733398      -0.33245642652602708     
   13694.817638506696        4563.9448182175038     
 
   4.7928544466499828E-008   3.4913114107610026E-012
  -1.4381696148642909E-007   2.1910868601993468E-004
 
   988.09146793743537        2305.7119947851215     
 
 
  -5.4110275523175030E-005  -158.05031573633363     
  -1.0054110275523175E-002   0.0000000000000000     
   209631.82885818474       -51.212593630899107     
 
   20850361.007928804      -0.31291902092675600     
  -5093.6972270512651        4555.4630395001059     
 
   4.7960801081610666E-008   3.2944723263449847E-012
   5.3627435314098297E-008   2.1951665683819920E-004
 
   987.87261085739146        2312.4234449517544     
 
 
  -4.8717495503464853E-005  -199.12416442487643     
  -1.0048717495503465E-002   0.0000000000000000     
   209829.60748770591       -353.60424564716789     
 
   20881232.613176666      -0.51415797924095286     
  -35188.992605809850        4544.5375306615733     
 
   4.7889902343606329E-008   5.4181476660510053E-012
   3.7081824236069089E-007   2.2004443442534021E-004
 
   950.64954513635973        2284.5290779471875     
 
 
  -4.7930100931556363E-005  -213.97824485731095     
  -1.0047930100931557E-002   0.0000000000000000     
   209686.90651423021        188.23518375847561     
 
   20868666.920243587      -0.46002479852967537     
   18733.727431188829        4566.9990961180456     
 
   4.7918724918972883E-008   4.8267585153206385E-012
  -1.9656153035922363E-007   2.1896214309015798E-004
 
   950.48840213997039        2283.6647758941722     
 
 
  -6.2114569247380402E-005  -199.13179825283189     
  -1.0062114569247381E-002   0.0000000000000000     
   209870.69875819390        172.82832096249291     
 
   20857514.324038517      -0.41523296504756035     
   17176.143222486629        4565.6218333555271     
 
   4.7944347997024804E-008   4.3604298609736431E-012
  -1.8036951328060460E-007   2.1902819848083590E-004
 
   1075.9405230280811        2503.6063264012964     
 
 
  -5.5366001918763161E-005  -285.12702940061433     
  -1.0055366001918763E-002   0.0000000000000000     
   209861.19047407046        177.34080422393311     
 
   20870567.061808072      -0.60389017597093630     
   17636.434535563720        4565.9595316360783     
 
   4.7914361180239453E-008   6.3371152994651676E-012
  -1.8507358385759802E-007   2.1901199108472169E-004
 
   385.04973768294576        750.66674980976450     
 
 
  -3.9081947806211825E-005  -201.21398243523356     
  -1.0039081947806212E-002   0.0000000000000000     
   209269.78632953390        457.88653405262107     
 
   20845510.318327915      -0.52656307339222019     
   45610.399081624746        4578.6013210018527     
 
   4.7971948544098493E-008   5.5170247180347852E-012
  -4.7787950171226840E-007   2.1840725546016506E-004
 
   472.32381831218697        1105.0283324405075     
 
 
  -4.5406186311436336E-005  -268.15064123226745     
  -1.0045406186311437E-002   0.0000000000000000     
   209363.59674211650        355.21406383261183     
 
   20841725.347792286      -0.51484418461223214     
   35360.846265885950        4574.9104292060083     
 
   4.7980663422975001E-008   5.3995735915299087E-012
  -3.7085684830107011E-007   2.1858347273480102E-004
 
   421.95528574314602        819.51324622087168     
 
 
  -4.8508814378676532E-005  -175.79198065859498     
  -1.0048508814378677E-002   0.0000000000000000     
   209493.88050965310        156.39471359615419     
 
   20848255.634695046      -0.34864086628356200     
   15563.972374919302        4565.1797669456373     
 
   4.7965640891470802E-008   3.6631159003486759E-012
  -1.6352826129333916E-007   2.1904941186060275E-004
 
   566.82590873048798        1162.1299331406497     
 
 
  -5.5594098820402338E-005  -131.64390602239143     
  -1.0055594098820403E-002   0.0000000000000000     
   209630.72200139987        14.880400620245531     
 
   20847174.213803157      -0.22684698251014801     
   1479.8131740382591        4561.4681293832518     
 
   4.7968131614105281E-008   2.3855095782025499E-012
  -1.5561628643046487E-008   2.1922766269663705E-004
 
   566.72684521072381        1190.5394533105557     
 
 
  -5.5604886583964994E-005  -265.32335073247407     
  -1.0055604886583965E-002   0.0000000000000000     
   209660.68108341683        511.62182423775585     
 
   20850131.190331761      -0.67514137417391562     
   50879.268826528547        4581.4117148302721     
 
   4.7961311670661436E-008   7.0678358296626983E-012
  -5.3263854498501636E-007   2.1827325345081494E-004
 
   1691.4042007324108        3806.9688208742164     
 
 
  -5.6084311241719545E-005  -292.86672747939161     
  -1.0056084311241720E-002   0.0000000000000000     
   209587.58152156824        582.65491532206306     
 
   20841867.971141588      -0.69610789833854925     
   57940.536026597452        4582.7519468198434     
 
   4.7980323985792697E-008   7.2880842949682432E-012
  -6.0662364507766948E-007   2.1820940546835171E-004
 
   585.46149403868151        1362.8407836722522     
 
 
  -4.0371167620113085E-005  -274.54146250995876     
  -1.0040371167620113E-002   0.0000000000000000     
   209305.46765863930       -325.92261929024016     
 
   20846387.465599172      -0.52036378208091616     
  -32461.212225029183        4537.9288170667187     
 
   4.7969950678978867E-008   5.5007087964159791E-012
   3.4314393464220393E-007   2.2036488866876230E-004
 
   1114.5097974179880        2611.2570245259817     
 
 
  -5.8469239965441844E-005  -344.86328666071637     
  -1.0058469239965442E-002   0.0000000000000000     
   209931.93338216722       -12.094900206479508     
 
   20871161.244699344      -0.72756725927612487     
  -1202.4593323349302        4559.1920497755882     
 
   4.7913002897625862E-008   7.6460767217802449E-012
   1.2636764770037843E-008   2.1933711023279181E-004
 
   944.16443469520664        2397.0414680472031     
 
 
