   1.2495813625360529E-004   971.84054379926545     
  -9.8750418637463949E-003   1.9079450294589151     
   132007.44184075115       -15634.198636132220     
 
   13367388.251512168       -2.0562689470692606     
  -869190.64251105068        3695.5491614758971     
 
   7.4811635793309732E-008   4.1626517965140944E-011
   1.7595645719003298E-005   2.7060556839690630E-004
 
  -570.57841442821257        1500.4653796278540     
 
 
   7.7912378835033949E-005   888.75668035962917     
  -9.9220876211649663E-003   1.9726204651717580     
   132758.43865928656       -12609.077370642990     
 
   13379832.065987069       -1.3041252159753416     
  -554089.97804686078        3605.0259966421199     
 
   7.4740473294647413E-008   2.7037512619401376E-011
   1.1487558548986060E-005   2.7739466571010356E-004
 
  -633.03509433268403        1501.3687841498095     
 
 
   6.9364330896366441E-005   931.61823272939318     
  -9.9306356691036338E-003   2.3449362562517990     
   132881.65339547000       -13577.814739924637     
 
   13380676.336527921       -1.2928672183750676     
  -515071.63324464863        3608.9791285879746     
 
   7.4735668427822275E-008   2.6773027028140262E-011
   1.0666235915254499E-005   2.7709048858312932E-004
 
  -727.25590995689493        1501.3415958012492     
 
 
   7.1144994025055391E-005   1119.9471182448167     
  -9.9288550059749448E-003 -0.89330928032541124     
   132820.62159537614        6722.4882009415142     
 
   13377380.585769119       -1.6238502179991017     
   348210.38702880242        3655.1257537243600     
 
   7.4752185568556932E-008   3.3209897828474122E-011
  -7.1213657810688286E-006   2.7358523436565597E-004
 
  -489.79850826420972        1298.1668363937729     
 
 
   3.9664942069101566E-005   1077.3982371291650     
  -9.9603350579308986E-003  -2.0279679156076327     
   133500.07143445592        11946.918242984939     
 
   13403344.514762301      -0.85347970424450337     
   447153.19684344938        3694.8920752301356     
 
   7.4607669217091519E-008   1.7233556531907351E-011
  -9.0289667790589528E-006   2.7064181405023029E-004
 
  -488.39806319059363        1298.5310226014899     
 
 
   8.3613352286737719E-005  -101.31074067698135     
  -9.9163866477132625E-003  -1.5047780630127363     
   132757.26672467103        9317.8223518861651     
 
   13387635.846355792       0.19496125589565150     
   383418.46377521899        3665.4552274478201     
 
   7.4695901113029990E-008  -3.9729871973892581E-012
  -7.8134326783210820E-006   2.7281782514444405E-004
 
  -751.71973635914571        1526.2239021652160     
 
 
  -3.0188320210678658E-006  -79.686527915319502     
  -1.4990043473089853E-005   2.2441004093138872E-003
   112.88464368434424       0.65453550903112045     
 
   7530642.9020698452        9.2678554675826221E-003
   592740.21634230902        3667.6906559289719     
 
   1.3279081373223875E-007  -3.3554794679960807E-013
  -2.1460494639230215E-005   2.7265118372952785E-004
 
  -757.38652068457588        1526.2501840896371     
 
 
   3.3017581608915311E-005  -81.249621461282970     
  -9.9669824183910849E-003  -2.0035327895486574     
   133910.21202047079        12058.755513521863     
 
   13435376.667301254        2.4453314474775376E-002
   472846.61866495240        3666.4743482174035     
 
   7.4430383270082039E-008  -4.9640864648794625E-013
  -9.5989093916082412E-006   2.7274164217495163E-004
 
  -777.22342832416780        1526.1205548160503     
 
 
   3.8599038139246130E-006  -81.669264502959408     
  -4.2414683742263780E-005   1.4495036246334081     
   520.19006444198499       -4927.3742141864250     
 
   12264557.455493633        5.0094884051019653E-003
   9173838.0553347245        3667.7932801656561     
 
   8.1535842222270980E-008  -1.1136201661677123E-013
  -2.0393641492757574E-004   2.7264377930588852E-004
 
  -776.73781690570797        1526.1021649329680     
 
 
   4.3325301800027985E-005  -83.081529439925191     
  -9.9566746981999722E-003  -1.6260043806438631     
   133645.72882429630        8899.5000877275033     
 
   13422714.859987417        7.5889529120040003E-002
   294960.41028644791        3667.0720599760348     
 
   7.4500610732993726E-008  -1.5417794292592224E-012
  -5.9924458393485680E-006   2.7269724685214622E-004
 
  -776.72363207123351        1526.1001253534437     
 
 
   2.6454666746930644E-005  -93.749384971724851     
  -9.9735453332530696E-003  -2.0226834501737727     
   134697.62919939699        14863.097143609204     
 
   13505493.748073582       -1.2332617231411106E-002
   746276.61761445785        3668.4304041975242     
 
   7.4043928558886197E-008   2.4892265318208948E-013
  -1.5062914236177193E-005   2.7259609807252049E-004
 
  -777.84593435658735        1525.9805589395626     
 
 
   3.4609578676365188E-005  -96.434455926247239     
  -9.9653904213236350E-003  -2.2534831915140643     
   134545.05357324271        15461.937242867349     
 
   13501233.210185982       -2.9002218587165576E-003
   721945.96389179653        3668.7488421123126     
 
   7.4067304975841885E-008   5.8551736886813628E-014
  -1.4575157413300751E-005   2.7257247654844958E-004
 
  -778.06791065989944        1525.9688516070858     
 
 
   5.1986858164251859E-005  -99.561802992770566     
  -9.9480131418357483E-003  -1.6798462585172729     
   133852.32253928325        11441.196721172464     
 
   13455172.542628668        5.3135544567055819E-002
   530399.82347024849        3669.8431630906634     
 
   7.4320902804461359E-008  -1.0760900310258625E-012
  -1.0741547247604255E-005   2.7249136443089391E-004
 
  -778.47148844505898        1525.9372146233454     
 
 
   3.9360930852060921E-006  -885.30083030918229     
  -1.8621807812643997E-005 -0.25438070331006202     
   145.81561107013550        526.75479704210011     
 
   7828408.1107122898       0.14348475742386751     
  -21042826.038442366        3611.1632974182585     
 
   1.2772624942900021E-007  -5.0750321728964491E-012
   7.4428128165754555E-004   2.7688950197730006E-004
 
  -489.44617936566300        1311.9056073128240     
 
 
   1.5525879338649552E-004  -844.95582428555247     
  -9.8447412066135047E-003   3.0796221842746263     
   130560.70172841940       -19722.654015395208     
 
   13262910.385729395        2.9934404421570875     
  -868288.00814124662        3628.5565610934241     
 
   7.5394160511353133E-008  -6.2197715641825045E-011
   1.8041291172861713E-005   2.7557679689800730E-004
 
  -489.45583948086164        1311.8840075339572     
 
 
   3.9768606639855458E-006  -1079.0080009442752     
  -9.9960231393360147E-003  -2.0698112645147830     
   135469.10266475967        17734.435231885815     
 
   13552493.978876656      -0.93764288399219586     
   1015065.1767103960        3665.9478898592488     
 
   7.3785743420877507E-008   1.8872247870745391E-011
  -2.0430551915754749E-005   2.7277552040620348E-004
 
  -488.47991009556654        1312.1306429383453     
 
 
   1.1647474276812314E-005  -1069.1348659839184     
  -9.9883525257231879E-003  -1.5488380453730315     
   135304.26487023459        13765.343681934261     
 
   13546326.066739483      -0.78466096323237300     
   810362.08911829046        3661.5587273836454     
 
   7.3819807353113659E-008   1.5819361494909417E-011
  -1.6337515730008148E-005   2.7310423102341116E-004
 
  -488.49921997829330        1312.1031941357876     
 
 
   9.0916054629035584E-005  -1102.4062138272461     
  -9.9090839453709646E-003  -2.1031463634287775     
   132846.37344052558        18466.174124812213     
 
   13406206.357925449        1.4973997678538054     
   1083246.8986283257        3676.4867187540299     
 
   7.4594772321483514E-008  -3.0381775673910682E-011
  -2.1978742737990349E-005   2.7200775834794450E-004
 
  -489.10421288322198        1312.1988471492507     
 
 
   4.7859141141116945E-005  -1110.1831043162952     
  -9.9521408588588833E-003  -2.6445653670889442     
   134121.79892256760        21709.409328059643     
 
   13476595.511452552       0.31086194225783637     
   1205140.8225365202        3673.8279296571923     
 
   7.4203278261526315E-008  -6.2787304261223675E-012
  -2.4341205279950729E-005   2.7219771472739105E-004
 
  -488.90502168046862        1312.2490452561694     
 
 
   1.6833352076636200E-004   913.47958026915194     
  -9.8316664792336382E-003   3.9575164999204162     
   130422.43579454787       -24831.328632046789     
 
   13264223.047984488       -3.2896086727166054     
  -1034821.4964402778        3703.6633489207716     
 
   7.5395995325192496E-008   6.6967026088406923E-011
   2.1066006641979197E-005   2.7002165280750045E-004
 
  -407.69156741466497        1060.5963846772765     
 
 
   3.3661829423020651E-005   902.11608184651618     
  -9.9663381705769796E-003   1.4381256507123226     
   133653.52018939005       -9757.3358307765884     
 
   13410404.916585857      -0.61871250734725591     
  -458438.23335515079        3607.7413432320445     
 
   7.4569401064614224E-008   1.2788339494077509E-011
   9.4755863112370265E-006   2.7718335865173089E-004
 
  -570.41696389912840        1061.5359913576742     
 
 
   1.1614165214253805E-004   814.87756732627884     
  -9.8838583478574622E-003   3.8940255706883136     
   132076.59162090489       -19823.715006436265     
 
   13362182.899208419       -1.7125277799245968     
  -585429.74012301932        3604.8582957702592     
 
   7.4839629239989929E-008   3.5553393114819942E-011
   1.2153971419148031E-005   2.7740918836866919E-004
 
  -582.57581978755661        1061.5912169281141     
 
 
   1.6513131015124041E-004   995.80125227595931     
  -9.8348686898487598E-003   1.0136237299350341     
   130988.75695198767       -6496.6220144039689     
 
   13318480.345266150       -3.2079043410937449     
  -285612.59727229469        3638.0951976142283     
 
   7.5085061020278349E-008   6.6206539443001200E-011
   5.8946339030418131E-006   2.7487431062207335E-004
 
  -192.48571305719565        203.78950511359648     
 
 
   6.9636711796275952E-006   1072.5288549380512     
  -1.4827265925680138E-005  -1.3638125109309840E-002
   124.92586926916746        35.549557115358766     
 
   8425577.9691551216      -0.17713996815149766     
  -997284.63637652202        3690.8710852155705     
 
   1.1868689417650994E-007   5.6962684875782367E-012
   3.2069561187224777E-005   2.7094028962613861E-004
 
  -204.31446768563885        203.63701506718564     
 
 
   9.1483877403611413E-006   1091.8431741746899     
  -9.9908516122596391E-003  -2.8016172867526166     
   134241.14595997854        17194.482083537900     
 
   13436466.385246826      -0.21269433908248719     
   682395.80583698885        3703.8488074935008     
 
   7.4424112329143439E-008   4.2738211537204402E-012
  -1.3711872364713834E-005   2.6998863494082418E-004
 
  -211.95124583689150        203.51755991067316     
 
 
   7.4649568548719805E-005   1081.9466867399929     
  -9.9253504314512804E-003  -2.1752238462736386     
   132706.50941566002        12859.038829827301     
 
   13370820.891697103       -1.6428151106157265     
   483485.47396345803        3705.4926949388646     
 
   7.4788524734642544E-008   3.3157188166243538E-011
  -9.7582611288761504E-006   2.6986531921841027E-004
 
  -211.41935623106821        203.57263753463215     
 
 
