Problem type:
least_squares
nparams:
8
function_evaluation,seconds,x(0),x(1),x(2),x(3),x(4),x(5),x(6),x(7),objective_function,F(0),F(1)
     0,  6.5030e+00,  1.3445596740217239e-01, -7.6118736490874209e-02,  1.6635008173503299e-01, -1.2763446904551980e-02,  1.3287363372805269e-01,  1.0160058130665200e-01,  1.6696339315621439e-01, -1.8274196258231300e-02,  1.5380849386462651e+02,  3.4596947710152648e-04,  1.2401955238789231e+00
     1,  7.0982e+01,  1.4828122532146348e-01, -3.2544974063666443e-01,  1.0195528132823817e-02, -1.0669039118460924e-01,  1.7238607561849201e-01,  1.2835128579909888e-01,  1.1480946240875377e-01, -1.0392498402723144e-01,  1.0100000000000000e+26,  1.0000000000000000e+12,  1.0000000000000000e+12
     2,  7.0993e+01,  1.3790937972358358e-01, -1.3843774919988927e-01,  1.2727772034961526e-01, -3.6211807728550122e-02,  1.4274457695595061e-01,  1.0832280402613997e-01,  1.5386325633246406e-01, -3.9657251315594146e-02,  1.0100000000000000e+26,  1.0000000000000000e+12,  1.0000000000000000e+12
     3,  7.2167e+01,  1.3531627180802155e-01, -9.1683902874599030e-02,  1.5654683273137868e-01, -1.8590531711951824e-02,  1.3533383592798703e-01,  1.0331726652606503e-01,  1.6362388350539811e-01, -2.3588868455521241e-02,  1.0100000000000000e+26,  1.0000000000000000e+12,  1.0000000000000000e+12
     4,  7.8977e+01,  1.3466726332572806e-01, -7.9991050520051551e-02,  1.6385720950711516e-01, -1.4177128660127955e-02,  1.3347931703604174e-01,  1.0207362429328005e-01,  1.6605024542956889e-01, -1.9564581719685101e-02,  1.9940316579067932e-02,  1.4118267001648732e-01,  2.7875197010217897e-04
     5,  1.4527e+02,  1.3467728277569141e-01, -7.9623688175065571e-02,  1.6457901079600168e-01, -1.4378915953717430e-02,  1.3347968029179885e-01,  1.0159089442182581e-01,  1.6687859758758639e-01, -1.9738949373658290e-02,  6.0820168606416022e-03,  7.7907895112106829e-02,  3.5180591016301707e-04
