   1.3116454711084927E-004  -6.3828930438393296     
  -9.8688354528891509E-003   1.7318707928356414     
   64790.011856321005       -7456.0913466852471     
 
   6565114.3433164591        1.2314585836706051E-002
  -304658.27770521969        2569.1691049114488     
 
   1.5232023774053702E-007  -7.3010400083725408E-013
   1.8062501686233325E-005   3.8923081227159603E-004
 
  -1000.7833771120255        1027.4104166391601     
 
 
  -2.1075103026957097E-007   155.33223165716163     
  -2.3342907836814888E-006   1.1833717493260565E-002
   9.6689707509742391       -18.875717610237189     
 
   4142150.0636185901        1.0112761552025866E-003
   4902408.1611489449        2562.1165805208057     
 
   2.4142062740108503E-007  -9.5289545261495554E-014
  -4.6193934461803346E-004   3.9030248457506668E-004
 
  -1528.6557547285809        1535.9207163142230     
 
 
   1.5423667915574410E-004  -136.53557358122822     
  -9.8457633208442561E-003   1.0458813471083204     
   64420.120202745544       -4495.1813330678269     
 
   6542961.4403727464       0.31509939025427242     
  -182570.50170158572        2579.2939049967272     
 
   1.5283547065244641E-007  -1.8671142330277291E-011
   1.0818173338354214E-005   3.8770168427217154E-004
 
  -44.729910696904732        48.372078661919360     
 
 
