       0.10000D+01       0.00000D+00       0.57164D-04       0.53523D+00       0.00000D+00
       0.20000D+01       0.12487D-02      -0.26845D-04       0.53588D+00       0.46529D+00
       0.30000D+01       0.34388D-02       0.15830D-03       0.53628D+00       0.44671D+00
       0.40000D+01       0.29357D-02       0.13393D-03       0.53583D+00       0.45762D+00
       0.50000D+01       0.26703D-02       0.16829D-03       0.53572D+00       0.36629D+00
       0.60000D+01       0.22451D-02       0.32773D-03       0.53546D+00       0.39175D+00
       0.70000D+01       0.19850D-02       0.25258D-03       0.53572D+00       0.53342D+00
       0.80000D+01       0.17800D-02       0.12474D-03       0.53556D+00       0.52322D+00
       0.90000D+01       0.17906D-02       0.44208D-04       0.53553D+00       0.46517D+00
       0.10000D+02       0.17188D-02       0.84853D-04       0.53544D+00       0.47061D+00
       0.11000D+02       0.20673D-02      -0.93607D-04       0.53558D+00       0.47320D+00
       0.12000D+02       0.19802D-02       0.14086D-04       0.53567D+00       0.50263D+00
       0.13000D+02       0.19677D-02      -0.11755D-04       0.53564D+00       0.50356D+00
       0.14000D+02       0.19965D-02       0.77483D-04       0.53561D+00       0.46759D+00
       0.15000D+02       0.19685D-02       0.11499D-03       0.53566D+00       0.49906D+00
       0.16000D+02       0.24874D-02       0.34866D-03       0.53575D+00       0.49402D+00
       0.17000D+02       0.23843D-02       0.35305D-03       0.53566D+00       0.49383D+00
       0.18000D+02       0.23074D-02       0.35011D-03       0.53565D+00       0.49373D+00
       0.19000D+02       0.21899D-02       0.48233D-03       0.53556D+00       0.49357D+00
       0.20000D+02       0.21643D-02       0.32102D-03       0.53565D+00       0.51431D+00
       0.21000D+02       0.20845D-02       0.25206D-03       0.53560D+00       0.51135D+00
       0.22000D+02       0.21122D-02       0.13006D-03       0.53558D+00       0.48815D+00
       0.23000D+02       0.20810D-02       0.16992D-03       0.53555D+00       0.48952D+00
       0.24000D+02       0.21056D-02      -0.84632D-04       0.53561D+00       0.49011D+00
       0.25000D+02       0.20156D-02      -0.24527D-04       0.53566D+00       0.48734D+00
       0.26000D+02       0.20012D-02      -0.26051D-04       0.53564D+00       0.48807D+00
       0.27000D+02       0.20290D-02       0.91557D-04       0.53563D+00       0.47000D+00
       0.28000D+02       0.20002D-02       0.25003D-03       0.53564D+00       0.47152D+00
       0.29000D+02       0.23037D-02       0.48747D-03       0.53569D+00       0.48434D+00
       0.30000D+02       0.22418D-02       0.52259D-03       0.53564D+00       0.48429D+00
       0.31000D+02       0.21927D-02       0.50210D-03       0.53563D+00       0.48428D+00
       0.32000D+02       0.21255D-02       0.56427D-03       0.53557D+00       0.48424D+00
       0.33000D+02       0.21770D-02       0.42882D-03       0.53563D+00       0.49679D+00
       0.34000D+02       0.21303D-02       0.38775D-03       0.53561D+00       0.49523D+00
       0.35000D+02       0.21628D-02       0.23897D-03       0.53560D+00       0.48109D+00
       0.36000D+02       0.21457D-02       0.26406D-03       0.53558D+00       0.48218D+00
       0.37000D+02       0.21017D-02      -0.78569D-04       0.53562D+00       0.48262D+00
       0.38000D+02       0.20273D-02       0.26783D-05       0.53566D+00       0.47118D+00
       0.39000D+02       0.20153D-02       0.12646D-04       0.53564D+00       0.47208D+00
       0.40000D+02       0.20418D-02       0.15258D-03       0.53563D+00       0.46028D+00
       0.41000D+02       0.20166D-02       0.34325D-03       0.53563D+00       0.46177D+00
       0.42000D+02       0.22102D-02       0.51157D-03       0.53567D+00       0.47126D+00
       0.43000D+02       0.21642D-02       0.56490D-03       0.53563D+00       0.47154D+00
       0.44000D+02       0.21285D-02       0.54895D-03       0.53563D+00       0.47184D+00
       0.45000D+02       0.20820D-02       0.54021D-03       0.53559D+00       0.47210D+00
       0.46000D+02       0.21776D-02       0.45657D-03       0.53562D+00       0.48158D+00
       0.47000D+02       0.21447D-02       0.37863D-03       0.53561D+00       0.48077D+00
       0.48000D+02       0.21734D-02       0.22080D-03       0.53561D+00       0.47077D+00
       0.49000D+02       0.21613D-02       0.22627D-03       0.53559D+00       0.47179D+00
       0.50000D+02       0.21093D-02      -0.96048D-04       0.53562D+00       0.48262D+00
       0.51000D+02       0.20589D-02       0.12193D-03       0.53565D+00       0.47367D+00
       0.52000D+02       0.20495D-02       0.12814D-03       0.53564D+00       0.47430D+00
       0.53000D+02       0.20730D-02       0.28245D-03       0.53563D+00       0.46536D+00
       0.54000D+02       0.20504D-02       0.41884D-03       0.53563D+00       0.46638D+00
       0.55000D+02       0.21649D-02       0.51118D-03       0.53566D+00       0.47351D+00
       0.56000D+02       0.21280D-02       0.55425D-03       0.53563D+00       0.47354D+00
       0.57000D+02       0.21004D-02       0.55648D-03       0.53562D+00       0.47359D+00
       0.58000D+02       0.20657D-02       0.50798D-03       0.53559D+00       0.47362D+00
       0.59000D+02       0.21807D-02       0.40330D-03       0.53562D+00       0.48083D+00
       0.60000D+02       0.21558D-02       0.25051D-03       0.53562D+00       0.48005D+00
       0.61000D+02       0.21775D-02       0.98550D-04       0.53561D+00       0.47219D+00
       0.62000D+02       0.21676D-02       0.90254D-04       0.53560D+00       0.47298D+00
       0.63000D+02       0.21230D-02      -0.92558D-04       0.53563D+00       0.47389D+00
       0.64000D+02       0.20859D-02       0.24706D-03       0.53565D+00       0.46652D+00
       0.65000D+02       0.20787D-02       0.23740D-03       0.53564D+00       0.46714D+00
       0.66000D+02       0.20978D-02       0.39468D-03       0.53563D+00       0.46007D+00
       0.67000D+02       0.20776D-02       0.45923D-03       0.53563D+00       0.46097D+00
       0.68000D+02       0.21334D-02       0.55025D-03       0.53565D+00       0.46707D+00
       0.69000D+02       0.21033D-02       0.54526D-03       0.53562D+00       0.46721D+00
       0.70000D+02       0.20817D-02       0.56384D-03       0.53562D+00       0.46735D+00
       0.71000D+02       0.20554D-02       0.51263D-03       0.53560D+00       0.46747D+00
       0.72000D+02       0.21718D-02       0.32500D-03       0.53562D+00       0.47360D+00
       0.73000D+02       0.21542D-02       0.13247D-03       0.53562D+00       0.47307D+00
       0.74000D+02       0.21684D-02      -0.31339D-05       0.53562D+00       0.46668D+00
       0.75000D+02       0.21608D-02      -0.11864D-04       0.53561D+00       0.46730D+00
       0.76000D+02       0.21233D-02      -0.76857D-04       0.53563D+00       0.47479D+00
       0.77000D+02       0.21077D-02       0.25196D-03       0.53565D+00       0.46896D+00
       0.78000D+02       0.21008D-02       0.22280D-03       0.53564D+00       0.46934D+00
       0.79000D+02       0.21128D-02       0.36718D-03       0.53563D+00       0.46340D+00
       0.80000D+02       0.20949D-02       0.40920D-03       0.53562D+00       0.46411D+00
       0.81000D+02       0.21094D-02       0.55704D-03       0.53564D+00       0.46917D+00
       0.82000D+02       0.20845D-02       0.47775D-03       0.53562D+00       0.46916D+00
       0.83000D+02       0.20681D-02       0.49635D-03       0.53562D+00       0.46915D+00
       0.84000D+02       0.20485D-02       0.46750D-03       0.53560D+00       0.46914D+00
       0.85000D+02       0.21520D-02       0.22401D-03       0.53562D+00       0.47431D+00
       0.86000D+02       0.21406D-02       0.86514D-04       0.53563D+00       0.47374D+00
       0.87000D+02       0.21485D-02      -0.25277D-04       0.53562D+00       0.46830D+00
       0.88000D+02       0.21433D-02      -0.19305D-04       0.53562D+00       0.46881D+00
       0.89000D+02       0.21189D-02      -0.89148D-04       0.53563D+00       0.47400D+00
       0.90000D+02       0.21301D-02       0.14335D-03       0.53564D+00       0.47344D+00
       0.91000D+02       0.21230D-02       0.10188D-03       0.53563D+00       0.47371D+00
       0.92000D+02       0.21269D-02       0.21572D-03       0.53563D+00       0.46857D+00
       0.93000D+02       0.21095D-02       0.29709D-03       0.53562D+00       0.46912D+00
       0.94000D+02       0.21010D-02       0.44968D-03       0.53564D+00       0.47361D+00
       0.95000D+02       0.20801D-02       0.30653D-03       0.53562D+00       0.47347D+00
       0.96000D+02       0.20688D-02       0.30264D-03       0.53562D+00       0.47333D+00
       0.97000D+02       0.20544D-02       0.30522D-03       0.53560D+00       0.47319D+00
       0.98000D+02       0.21358D-02       0.81206D-04       0.53562D+00       0.47338D+00
       0.99000D+02       0.21300D-02       0.74820D-04       0.53563D+00       0.47712D+00
       0.10000D+03       0.21329D-02      -0.75214D-05       0.53562D+00       0.47235D+00
       0.10100D+03       0.21303D-02       0.24881D-04       0.53562D+00       0.47276D+00
       0.10200D+03       0.21187D-02      -0.87343D-04       0.53563D+00       0.47725D+00
       0.10300D+03       0.21583D-02       0.85296D-04       0.53564D+00       0.47660D+00
       0.10400D+03       0.21498D-02       0.46828D-04       0.53563D+00       0.47682D+00
       0.10500D+03       0.21468D-02       0.11709D-03       0.53563D+00       0.47228D+00
       0.10600D+03       0.21293D-02       0.25609D-03       0.53562D+00       0.47273D+00
       0.10700D+03       0.21124D-02       0.29918D-03       0.53563D+00       0.48100D+00
       0.10800D+03       0.20946D-02       0.14202D-03       0.53562D+00       0.48081D+00
       0.10900D+03       0.20890D-02       0.97722D-04       0.53562D+00       0.47641D+00
       0.11000D+03       0.20788D-02       0.12705D-03       0.53561D+00       0.47680D+00
       0.11100D+03       0.21307D-02      -0.50112D-04       0.53562D+00       0.47701D+00
       0.11200D+03       0.21258D-02       0.49322D-04       0.53563D+00       0.48012D+00
       0.11300D+03       0.21253D-02      -0.64390D-06       0.53563D+00       0.48042D+00
       0.11400D+03       0.21255D-02       0.63749D-04       0.53562D+00       0.47621D+00
       0.11500D+03       0.21208D-02       0.52728D-06       0.53563D+00       0.48024D+00
       0.11600D+03       0.21803D-02       0.19590D-03       0.53564D+00       0.47972D+00
       0.11700D+03       0.21697D-02       0.17710D-03       0.53563D+00       0.47981D+00
       0.11800D+03       0.21620D-02       0.20197D-03       0.53563D+00       0.47991D+00
       0.11900D+03       0.21450D-02       0.36060D-03       0.53562D+00       0.47999D+00
       0.12000D+03       0.21322D-02       0.25691D-03       0.53563D+00       0.48752D+00
       0.12100D+03       0.21175D-02       0.14169D-03       0.53562D+00       0.48722D+00
       0.12200D+03       0.21178D-02       0.51135D-04       0.53562D+00       0.48324D+00
       0.12300D+03       0.21107D-02       0.93090D-04       0.53561D+00       0.48353D+00
       0.12400D+03       0.21314D-02      -0.95758D-04       0.53562D+00       0.48366D+00
       0.12500D+03       0.21199D-02       0.33301D-05       0.53563D+00       0.48640D+00
       0.12600D+03       0.21175D-02      -0.16294D-04       0.53563D+00       0.48663D+00
       0.12700D+03       0.21207D-02       0.79651D-04       0.53562D+00       0.48279D+00
       0.12800D+03       0.21153D-02       0.14817D-03       0.53563D+00       0.48303D+00
       0.12900D+03       0.21808D-02       0.38904D-03       0.53564D+00       0.48583D+00
       0.13000D+03       0.21687D-02       0.40052D-03       0.53563D+00       0.48587D+00
       0.13100D+03       0.21588D-02       0.39175D-03       0.53563D+00       0.48592D+00
       0.13200D+03       0.21430D-02       0.51082D-03       0.53561D+00       0.48596D+00
       0.13300D+03       0.21425D-02       0.34692D-03       0.53563D+00       0.48906D+00
       0.13400D+03       0.21304D-02       0.28874D-03       0.53562D+00       0.48872D+00
       0.13500D+03       0.21357D-02       0.15933D-03       0.53562D+00       0.48510D+00
       0.13600D+03       0.21307D-02       0.19688D-03       0.53561D+00       0.48536D+00
       0.13700D+03       0.21306D-02      -0.80579D-04       0.53562D+00       0.48548D+00
       0.13800D+03       0.21125D-02      -0.26411D-04       0.53563D+00       0.48500D+00
       0.13900D+03       0.21091D-02      -0.24128D-04       0.53563D+00       0.48516D+00
       0.14000D+03       0.21146D-02       0.98999D-04       0.53563D+00       0.48169D+00
       0.14100D+03       0.21074D-02       0.27368D-03       0.53563D+00       0.48191D+00
       0.14200D+03       0.21686D-02       0.50106D-03       0.53564D+00       0.48445D+00
       0.14300D+03       0.21561D-02       0.54185D-03       0.53563D+00       0.48444D+00
       0.14400D+03       0.21458D-02       0.52060D-03       0.53563D+00       0.48444D+00
       0.14500D+03       0.21312D-02       0.56566D-03       0.53561D+00       0.48443D+00
       0.14600D+03       0.21467D-02       0.44391D-03       0.53563D+00       0.48727D+00
       0.14700D+03       0.21363D-02       0.40036D-03       0.53562D+00       0.48697D+00
       0.14800D+03       0.21444D-02       0.24808D-03       0.53562D+00       0.48369D+00
       0.14900D+03       0.21405D-02       0.26886D-03       0.53561D+00       0.48393D+00
       0.15000D+03       0.21279D-02      -0.81776D-04       0.53562D+00       0.48735D+00
       0.15100D+03       0.21086D-02       0.22278D-04       0.53563D+00       0.48773D+00
       0.15200D+03       0.21051D-02       0.32714D-04       0.53563D+00       0.48785D+00
       0.15300D+03       0.21121D-02       0.17661D-03       0.53563D+00       0.48467D+00
       0.15400D+03       0.21044D-02       0.36090D-03       0.53563D+00       0.48490D+00
       0.15500D+03       0.21544D-02       0.50947D-03       0.53564D+00       0.48732D+00
       0.15600D+03       0.21418D-02       0.56351D-03       0.53563D+00       0.48730D+00
       0.15700D+03       0.21319D-02       0.55088D-03       0.53562D+00       0.48728D+00
       0.15800D+03       0.21186D-02       0.53004D-03       0.53561D+00       0.48726D+00
       0.15900D+03       0.21495D-02       0.44968D-03       0.53562D+00       0.48984D+00
       0.16000D+03       0.21401D-02       0.35631D-03       0.53562D+00       0.48949D+00
       0.16100D+03       0.21487D-02       0.19864D-03       0.53562D+00       0.48646D+00
       0.16200D+03       0.21451D-02       0.20022D-03       0.53562D+00       0.48667D+00
       0.16300D+03       0.21284D-02      -0.98201D-04       0.53562D+00       0.48990D+00
       0.16400D+03       0.21133D-02       0.15411D-03       0.53563D+00       0.48708D+00
       0.16500D+03       0.21101D-02       0.15764D-03       0.53563D+00       0.48720D+00
       0.16600D+03       0.21178D-02       0.31374D-03       0.53563D+00       0.48426D+00
       0.16700D+03       0.21098D-02       0.43288D-03       0.53563D+00       0.48448D+00
       0.16800D+03       0.21439D-02       0.51700D-03       0.53564D+00       0.48670D+00
       0.16900D+03       0.21317D-02       0.55270D-03       0.53562D+00       0.48664D+00
       0.17000D+03       0.21225D-02       0.55929D-03       0.53562D+00       0.48658D+00
       0.17100D+03       0.21107D-02       0.50726D-03       0.53561D+00       0.48651D+00
       0.17200D+03       0.21523D-02       0.38686D-03       0.53562D+00       0.48896D+00
       0.17300D+03       0.21440D-02       0.21942D-03       0.53562D+00       0.48865D+00
       0.17400D+03       0.21514D-02       0.70321D-04       0.53562D+00       0.48584D+00
       0.17500D+03       0.21481D-02       0.60622D-04       0.53562D+00       0.48605D+00
       0.17600D+03       0.21315D-02      -0.88252D-04       0.53563D+00       0.48629D+00
       0.17700D+03       0.21191D-02       0.26137D-03       0.53563D+00       0.48355D+00
       0.17800D+03       0.21163D-02       0.24733D-03       0.53563D+00       0.48368D+00
       0.17900D+03       0.21230D-02       0.40326D-03       0.53563D+00       0.48098D+00
       0.18000D+03       0.21153D-02       0.45709D-03       0.53562D+00       0.48120D+00
       0.18100D+03       0.21327D-02       0.55880D-03       0.53563D+00       0.48338D+00
       0.18200D+03       0.21213D-02       0.53866D-03       0.53562D+00       0.48329D+00
       0.18300D+03       0.21131D-02       0.55904D-03       0.53562D+00       0.48321D+00
       0.18400D+03       0.21031D-02       0.51119D-03       0.53561D+00       0.48312D+00
       0.18500D+03       0.21491D-02       0.30576D-03       0.53562D+00       0.48543D+00
       0.18600D+03       0.21427D-02       0.11634D-03       0.53562D+00       0.48515D+00
       0.18700D+03       0.21479D-02      -0.14562D-04       0.53562D+00       0.48256D+00
       0.18800D+03       0.21451D-02      -0.21291D-04       0.53562D+00       0.48273D+00
       0.18900D+03       0.21306D-02      -0.76988D-04       0.53563D+00       0.48566D+00
       0.19000D+03       0.21264D-02       0.23353D-03       0.53563D+00       0.48325D+00
       0.19100D+03       0.21234D-02       0.20066D-03       0.53563D+00       0.48333D+00
       0.19200D+03       0.21277D-02       0.33976D-03       0.53563D+00       0.48081D+00
       0.19300D+03       0.21200D-02       0.38600D-03       0.53562D+00       0.48101D+00
       0.19400D+03       0.21233D-02       0.54346D-03       0.53563D+00       0.48304D+00
       0.19500D+03       0.21128D-02       0.44755D-03       0.53562D+00       0.48296D+00
       0.19600D+03       0.21060D-02       0.46311D-03       0.53562D+00       0.48289D+00
       0.19700D+03       0.20977D-02       0.44098D-03       0.53561D+00       0.48282D+00
       0.19800D+03       0.21416D-02       0.19556D-03       0.53562D+00       0.48497D+00
       0.19900D+03       0.21371D-02       0.83155D-04       0.53563D+00       0.48467D+00
       0.20000D+03       0.21401D-02      -0.22538D-04       0.53562D+00       0.48225D+00
       0.20100D+03       0.21381D-02      -0.11533D-04       0.53562D+00       0.48240D+00
       0.20200D+03       0.21283D-02      -0.93134D-04       0.53563D+00       0.48462D+00
       0.20300D+03       0.21363D-02       0.11947D-03       0.53563D+00       0.48433D+00
       0.20400D+03       0.21329D-02       0.77171D-04       0.53563D+00       0.48440D+00
       0.20500D+03       0.21339D-02       0.18218D-03       0.53563D+00       0.48204D+00
       0.20600D+03       0.21258D-02       0.27690D-03       0.53562D+00       0.48222D+00
       0.20700D+03       0.21203D-02       0.41452D-03       0.53563D+00       0.48419D+00
       0.20800D+03       0.21106D-02       0.26301D-03       0.53562D+00       0.48408D+00
       0.20900D+03       0.21058D-02       0.25137D-03       0.53562D+00       0.48397D+00
       0.21000D+03       0.20993D-02       0.26069D-03       0.53562D+00       0.48385D+00
       0.21100D+03       0.21352D-02       0.47839D-04       0.53562D+00       0.48389D+00
       0.21200D+03       0.21328D-02       0.71287D-04       0.53563D+00       0.48559D+00
       0.21300D+03       0.21338D-02      -0.40038D-05       0.53562D+00       0.48331D+00
       0.21400D+03       0.21328D-02       0.35231D-04       0.53562D+00       0.48345D+00
       0.21500D+03       0.21281D-02      -0.76352D-04       0.53563D+00       0.48553D+00
       0.21600D+03       0.21505D-02       0.94996D-04       0.53563D+00       0.48518D+00
       0.21700D+03       0.21461D-02       0.59552D-04       0.53563D+00       0.48524D+00
       0.21800D+03       0.21440D-02       0.11944D-03       0.53563D+00       0.48302D+00
       0.21900D+03       0.21354D-02       0.26758D-03       0.53562D+00       0.48319D+00
       0.22000D+03       0.21269D-02       0.27656D-03       0.53563D+00       0.48729D+00
       0.22100D+03       0.21183D-02       0.12463D-03       0.53562D+00       0.48717D+00
       0.22200D+03       0.21161D-02       0.70109D-04       0.53562D+00       0.48498D+00
       0.22300D+03       0.21113D-02       0.10366D-03       0.53562D+00       0.48513D+00
       0.22400D+03       0.21339D-02      -0.68683D-04       0.53562D+00       0.48519D+00
       0.22500D+03       0.21309D-02       0.40302D-04       0.53563D+00       0.48671D+00
       0.22600D+03       0.21304D-02      -0.25573D-05       0.53563D+00       0.48683D+00
       0.22700D+03       0.21308D-02       0.69032D-04       0.53562D+00       0.48469D+00
       0.22800D+03       0.21284D-02       0.31086D-04       0.53563D+00       0.48668D+00
       0.22900D+03       0.21606D-02       0.23789D-03       0.53563D+00       0.48639D+00
       0.23000D+03       0.21549D-02       0.22522D-03       0.53563D+00       0.48641D+00
       0.23100D+03       0.21506D-02       0.24119D-03       0.53563D+00       0.48643D+00
       0.23200D+03       0.21418D-02       0.39591D-03       0.53562D+00       0.48644D+00
       0.23300D+03       0.21362D-02       0.26844D-03       0.53563D+00       0.49029D+00
       0.23400D+03       0.21288D-02       0.16666D-03       0.53562D+00       0.49012D+00
       0.23500D+03       0.21296D-02       0.66459D-04       0.53562D+00       0.48804D+00
       0.23600D+03       0.21261D-02       0.10886D-03       0.53562D+00       0.48818D+00
       0.23700D+03       0.21342D-02      -0.94646D-04       0.53562D+00       0.48822D+00
       0.23800D+03       0.21270D-02      -0.67765D-05       0.53563D+00       0.48964D+00
       0.23900D+03       0.21255D-02      -0.20601D-04       0.53563D+00       0.48975D+00
       0.24000D+03       0.21275D-02       0.81828D-04       0.53562D+00       0.48771D+00
       0.24100D+03       0.21243D-02       0.17990D-03       0.53563D+00       0.48781D+00
       0.24200D+03       0.21597D-02       0.42472D-03       0.53563D+00       0.48929D+00
       0.24300D+03       0.21531D-02       0.44326D-03       0.53563D+00       0.48929D+00
       0.24400D+03       0.21476D-02       0.42973D-03       0.53563D+00       0.48931D+00
       0.24500D+03       0.21391D-02       0.53390D-03       0.53562D+00       0.48931D+00
       0.24600D+03       0.21406D-02       0.37298D-03       0.53563D+00       0.49097D+00
       0.24700D+03       0.21342D-02       0.32336D-03       0.53562D+00       0.49078D+00
       0.24800D+03       0.21376D-02       0.18734D-03       0.53562D+00       0.48881D+00
       0.24900D+03       0.21351D-02       0.22195D-03       0.53562D+00       0.48893D+00
       0.25000D+03       0.21329D-02      -0.77789D-04       0.53562D+00       0.48898D+00
       0.25100D+03       0.21223D-02      -0.24235D-04       0.53563D+00       0.48724D+00
       0.25200D+03       0.21204D-02      -0.18837D-04       0.53563D+00       0.48732D+00
       0.25300D+03       0.21237D-02       0.10950D-03       0.53563D+00       0.48539D+00
       0.25400D+03       0.21194D-02       0.29525D-03       0.53563D+00       0.48550D+00
       0.25500D+03       0.21530D-02       0.50897D-03       0.53563D+00       0.48690D+00
       0.25600D+03       0.21459D-02       0.55466D-03       0.53563D+00       0.48689D+00
       0.25700D+03       0.21400D-02       0.53372D-03       0.53563D+00       0.48688D+00
       0.25800D+03       0.21319D-02       0.56214D-03       0.53562D+00       0.48686D+00
       0.25900D+03       0.21428D-02       0.45395D-03       0.53562D+00       0.48845D+00
       0.26000D+03       0.21370D-02       0.40448D-03       0.53562D+00       0.48828D+00
       0.26100D+03       0.21419D-02       0.24957D-03       0.53562D+00       0.48641D+00
       0.26200D+03       0.21397D-02       0.26592D-03       0.53562D+00       0.48654D+00
       0.26300D+03       0.21317D-02      -0.85939D-04       0.53562D+00       0.48855D+00
       0.26400D+03       0.21207D-02       0.46490D-04       0.53563D+00       0.48687D+00
       0.26500D+03       0.21187D-02       0.56633D-04       0.53563D+00       0.48695D+00
       0.26600D+03       0.21228D-02       0.20407D-03       0.53563D+00       0.48512D+00
       0.26700D+03       0.21182D-02       0.37810D-03       0.53563D+00       0.48525D+00
       0.26800D+03       0.21457D-02       0.50767D-03       0.53563D+00       0.48665D+00
       0.26900D+03       0.21383D-02       0.56083D-03       0.53563D+00       0.48664D+00
       0.27000D+03       0.21325D-02       0.55208D-03       0.53562D+00       0.48663D+00
       0.27100D+03       0.21248D-02       0.52095D-03       0.53562D+00       0.48662D+00
       0.27200D+03       0.21448D-02       0.43933D-03       0.53562D+00       0.48813D+00
       0.27300D+03       0.21394D-02       0.32916D-03       0.53562D+00       0.48794D+00
       0.27400D+03       0.21444D-02       0.17235D-03       0.53562D+00       0.48616D+00
       0.27500D+03       0.21423D-02       0.17045D-03       0.53562D+00       0.48628D+00
       0.27600D+03       0.21321D-02      -0.98674D-04       0.53562D+00       0.48820D+00
       0.27700D+03       0.21220D-02       0.18515D-03       0.53563D+00       0.48645D+00
       0.27800D+03       0.21202D-02       0.18543D-03       0.53563D+00       0.48652D+00
       0.27900D+03       0.21247D-02       0.34273D-03       0.53563D+00       0.48478D+00
       0.28000D+03       0.21198D-02       0.44469D-03       0.53563D+00       0.48491D+00
       0.28100D+03       0.21383D-02       0.52513D-03       0.53563D+00       0.48624D+00
       0.28200D+03       0.21310D-02       0.55153D-03       0.53562D+00       0.48620D+00
       0.28300D+03       0.21254D-02       0.56221D-03       0.53562D+00       0.48616D+00
       0.28400D+03       0.21184D-02       0.50842D-03       0.53562D+00       0.48613D+00
       0.28500D+03       0.21449D-02       0.36986D-03       0.53562D+00       0.48761D+00
       0.28600D+03       0.21401D-02       0.19045D-03       0.53562D+00       0.48742D+00
       0.28700D+03       0.21444D-02       0.44670D-04       0.53562D+00       0.48573D+00
       0.28800D+03       0.21424D-02       0.34291D-04       0.53562D+00       0.48585D+00
       0.28900D+03       0.21322D-02      -0.83856D-04       0.53563D+00       0.48775D+00
       0.29000D+03       0.21253D-02       0.26830D-03       0.53563D+00       0.48607D+00
       0.29100D+03       0.21236D-02       0.24982D-03       0.53563D+00       0.48615D+00
       0.29200D+03       0.21275D-02       0.40356D-03       0.53563D+00       0.48448D+00
       0.29300D+03       0.21227D-02       0.44976D-03       0.53562D+00       0.48460D+00
       0.29400D+03       0.21314D-02       0.56437D-03       0.53563D+00       0.48593D+00
       0.29500D+03       0.21244D-02       0.52802D-03       0.53562D+00       0.48587D+00
       0.29600D+03       0.21194D-02       0.54924D-03       0.53562D+00       0.48581D+00
       0.29700D+03       0.21133D-02       0.50580D-03       0.53562D+00       0.48575D+00
       0.29800D+03       0.21422D-02       0.28510D-03       0.53562D+00       0.48714D+00
       0.29900D+03       0.21384D-02       0.10402D-03       0.53562D+00       0.48693D+00
       0.30000D+03       0.21414D-02      -0.21850D-04       0.53562D+00       0.48531D+00
       0.30100D+03       0.21397D-02      -0.25836D-04       0.53562D+00       0.48540D+00
       0.30200D+03       0.21311D-02      -0.78942D-04       0.53563D+00       0.48723D+00
       0.30300D+03       0.21300D-02       0.21024D-03       0.53563D+00       0.48572D+00
       0.30400D+03       0.21280D-02       0.17414D-03       0.53563D+00       0.48576D+00
       0.30500D+03       0.21303D-02       0.30709D-03       0.53563D+00       0.48417D+00
       0.30600D+03       0.21254D-02       0.36051D-03       0.53562D+00       0.48429D+00
       0.30700D+03       0.21259D-02       0.52352D-03       0.53563D+00       0.48556D+00
       0.30800D+03       0.21193D-02       0.41198D-03       0.53562D+00       0.48550D+00
       0.30900D+03       0.21151D-02       0.42336D-03       0.53562D+00       0.48545D+00
       0.31000D+03       0.21101D-02       0.40820D-03       0.53562D+00       0.48539D+00
       0.31100D+03       0.21376D-02       0.16484D-03       0.53562D+00       0.48675D+00
       0.31200D+03       0.21350D-02       0.80741D-04       0.53563D+00       0.48656D+00
       0.31300D+03       0.21366D-02      -0.18594D-04       0.53562D+00       0.48500D+00
       0.31400D+03       0.21354D-02      -0.20328D-05       0.53562D+00       0.48509D+00
       0.31500D+03       0.21299D-02      -0.95526D-04       0.53563D+00       0.48651D+00
       0.31600D+03       0.21371D-02       0.10042D-03       0.53563D+00       0.48627D+00
       0.31700D+03       0.21348D-02       0.58123D-04       0.53563D+00       0.48631D+00
       0.31800D+03       0.21350D-02       0.15373D-03       0.53563D+00       0.48478D+00
       0.31900D+03       0.21296D-02       0.26205D-03       0.53562D+00       0.48489D+00
       0.32000D+03       0.21252D-02       0.37873D-03       0.53563D+00       0.48762D+00
       0.32100D+03       0.21190D-02       0.22174D-03       0.53562D+00       0.48754D+00
       0.32200D+03       0.21161D-02       0.20157D-03       0.53562D+00       0.48745D+00
       0.32300D+03       0.21121D-02       0.21725D-03       0.53562D+00       0.48737D+00
       0.32400D+03       0.21340D-02       0.16034D-04       0.53562D+00       0.48738D+00
       0.32500D+03       0.21326D-02       0.66647D-04       0.53563D+00       0.48848D+00
       0.32600D+03       0.21330D-02      -0.14835D-05       0.53562D+00       0.48698D+00
       0.32700D+03       0.21325D-02       0.44783D-04       0.53562D+00       0.48707D+00
       0.32800D+03       0.21299D-02      -0.60349D-04       0.53563D+00       0.48842D+00
       0.32900D+03       0.21468D-02       0.11387D-03       0.53563D+00       0.48818D+00
       0.33000D+03       0.21438D-02       0.82255D-04       0.53563D+00       0.48821D+00
       0.33100D+03       0.21420D-02       0.13183D-03       0.53563D+00       0.48674D+00
       0.33200D+03       0.21362D-02       0.28663D-03       0.53562D+00       0.48684D+00
       0.33300D+03       0.21306D-02       0.26106D-03       0.53563D+00       0.48953D+00
       0.33400D+03       0.21250D-02       0.11704D-03       0.53562D+00       0.48942D+00
       0.33500D+03       0.21239D-02       0.52155D-04       0.53562D+00       0.48796D+00
       0.33600D+03       0.21209D-02       0.89159D-04       0.53562D+00       0.48805D+00
       0.33700D+03       0.21337D-02      -0.82263D-04       0.53562D+00       0.48809D+00
       0.33800D+03       0.21311D-02       0.30327D-04       0.53563D+00       0.48909D+00
       0.33900D+03       0.21306D-02      -0.55881D-05       0.53563D+00       0.48916D+00
       0.34000D+03       0.21311D-02       0.73115D-04       0.53562D+00       0.48772D+00
       0.34100D+03       0.21295D-02       0.63786D-04       0.53563D+00       0.48905D+00
       0.34200D+03       0.21521D-02       0.28214D-03       0.53563D+00       0.48884D+00
       0.34300D+03       0.21481D-02       0.27603D-03       0.53563D+00       0.48885D+00
       0.34400D+03       0.21449D-02       0.28383D-03       0.53563D+00       0.48886D+00
       0.34500D+03       0.21390D-02       0.43166D-03       0.53562D+00       0.48886D+00
       0.34600D+03       0.21361D-02       0.28605D-03       0.53563D+00       0.49005D+00
       0.34700D+03       0.21312D-02       0.19784D-03       0.53562D+00       0.48994D+00
       0.34800D+03       0.21322D-02       0.88499D-04       0.53562D+00       0.48853D+00
       0.34900D+03       0.21300D-02       0.13050D-03       0.53562D+00       0.48862D+00
       0.35000D+03       0.21337D-02      -0.91344D-04       0.53562D+00       0.48867D+00
       0.35100D+03       0.21280D-02      -0.15540D-04       0.53563D+00       0.48848D+00
       0.35200D+03       0.21269D-02      -0.24052D-04       0.53563D+00       0.48856D+00
       0.35300D+03       0.21285D-02       0.84612D-04       0.53562D+00       0.48718D+00
       0.35400D+03       0.21261D-02       0.20957D-03       0.53563D+00       0.48725D+00
       0.35500D+03       0.21505D-02       0.45457D-03       0.53563D+00       0.48825D+00
       0.35600D+03       0.21459D-02       0.47997D-03       0.53563D+00       0.48826D+00
       0.35700D+03       0.21420D-02       0.46281D-03       0.53563D+00       0.48827D+00
       0.35800D+03       0.21362D-02       0.55081D-03       0.53562D+00       0.48828D+00
       0.35900D+03       0.21386D-02       0.39755D-03       0.53563D+00       0.48942D+00
       0.36000D+03       0.21342D-02       0.35374D-03       0.53562D+00       0.48930D+00
       0.36100D+03       0.21369D-02       0.21198D-03       0.53562D+00       0.48794D+00
       0.36200D+03       0.21352D-02       0.24311D-03       0.53562D+00       0.48803D+00
       0.36300D+03       0.21325D-02      -0.76686D-04       0.53562D+00       0.48806D+00
       0.36400D+03       0.21249D-02      -0.17378D-04       0.53563D+00       0.48686D+00
       0.36500D+03       0.21235D-02      -0.95907D-05       0.53563D+00       0.48692D+00
       0.36600D+03       0.21260D-02       0.12362D-03       0.53563D+00       0.48559D+00
       0.36700D+03       0.21229D-02       0.31518D-03       0.53563D+00       0.48566D+00
       0.36800D+03       0.21457D-02       0.51229D-03       0.53563D+00       0.48668D+00
       0.36900D+03       0.21407D-02       0.56191D-03       0.53563D+00       0.48667D+00
       0.37000D+03       0.21366D-02       0.54228D-03       0.53563D+00       0.48666D+00
       0.37100D+03       0.21310D-02       0.55497D-03       0.53562D+00       0.48666D+00
       0.37200D+03       0.21402D-02       0.45876D-03       0.53562D+00       0.48779D+00
       0.37300D+03       0.21361D-02       0.40012D-03       0.53562D+00       0.48767D+00
       0.37400D+03       0.21397D-02       0.24344D-03       0.53562D+00       0.48637D+00
       0.37500D+03       0.21382D-02       0.25536D-03       0.53562D+00       0.48646D+00
       0.37600D+03       0.21321D-02      -0.90384D-04       0.53562D+00       0.48786D+00
       0.37700D+03       0.21246D-02       0.74555D-04       0.53563D+00       0.48663D+00
       0.37800D+03       0.21232D-02       0.83666D-04       0.53563D+00       0.48668D+00
       0.37900D+03       0.21262D-02       0.23420D-03       0.53563D+00       0.48540D+00
       0.38000D+03       0.21229D-02       0.39487D-03       0.53563D+00       0.48549D+00
       0.38100D+03       0.21411D-02       0.50733D-03       0.53563D+00       0.48647D+00
       0.38200D+03       0.21358D-02       0.55789D-03       0.53563D+00       0.48644D+00
       0.38300D+03       0.21317D-02       0.55337D-03       0.53562D+00       0.48642D+00
       0.38400D+03       0.21263D-02       0.51388D-03       0.53562D+00       0.48639D+00
       0.38500D+03       0.21419D-02       0.42635D-03       0.53562D+00       0.48746D+00
       0.38600D+03       0.21380D-02       0.29886D-03       0.53562D+00       0.48732D+00
       0.38700D+03       0.21416D-02       0.14355D-03       0.53562D+00       0.48606D+00
       0.38800D+03       0.21401D-02       0.13865D-03       0.53562D+00       0.48615D+00
       0.38900D+03       0.21336D-02      -0.97354D-04       0.53562D+00       0.48627D+00
       0.39000D+03       0.21267D-02       0.21333D-03       0.53563D+00       0.48503D+00
       0.39100D+03       0.21254D-02       0.20992D-03       0.53563D+00       0.48509D+00
       0.39200D+03       0.21286D-02       0.36776D-03       0.53563D+00       0.48385D+00
       0.39300D+03       0.21251D-02       0.45349D-03       0.53563D+00       0.48394D+00
       0.39400D+03       0.21369D-02       0.53487D-03       0.53563D+00       0.48494D+00
       0.39500D+03       0.21317D-02       0.55010D-03       0.53562D+00       0.48492D+00
       0.39600D+03       0.21277D-02       0.56441D-03       0.53562D+00       0.48490D+00
       0.39700D+03       0.21228D-02       0.51052D-03       0.53562D+00       0.48487D+00
       0.39800D+03       0.21426D-02       0.35246D-03       0.53562D+00       0.48594D+00
       0.39900D+03       0.21393D-02       0.16457D-03       0.53562D+00       0.48581D+00
       0.40000D+03       0.21423D-02       0.22534D-04       0.53562D+00       0.48460D+00
       0.40100D+03       0.21408D-02       0.12228D-04       0.53562D+00       0.48469D+00
       0.40200D+03       0.21335D-02      -0.80076D-04       0.53563D+00       0.48606D+00
       0.40300D+03       0.21291D-02       0.26750D-03       0.53563D+00       0.48497D+00
       0.40400D+03       0.21278D-02       0.24463D-03       0.53563D+00       0.48501D+00
       0.40500D+03       0.21304D-02       0.39533D-03       0.53563D+00       0.48381D+00
       0.40600D+03       0.21269D-02       0.43725D-03       0.53562D+00       0.48390D+00
       0.40700D+03       0.21318D-02       0.56567D-03       0.53563D+00       0.48486D+00
       0.40800D+03       0.21267D-02       0.51240D-03       0.53562D+00       0.48482D+00
       0.40900D+03       0.21231D-02       0.53342D-03       0.53562D+00       0.48478D+00
       0.41000D+03       0.21188D-02       0.49528D-03       0.53562D+00       0.48474D+00
       0.41100D+03       0.21401D-02       0.26258D-03       0.53562D+00       0.48574D+00
       0.41200D+03       0.21375D-02       0.95075D-04       0.53562D+00       0.48560D+00
       0.41300D+03       0.21395D-02      -0.25433D-04       0.53562D+00       0.48442D+00
       0.41400D+03       0.21383D-02      -0.25965D-04       0.53562D+00       0.48449D+00
       0.41500D+03       0.21324D-02      -0.82413D-04       0.53563D+00       0.48555D+00
       0.41600D+03       0.21328D-02       0.18400D-03       0.53563D+00       0.48539D+00
       0.41700D+03       0.21313D-02       0.14525D-03       0.53563D+00       0.48542D+00
       0.41800D+03       0.21327D-02       0.27119D-03       0.53563D+00       0.48426D+00
       0.41900D+03       0.21289D-02       0.33432D-03       0.53562D+00       0.48435D+00
       0.42000D+03       0.21284D-02       0.49771D-03       0.53563D+00       0.48532D+00
       0.42100D+03       0.21235D-02       0.37206D-03       0.53562D+00       0.48528D+00
       0.42200D+03       0.21206D-02       0.37815D-03       0.53562D+00       0.48524D+00
       0.42300D+03       0.21170D-02       0.37009D-03       0.53562D+00       0.48520D+00
       0.42400D+03       0.21368D-02       0.13233D-03       0.53562D+00       0.48522D+00
       0.42500D+03       0.21351D-02       0.78640D-04       0.53563D+00       0.48606D+00
       0.42600D+03       0.21361D-02      -0.14101D-04       0.53562D+00       0.48492D+00
       0.42700D+03       0.21353D-02       0.84690D-05       0.53562D+00       0.48499D+00
       0.42800D+03       0.21318D-02      -0.95188D-04       0.53563D+00       0.48603D+00
       0.42900D+03       0.21387D-02       0.88100D-04       0.53563D+00       0.48585D+00
       0.43000D+03       0.21368D-02       0.46668D-04       0.53563D+00       0.48588D+00
       0.43100D+03       0.21367D-02       0.13243D-03       0.53563D+00       0.48476D+00
       0.43200D+03       0.21325D-02       0.25388D-03       0.53562D+00       0.48484D+00
       0.43300D+03       0.21288D-02       0.34435D-03       0.53563D+00       0.48686D+00
       0.43400D+03       0.21243D-02       0.18494D-03       0.53562D+00       0.48679D+00
       0.43500D+03       0.21224D-02       0.15556D-03       0.53562D+00       0.48674D+00
       0.43600D+03       0.21195D-02       0.17711D-03       0.53562D+00       0.48668D+00
       0.43700D+03       0.21345D-02      -0.13117D-04       0.53562D+00       0.48669D+00
       0.43800D+03       0.21334D-02       0.60739D-04       0.53563D+00       0.48746D+00
       0.43900D+03       0.21335D-02      -0.17234D-06       0.53562D+00       0.48635D+00
       0.44000D+03       0.21333D-02       0.53253D-04       0.53562D+00       0.48641D+00
       0.44100D+03       0.21317D-02      -0.39464D-04       0.53563D+00       0.48742D+00
       0.44200D+03       0.21455D-02       0.14120D-03       0.53563D+00       0.48724D+00
       0.44300D+03       0.21431D-02       0.11418D-03       0.53563D+00       0.48725D+00
       0.44400D+03       0.21415D-02       0.15364D-03       0.53563D+00       0.48615D+00
       0.44500D+03       0.21371D-02       0.31228D-03       0.53562D+00       0.48623D+00
       0.44600D+03       0.21331D-02       0.25340D-03       0.53563D+00       0.48824D+00
       0.44700D+03       0.21290D-02       0.11955D-03       0.53562D+00       0.48816D+00
       0.44800D+03       0.21285D-02       0.44324D-04       0.53562D+00       0.48707D+00
       0.44900D+03       0.21264D-02       0.83948D-04       0.53562D+00       0.48714D+00
       0.45000D+03       0.21344D-02      -0.90918D-04       0.53562D+00       0.48717D+00
       0.45100D+03       0.21320D-02       0.19710D-04       0.53563D+00       0.48792D+00
       0.45200D+03       0.21315D-02      -0.94937D-05       0.53563D+00       0.48798D+00
       0.45300D+03       0.21321D-02       0.76191D-04       0.53562D+00       0.48690D+00
       0.45400D+03       0.21307D-02       0.97493D-04       0.53563D+00       0.48790D+00
       0.45500D+03       0.21485D-02       0.32641D-03       0.53563D+00       0.48775D+00
       0.45600D+03       0.21453D-02       0.32716D-03       0.53563D+00       0.48776D+00
       0.45700D+03       0.21427D-02       0.32764D-03       0.53563D+00       0.48776D+00
       0.45800D+03       0.21383D-02       0.46583D-03       0.53562D+00       0.48777D+00
       0.45900D+03       0.21368D-02       0.30825D-03       0.53563D+00       0.48869D+00
       0.46000D+03       0.21332D-02       0.23302D-03       0.53562D+00       0.48861D+00
       0.46100D+03       0.21343D-02       0.11516D-03       0.53562D+00       0.48755D+00
       0.46200D+03       0.21327D-02       0.15595D-03       0.53562D+00       0.48762D+00
       0.46300D+03       0.21344D-02      -0.86978D-04       0.53562D+00       0.48766D+00
       0.46400D+03       0.21296D-02      -0.22191D-04       0.53563D+00       0.48751D+00
       0.46500D+03       0.21286D-02      -0.25944D-04       0.53563D+00       0.48757D+00
       0.46600D+03       0.21300D-02       0.88684D-04       0.53562D+00       0.48653D+00
       0.46700D+03       0.21280D-02       0.23684D-03       0.53563D+00       0.48658D+00
       0.46800D+03       0.21467D-02       0.47794D-03       0.53563D+00       0.48734D+00
       0.46900D+03       0.21430D-02       0.50987D-03       0.53563D+00       0.48735D+00
       0.47000D+03       0.21400D-02       0.49022D-03       0.53563D+00       0.48737D+00
       0.47100D+03       0.21356D-02       0.56129D-03       0.53562D+00       0.48737D+00
       0.47200D+03       0.21385D-02       0.41916D-03       0.53563D+00       0.48824D+00
       0.47300D+03       0.21353D-02       0.37802D-03       0.53562D+00       0.48815D+00
       0.47400D+03       0.21375D-02       0.23141D-03       0.53562D+00       0.48712D+00
       0.47500D+03       0.21363D-02       0.25865D-03       0.53562D+00       0.48719D+00
       0.47600D+03       0.21334D-02      -0.77468D-04       0.53562D+00       0.48722D+00
       0.47700D+03       0.21274D-02      -0.55065D-05       0.53563D+00       0.48630D+00
       0.47800D+03       0.21263D-02       0.39158D-05       0.53563D+00       0.48634D+00
       0.47900D+03       0.21283D-02       0.14165D-03       0.53563D+00       0.48532D+00
       0.48000D+03       0.21260D-02       0.33388D-03       0.53563D+00       0.48540D+00
       0.48100D+03       0.21430D-02       0.51233D-03       0.53563D+00       0.48618D+00
       0.48200D+03       0.21390D-02       0.56474D-03       0.53563D+00       0.48617D+00
       0.48300D+03       0.21358D-02       0.54732D-03       0.53562D+00       0.48617D+00
       0.48400D+03       0.21315D-02       0.54551D-03       0.53562D+00       0.48616D+00
       0.48500D+03       0.21398D-02       0.45851D-03       0.53562D+00       0.48703D+00
       0.48600D+03       0.21367D-02       0.38781D-03       0.53562D+00       0.48694D+00
       0.48700D+03       0.21395D-02       0.23017D-03       0.53562D+00       0.48595D+00
       0.48800D+03       0.21384D-02       0.23778D-03       0.53562D+00       0.48602D+00
       0.48900D+03       0.21333D-02      -0.94381D-04       0.53562D+00       0.48709D+00
       0.49000D+03       0.21278D-02       0.10534D-03       0.53563D+00       0.48615D+00
       0.49100D+03       0.21267D-02       0.11272D-03       0.53563D+00       0.48619D+00
       0.49200D+03       0.21291D-02       0.26587D-03       0.53563D+00       0.48521D+00
       0.49300D+03       0.21265D-02       0.41093D-03       0.53563D+00       0.48528D+00
       0.49400D+03       0.21396D-02       0.50919D-03       0.53563D+00       0.48603D+00
       0.49500D+03       0.21355D-02       0.55531D-03       0.53562D+00       0.48601D+00
       0.49600D+03       0.21323D-02       0.55523D-03       0.53562D+00       0.48599D+00
       0.49700D+03       0.21282D-02       0.50931D-03       0.53562D+00       0.48597D+00
       0.49800D+03       0.21412D-02       0.41150D-03       0.53562D+00       0.48680D+00
       0.49900D+03       0.21383D-02       0.26705D-03       0.53562D+00       0.48670D+00
       0.50000D+03       0.21410D-02       0.11380D-03       0.53562D+00       0.48572D+00
       0.50100D+03       0.21398D-02       0.10651D-03       0.53562D+00       0.48579D+00
       0.50200D+03       0.21344D-02      -0.94510D-04       0.53562D+00       0.48588D+00
       0.50300D+03       0.21295D-02       0.23702D-03       0.53563D+00       0.48492D+00
       0.50400D+03       0.21285D-02       0.22956D-03       0.53563D+00       0.48497D+00
       0.50500D+03       0.21309D-02       0.38722D-03       0.53563D+00       0.48401D+00
       0.50600D+03       0.21282D-02       0.45841D-03       0.53562D+00       0.48408D+00
       0.50700D+03       0.21362D-02       0.54514D-03       0.53563D+00       0.48485D+00
       0.50800D+03       0.21321D-02       0.54746D-03       0.53562D+00       0.48483D+00
       0.50900D+03       0.21291D-02       0.56477D-03       0.53562D+00       0.48482D+00
       0.51000D+03       0.21253D-02       0.51229D-03       0.53562D+00       0.48480D+00
       0.51100D+03       0.21413D-02       0.33455D-03       0.53562D+00       0.48563D+00
       0.51200D+03       0.21388D-02       0.14239D-03       0.53562D+00       0.48553D+00
       0.51300D+03       0.21410D-02       0.44956D-05       0.53562D+00       0.48459D+00
       0.51400D+03       0.21399D-02      -0.49722D-05       0.53562D+00       0.48466D+00
       0.51500D+03       0.21344D-02      -0.77531D-04       0.53563D+00       0.48573D+00
       0.51600D+03       0.21316D-02       0.25909D-03       0.53563D+00       0.48484D+00
       0.51700D+03       0.21306D-02       0.23201D-03       0.53563D+00       0.48486D+00
       0.51800D+03       0.21324D-02       0.37878D-03       0.53563D+00       0.48393D+00
       0.51900D+03       0.21296D-02       0.41988D-03       0.53562D+00       0.48400D+00
       0.52000D+03       0.21324D-02       0.56155D-03       0.53563D+00       0.48475D+00
       0.52100D+03       0.21284D-02       0.49111D-03       0.53562D+00       0.48472D+00
       0.52200D+03       0.21257D-02       0.51083D-03       0.53562D+00       0.48469D+00
       0.52300D+03       0.21224D-02       0.47867D-03       0.53562D+00       0.48465D+00
       0.52400D+03       0.21391D-02       0.23780D-03       0.53562D+00       0.48546D+00
       0.52500D+03       0.21372D-02       0.88869D-04       0.53562D+00       0.48535D+00
       0.52600D+03       0.21386D-02      -0.25974D-04       0.53562D+00       0.48443D+00
       0.52700D+03       0.21377D-02      -0.22384D-04       0.53562D+00       0.48448D+00
       0.52800D+03       0.21334D-02      -0.86810D-04       0.53563D+00       0.48533D+00
       0.52900D+03       0.21347D-02       0.15693D-03       0.53563D+00       0.48521D+00
       0.53000D+03       0.21335D-02       0.11620D-03       0.53563D+00       0.48523D+00
       0.53100D+03       0.21343D-02       0.23436D-03       0.53563D+00       0.48432D+00
       0.53200D+03       0.21313D-02       0.30913D-03       0.53562D+00       0.48439D+00
       0.53300D+03       0.21301D-02       0.46703D-03       0.53563D+00       0.48515D+00
       0.53400D+03       0.21263D-02       0.32925D-03       0.53562D+00       0.48512D+00
       0.53500D+03       0.21242D-02       0.32901D-03       0.53562D+00       0.48509D+00
       0.53600D+03       0.21214D-02       0.32801D-03       0.53562D+00       0.48506D+00
       0.53700D+03       0.21365D-02       0.98736D-04       0.53562D+00       0.48507D+00
       0.53800D+03       0.21353D-02       0.76289D-04       0.53563D+00       0.48574D+00
       0.53900D+03       0.21359D-02      -0.96498D-05       0.53562D+00       0.48484D+00
       0.54000D+03       0.21354D-02       0.19313D-04       0.53562D+00       0.48489D+00
       0.54100D+03       0.21330D-02      -0.91147D-04       0.53563D+00       0.48572D+00
       0.54200D+03       0.21399D-02       0.83933D-04       0.53563D+00       0.48558D+00
       0.54300D+03       0.21383D-02       0.44229D-04       0.53563D+00       0.48560D+00
       0.54400D+03       0.21379D-02       0.11983D-03       0.53563D+00       0.48471D+00
       0.54500D+03       0.21345D-02       0.25327D-03       0.53562D+00       0.48477D+00
       0.54600D+03       0.21313D-02       0.31333D-03       0.53563D+00       0.48637D+00
       0.54700D+03       0.21277D-02       0.15461D-03       0.53562D+00       0.48633D+00
       0.54800D+03       0.21264D-02       0.11551D-03       0.53562D+00       0.48544D+00
       0.54900D+03       0.21243D-02       0.14235D-03       0.53562D+00       0.48550D+00
       0.55000D+03       0.21351D-02      -0.38609D-04       0.53562D+00       0.48551D+00
       0.55100D+03       0.21342D-02       0.53541D-04       0.53563D+00       0.48613D+00
       0.55200D+03       0.21342D-02      -0.14874D-06       0.53562D+00       0.48618D+00
       0.55300D+03       0.21342D-02       0.60497D-04       0.53562D+00       0.48530D+00
       0.55400D+03       0.21330D-02      -0.14124D-04       0.53563D+00       0.48610D+00
       0.55500D+03       0.21450D-02       0.17573D-03       0.53563D+00       0.48597D+00
       0.55600D+03       0.21429D-02       0.15397D-03       0.53563D+00       0.48597D+00
       0.55700D+03       0.21414D-02       0.18370D-03       0.53563D+00       0.48598D+00
       0.55800D+03       0.21378D-02       0.34314D-03       0.53562D+00       0.48599D+00
       0.55900D+03       0.21349D-02       0.25372D-03       0.53563D+00       0.48760D+00
       0.56000D+03       0.21317D-02       0.13181D-03       0.53562D+00       0.48753D+00
       0.56100D+03       0.21316D-02       0.46412D-04       0.53562D+00       0.48667D+00
       0.56200D+03       0.21300D-02       0.87796D-04       0.53562D+00       0.48672D+00
       0.56300D+03       0.21351D-02      -0.95110D-04       0.53562D+00       0.48675D+00
       0.56400D+03       0.21328D-02       0.88650D-05       0.53563D+00       0.48735D+00
       0.56500D+03       0.21323D-02      -0.13934D-04       0.53563D+00       0.48740D+00
       0.56600D+03       0.21329D-02       0.78561D-04       0.53562D+00       0.48654D+00
       0.56700D+03       0.21317D-02       0.13111D-03       0.53563D+00       0.48734D+00
       0.56800D+03       0.21464D-02       0.36860D-03       0.53563D+00       0.48721D+00
       0.56900D+03       0.21437D-02       0.37640D-03       0.53563D+00       0.48722D+00
       0.57000D+03       0.21416D-02       0.37052D-03       0.53563D+00       0.48723D+00
       0.57100D+03       0.21380D-02       0.49666D-03       0.53562D+00       0.48723D+00
       0.57200D+03       0.21375D-02       0.33336D-03       0.53563D+00       0.48797D+00
       0.57300D+03       0.21346D-02       0.26984D-03       0.53562D+00       0.48791D+00
       0.57400D+03       0.21358D-02       0.14417D-03       0.53562D+00       0.48706D+00
       0.57500D+03       0.21346D-02       0.18300D-03       0.53562D+00       0.48712D+00
       0.57600D+03       0.21350D-02      -0.82563D-04       0.53562D+00       0.48714D+00
       0.57700D+03       0.21307D-02      -0.25895D-04       0.53563D+00       0.48703D+00
       0.57800D+03       0.21299D-02      -0.25503D-04       0.53563D+00       0.48706D+00
       0.57900D+03       0.21312D-02       0.94802D-04       0.53562D+00       0.48622D+00
       0.58000D+03       0.21295D-02       0.26171D-03       0.53563D+00       0.48627D+00
       0.58100D+03       0.21445D-02       0.49478D-03       0.53563D+00       0.48688D+00
       0.58200D+03       0.21415D-02       0.53272D-03       0.53563D+00       0.48687D+00
       0.58300D+03       0.21390D-02       0.51172D-03       0.53563D+00       0.48687D+00
       0.58400D+03       0.21354D-02       0.56562D-03       0.53562D+00       0.48686D+00
       0.58500D+03       0.21387D-02       0.43670D-03       0.53562D+00       0.48757D+00
       0.58600D+03       0.21361D-02       0.39487D-03       0.53562D+00       0.48749D+00
       0.58700D+03       0.21381D-02       0.24429D-03       0.53562D+00       0.48666D+00
       0.58800D+03       0.21371D-02       0.26733D-03       0.53562D+00       0.48672D+00
       0.58900D+03       0.21341D-02      -0.79957D-04       0.53562D+00       0.48758D+00
       0.59000D+03       0.21291D-02       0.11507D-04       0.53563D+00       0.48768D+00
       0.59100D+03       0.21282D-02       0.21796D-04       0.53563D+00       0.48771D+00
       0.59200D+03       0.21300D-02       0.16369D-03       0.53563D+00       0.48689D+00
       0.59300D+03       0.21280D-02       0.35181D-03       0.53563D+00       0.48695D+00
       0.59400D+03       0.21413D-02       0.51060D-03       0.53563D+00       0.48758D+00
       0.59500D+03       0.21380D-02       0.56447D-03       0.53563D+00       0.48757D+00
       0.59600D+03       0.21354D-02       0.55003D-03       0.53562D+00       0.48756D+00
       0.59700D+03       0.21319D-02       0.53525D-03       0.53562D+00       0.48756D+00
       0.59800D+03       0.21396D-02       0.45374D-03       0.53562D+00       0.48826D+00
       0.59900D+03       0.21371D-02       0.36858D-03       0.53562D+00       0.48819D+00
       0.60000D+03       0.21394D-02       0.21074D-03       0.53562D+00       0.48737D+00
       0.60100D+03       0.21385D-02       0.21429D-03       0.53562D+00       0.48743D+00
       0.60200D+03       0.21341D-02      -0.97275D-04       0.53562D+00       0.48830D+00
       0.60300D+03       0.21298D-02       0.13747D-03       0.53563D+00       0.48754D+00
       0.60400D+03       0.21290D-02       0.14246D-03       0.53563D+00       0.48757D+00
       0.60500D+03       0.21310D-02       0.29771D-03       0.53563D+00       0.48676D+00
       0.60600D+03       0.21288D-02       0.42584D-03       0.53563D+00       0.48682D+00
       0.60700D+03       0.21387D-02       0.51367D-03       0.53563D+00       0.48743D+00
       0.60800D+03       0.21353D-02       0.55343D-03       0.53562D+00       0.48741D+00
       0.60900D+03       0.21327D-02       0.55778D-03       0.53562D+00       0.48739D+00
       0.61000D+03       0.21294D-02       0.50735D-03       0.53562D+00       0.48737D+00
       0.61100D+03       0.21407D-02       0.39547D-03       0.53562D+00       0.48805D+00
       0.61200D+03       0.21384D-02       0.23535D-03       0.53562D+00       0.48796D+00
       0.61300D+03       0.21405D-02       0.84704D-04       0.53562D+00       0.48716D+00
       0.61400D+03       0.21396D-02       0.75645D-04       0.53562D+00       0.48722D+00
       0.61500D+03       0.21350D-02      -0.90543D-04       0.53562D+00       0.48729D+00
       0.61600D+03       0.21312D-02       0.25483D-03       0.53563D+00       0.48650D+00
       0.61700D+03       0.21304D-02       0.24308D-03       0.53563D+00       0.48653D+00
       0.61800D+03       0.21324D-02       0.39980D-03       0.53563D+00       0.48575D+00
       0.61900D+03       0.21301D-02       0.45883D-03       0.53562D+00       0.48580D+00
       0.62000D+03       0.21357D-02       0.55465D-03       0.53563D+00       0.48643D+00
       0.62100D+03       0.21323D-02       0.54252D-03       0.53562D+00       0.48642D+00
       0.62200D+03       0.21299D-02       0.56208D-03       0.53562D+00       0.48640D+00
       0.62300D+03       0.21268D-02       0.51234D-03       0.53562D+00       0.48638D+00
       0.62400D+03       0.21403D-02       0.31588D-03       0.53562D+00       0.48706D+00
       0.62500D+03       0.21383D-02       0.12421D-03       0.53562D+00       0.48698D+00
       0.62600D+03       0.21400D-02      -0.91712D-05       0.53562D+00       0.48620D+00
       0.62700D+03       0.21391D-02      -0.17032D-04       0.53562D+00       0.48624D+00
       0.62800D+03       0.21347D-02      -0.76681D-04       0.53563D+00       0.48712D+00
       0.62900D+03       0.21330D-02       0.24379D-03       0.53563D+00       0.48639D+00
       0.63000D+03       0.21321D-02       0.21280D-03       0.53563D+00       0.48641D+00
       0.63100D+03       0.21335D-02       0.35475D-03       0.53563D+00       0.48564D+00
       0.63200D+03       0.21312D-02       0.39840D-03       0.53562D+00       0.48569D+00
       0.63300D+03       0.21326D-02       0.55131D-03       0.53563D+00       0.48631D+00
       0.63400D+03       0.21294D-02       0.46392D-03       0.53562D+00       0.48628D+00
       0.63500D+03       0.21272D-02       0.48120D-03       0.53562D+00       0.48625D+00
       0.63600D+03       0.21246D-02       0.45554D-03       0.53562D+00       0.48622D+00
       0.63700D+03       0.21382D-02       0.21061D-03       0.53562D+00       0.48688D+00
       0.63800D+03       0.21367D-02       0.84734D-04       0.53562D+00       0.48679D+00
       0.63900D+03       0.21378D-02      -0.24154D-04       0.53562D+00       0.48603D+00
       0.64000D+03       0.21371D-02      -0.15827D-04       0.53562D+00       0.48607D+00
       0.64100D+03       0.21338D-02      -0.91196D-04       0.53563D+00       0.48676D+00
       0.64200D+03       0.21359D-02       0.13138D-03       0.53563D+00       0.48666D+00
       0.64300D+03       0.21348D-02       0.89410D-04       0.53563D+00       0.48668D+00
       0.64400D+03       0.21352D-02       0.19907D-03       0.53563D+00       0.48593D+00
       0.64500D+03       0.21327D-02       0.28679D-03       0.53562D+00       0.48598D+00
       0.64600D+03       0.21312D-02       0.43295D-03       0.53563D+00       0.48661D+00
       0.64700D+03       0.21280D-02       0.28543D-03       0.53562D+00       0.48657D+00
       0.64800D+03       0.21264D-02       0.27791D-03       0.53562D+00       0.48653D+00
       0.64900D+03       0.21242D-02       0.28378D-03       0.53562D+00       0.48649D+00
       0.65000D+03       0.21361D-02       0.65014D-04       0.53562D+00       0.48649D+00
       0.65100D+03       0.21352D-02       0.73244D-04       0.53563D+00       0.48704D+00
       0.65200D+03       0.21356D-02      -0.57176D-05       0.53562D+00       0.48629D+00
       0.65300D+03       0.21352D-02       0.29946D-04       0.53562D+00       0.48634D+00
       0.65400D+03       0.21336D-02      -0.82667D-04       0.53563D+00       0.48702D+00
       0.65500D+03       0.21403D-02       0.88802D-04       0.53563D+00       0.48690D+00
       0.65600D+03       0.21389D-02       0.51687D-04       0.53563D+00       0.48692D+00
       0.65700D+03       0.21384D-02       0.11695D-03       0.53563D+00       0.48618D+00
       0.65800D+03       0.21355D-02       0.26064D-03       0.53562D+00       0.48623D+00
       0.65900D+03       0.21327D-02       0.28746D-03       0.53563D+00       0.48755D+00
       0.66000D+03       0.21298D-02       0.13247D-03       0.53562D+00       0.48751D+00
       0.66100D+03       0.21289D-02       0.83271D-04       0.53562D+00       0.48677D+00
       0.66200D+03       0.21273D-02       0.11473D-03       0.53562D+00       0.48682D+00
       0.66300D+03       0.21354D-02      -0.59666D-04       0.53562D+00       0.48684D+00
       0.66400D+03       0.21345D-02       0.45114D-04       0.53563D+00       0.48735D+00
       0.66500D+03       0.21344D-02      -0.14129D-05       0.53562D+00       0.48739D+00
       0.66600D+03       0.21344D-02       0.66454D-04       0.53562D+00       0.48666D+00
       0.66700D+03       0.21336D-02       0.14910D-04       0.53563D+00       0.48734D+00
       0.66800D+03       0.21443D-02       0.21570D-03       0.53563D+00       0.48724D+00
       0.66900D+03       0.21424D-02       0.19980D-03       0.53563D+00       0.48724D+00
       0.67000D+03       0.21410D-02       0.22030D-03       0.53563D+00       0.48725D+00
       0.67100D+03       0.21380D-02       0.37743D-03       0.53562D+00       0.48726D+00
       0.67200D+03       0.21359D-02       0.26162D-03       0.53563D+00       0.48859D+00
       0.67300D+03       0.21333D-02       0.15281D-03       0.53562D+00       0.48853D+00
       0.67400D+03       0.21334D-02       0.57558D-04       0.53562D+00       0.48781D+00
       0.67500D+03       0.21322D-02       0.99834D-04       0.53562D+00       0.48786D+00
       0.67600D+03       0.21355D-02      -0.95569D-04       0.53562D+00       0.48787D+00
       0.67700D+03       0.21331D-02      -0.16604D-05       0.53563D+00       0.48837D+00
       0.67800D+03       0.21327D-02      -0.18435D-04       0.53563D+00       0.48841D+00
       0.67900D+03       0.21333D-02       0.80662D-04       0.53562D+00       0.48769D+00
       0.68000D+03       0.21322D-02       0.16367D-03       0.53563D+00       0.48773D+00
       0.68100D+03       0.21447D-02       0.40689D-03       0.53563D+00       0.48825D+00
       0.68200D+03       0.21424D-02       0.42179D-03       0.53563D+00       0.48826D+00
       0.68300D+03       0.21405D-02       0.41058D-03       0.53563D+00       0.48826D+00
       0.68400D+03       0.21375D-02       0.52267D-03       0.53562D+00       0.48827D+00
       0.68500D+03       0.21377D-02       0.35956D-03       0.53563D+00       0.48887D+00
       0.68600D+03       0.21353D-02       0.30581D-03       0.53562D+00       0.48880D+00
       0.68700D+03       0.21365D-02       0.17311D-03       0.53562D+00       0.48809D+00
       0.68800D+03       0.21355D-02       0.20932D-03       0.53562D+00       0.48814D+00
       0.68900D+03       0.21351D-02      -0.79046D-04       0.53562D+00       0.48816D+00
       0.69000D+03       0.21314D-02      -0.25915D-04       0.53563D+00       0.48753D+00
       0.69100D+03       0.21306D-02      -0.22043D-04       0.53563D+00       0.48755D+00
       0.69200D+03       0.21318D-02       0.10363D-03       0.53562D+00       0.48685D+00
       0.69300D+03       0.21303D-02       0.28430D-03       0.53563D+00       0.48689D+00
       0.69400D+03       0.21427D-02       0.50551D-03       0.53563D+00       0.48740D+00
       0.69500D+03       0.21401D-02       0.54877D-03       0.53563D+00       0.48739D+00
       0.69600D+03       0.21380D-02       0.52754D-03       0.53563D+00       0.48739D+00
       0.69700D+03       0.21350D-02       0.56450D-03       0.53562D+00       0.48738D+00
       0.69800D+03       0.21386D-02       0.44939D-03       0.53562D+00       0.48797D+00
       0.69900D+03       0.21364D-02       0.40341D-03       0.53562D+00       0.48791D+00
       0.70000D+03       0.21382D-02       0.24976D-03       0.53562D+00       0.48721D+00
       0.70100D+03       0.21374D-02       0.26841D-03       0.53562D+00       0.48726D+00
       0.70200D+03       0.21345D-02      -0.83702D-04       0.53562D+00       0.48801D+00
       0.70300D+03       0.21304D-02       0.33400D-04       0.53563D+00       0.48738D+00
       0.70400D+03       0.21296D-02       0.43790D-04       0.53563D+00       0.48741D+00
       0.70500D+03       0.21311D-02       0.18944D-03       0.53563D+00       0.48672D+00
       0.70600D+03       0.21294D-02       0.36923D-03       0.53563D+00       0.48677D+00
       0.70700D+03       0.21401D-02       0.50849D-03       0.53563D+00       0.48729D+00
       0.70800D+03       0.21373D-02       0.56231D-03       0.53563D+00       0.48729D+00
       0.70900D+03       0.21351D-02       0.55149D-03       0.53562D+00       0.48729D+00
       0.71000D+03       0.21322D-02       0.52546D-03       0.53562D+00       0.48728D+00
       0.71100D+03       0.21394D-02       0.44507D-03       0.53562D+00       0.48786D+00
       0.71200D+03       0.21373D-02       0.34373D-03       0.53562D+00       0.48778D+00
       0.71300D+03       0.21393D-02       0.18640D-03       0.53562D+00       0.48710D+00
       0.71400D+03       0.21385D-02       0.18624D-03       0.53562D+00       0.48715D+00
       0.71500D+03       0.21346D-02      -0.98657D-04       0.53562D+00       0.48788D+00
       0.71600D+03       0.21306D-02       0.16931D-03       0.53563D+00       0.48721D+00
       0.71700D+03       0.21299D-02       0.17133D-03       0.53563D+00       0.48724D+00
       0.71800D+03       0.21316D-02       0.32809D-03       0.53563D+00       0.48656D+00
       0.71900D+03       0.21297D-02       0.43889D-03       0.53562D+00       0.48661D+00
       0.72000D+03       0.21373D-02       0.52065D-03       0.53563D+00       0.48712D+00
       0.72100D+03       0.21345D-02       0.55212D-03       0.53562D+00       0.48711D+00
       0.72200D+03       0.21323D-02       0.56072D-03       0.53562D+00       0.48709D+00
       0.72300D+03       0.21295D-02       0.50763D-03       0.53562D+00       0.48708D+00
       0.72400D+03       0.21396D-02       0.37872D-03       0.53562D+00       0.48766D+00
       0.72500D+03       0.21377D-02       0.20514D-03       0.53562D+00       0.48758D+00
       0.72600D+03       0.21395D-02       0.57577D-04       0.53562D+00       0.48691D+00
       0.72700D+03       0.21387D-02       0.47459D-04       0.53562D+00       0.48696D+00
       0.72800D+03       0.21346D-02      -0.86101D-04       0.53563D+00       0.48771D+00
       0.72900D+03       0.21317D-02       0.26566D-03       0.53563D+00       0.48705D+00
       0.73000D+03       0.21310D-02       0.24948D-03       0.53563D+00       0.48707D+00
       0.73100D+03       0.21326D-02       0.40446D-03       0.53563D+00       0.48641D+00
       0.73200D+03       0.21307D-02       0.45422D-03       0.53562D+00       0.48645D+00
       0.73300D+03       0.21346D-02       0.56194D-03       0.53563D+00       0.48698D+00
       0.73400D+03       0.21318D-02       0.53410D-03       0.53562D+00       0.48696D+00
       0.73500D+03       0.21297D-02       0.55501D-03       0.53562D+00       0.48693D+00
       0.73600D+03       0.21272D-02       0.50916D-03       0.53562D+00       0.48691D+00
       0.73700D+03       0.21388D-02       0.29601D-03       0.53562D+00       0.48747D+00
       0.73800D+03       0.21372D-02       0.10995D-03       0.53562D+00       0.48738D+00
       0.73900D+03       0.21385D-02      -0.18570D-04       0.53562D+00       0.48672D+00
       0.74000D+03       0.21378D-02      -0.24069D-04       0.53562D+00       0.48676D+00
       0.74100D+03       0.21342D-02      -0.77717D-04       0.53563D+00       0.48750D+00
       0.74200D+03       0.21334D-02       0.22281D-03       0.53563D+00       0.48688D+00
       0.74300D+03       0.21326D-02       0.18832D-03       0.53563D+00       0.48690D+00
       0.74400D+03       0.21337D-02       0.32456D-03       0.53563D+00       0.48625D+00
       0.74500D+03       0.21316D-02       0.37392D-03       0.53562D+00       0.48629D+00
       0.74600D+03       0.21322D-02       0.53463D-03       0.53563D+00       0.48681D+00
       0.74700D+03       0.21294D-02       0.43104D-03       0.53562D+00       0.48678D+00
       0.74800D+03       0.21277D-02       0.44472D-03       0.53562D+00       0.48676D+00
       0.74900D+03       0.21255D-02       0.42593D-03       0.53562D+00       0.48674D+00
       0.75000D+03       0.21370D-02       0.18103D-03       0.53562D+00       0.48730D+00
       0.75100D+03       0.21358D-02       0.81915D-04       0.53562D+00       0.48722D+00
       0.75200D+03       0.21366D-02      -0.20747D-04       0.53562D+00       0.48657D+00
       0.75300D+03       0.21361D-02      -0.71265D-05       0.53562D+00       0.48661D+00
       0.75400D+03       0.21336D-02      -0.94556D-04       0.53563D+00       0.48719D+00
       0.75500D+03       0.21362D-02       0.10956D-03       0.53563D+00       0.48709D+00
       0.75600D+03       0.21352D-02       0.67162D-04       0.53563D+00       0.48711D+00
       0.75700D+03       0.21354D-02       0.16771D-03       0.53563D+00       0.48647D+00
       0.75800D+03       0.21331D-02       0.26899D-03       0.53562D+00       0.48651D+00
       0.75900D+03       0.21315D-02       0.39723D-03       0.53563D+00       0.48766D+00
       0.76000D+03       0.21288D-02       0.24271D-03       0.53562D+00       0.48762D+00
       0.76100D+03       0.21275D-02       0.22706D-03       0.53562D+00       0.48759D+00
       0.76200D+03       0.21258D-02       0.23949D-03       0.53562D+00       0.48755D+00
       0.76300D+03       0.21354D-02       0.32256D-04       0.53562D+00       0.48756D+00
       0.76400D+03       0.21347D-02       0.69203D-04       0.53563D+00       0.48802D+00
       0.76500D+03       0.21349D-02      -0.26503D-05       0.53562D+00       0.48739D+00
       0.76600D+03       0.21347D-02       0.39950D-04       0.53562D+00       0.48742D+00
       0.76700D+03       0.21335D-02      -0.69271D-04       0.53563D+00       0.48800D+00
       0.76800D+03       0.21403D-02       0.10297D-03       0.53563D+00       0.48790D+00
       0.76900D+03       0.21390D-02       0.69274D-04       0.53563D+00       0.48791D+00
       0.77000D+03       0.21383D-02       0.12418D-03       0.53563D+00       0.48728D+00
       0.77100D+03       0.21359D-02       0.27586D-03       0.53562D+00       0.48732D+00
       0.77200D+03       0.21334D-02       0.26815D-03       0.53563D+00       0.48848D+00
       0.77300D+03       0.21310D-02       0.11972D-03       0.53562D+00       0.48845D+00
       0.77400D+03       0.21304D-02       0.60212D-04       0.53562D+00       0.48782D+00
       0.77500D+03       0.21291D-02       0.95529D-04       0.53562D+00       0.48786D+00
       0.77600D+03       0.21351D-02      -0.75854D-04       0.53562D+00       0.48787D+00
       0.77700D+03       0.21341D-02       0.35598D-04       0.53563D+00       0.48831D+00
       0.77800D+03       0.21339D-02      -0.38921D-05       0.53562D+00       0.48834D+00
       0.77900D+03       0.21341D-02       0.71137D-04       0.53562D+00       0.48771D+00
       0.78000D+03       0.21334D-02       0.46636D-04       0.53563D+00       0.48829D+00
       0.78100D+03       0.21431D-02       0.25906D-03       0.53563D+00       0.48821D+00
       0.78200D+03       0.21414D-02       0.24950D-03       0.53563D+00       0.48821D+00
       0.78300D+03       0.21401D-02       0.26144D-03       0.53563D+00       0.48821D+00
       0.78400D+03       0.21375D-02       0.41320D-03       0.53562D+00       0.48822D+00
       0.78500D+03       0.21360D-02       0.27625D-03       0.53563D+00       0.48874D+00
       0.78600D+03       0.21338D-02       0.18103D-03       0.53562D+00       0.48869D+00
       0.78700D+03       0.21341D-02       0.76358D-04       0.53562D+00       0.48807D+00
       0.78800D+03       0.21331D-02       0.11867D-03       0.53562D+00       0.48811D+00
       0.78900D+03       0.21352D-02      -0.93257D-04       0.53562D+00       0.48814D+00
       0.79000D+03       0.21328D-02      -0.11210D-04       0.53563D+00       0.48805D+00
       0.79100D+03       0.21323D-02      -0.22410D-04       0.53563D+00       0.48809D+00
       0.79200D+03       0.21330D-02       0.83054D-04       0.53562D+00       0.48747D+00
       0.79300D+03       0.21320D-02       0.19447D-03       0.53563D+00       0.48750D+00
       0.79400D+03       0.21428D-02       0.43988D-03       0.53563D+00       0.48795D+00
       0.79500D+03       0.21408D-02       0.46176D-03       0.53563D+00       0.48796D+00
       0.79600D+03       0.21391D-02       0.44634D-03       0.53563D+00       0.48796D+00
       0.79700D+03       0.21365D-02       0.54284D-03       0.53562D+00       0.48797D+00
       0.79800D+03       0.21372D-02       0.38510D-03       0.53563D+00       0.48848D+00
       0.79900D+03       0.21353D-02       0.33864D-03       0.53562D+00       0.48842D+00
       0.80000D+03       0.21364D-02       0.19975D-03       0.53562D+00       0.48781D+00
       0.80100D+03       0.21356D-02       0.23275D-03       0.53562D+00       0.48785D+00
       0.80200D+03       0.21347D-02      -0.77029D-04       0.53562D+00       0.48787D+00
       0.80300D+03       0.21313D-02      -0.21543D-04       0.53563D+00       0.48733D+00
       0.80400D+03       0.21307D-02      -0.14901D-04       0.53563D+00       0.48735D+00
       0.80500D+03       0.21317D-02       0.11582D-03       0.53562D+00       0.48675D+00
       0.80600D+03       0.21303D-02       0.30503D-03       0.53563D+00       0.48678D+00
       0.80700D+03       0.21409D-02       0.51107D-03       0.53563D+00       0.48724D+00
       0.80800D+03       0.21386D-02       0.55878D-03       0.53563D+00       0.48724D+00
       0.80900D+03       0.21367D-02       0.53835D-03       0.53562D+00       0.48723D+00
       0.81000D+03       0.21342D-02       0.55906D-03       0.53562D+00       0.48723D+00
       0.81100D+03       0.21380D-02       0.45691D-03       0.53562D+00       0.48774D+00
       0.81200D+03       0.21361D-02       0.40342D-03       0.53562D+00       0.48768D+00
       0.81300D+03       0.21377D-02       0.24756D-03       0.53562D+00       0.48708D+00
       0.81400D+03       0.21371D-02       0.26176D-03       0.53562D+00       0.48712D+00
       0.81500D+03       0.21344D-02      -0.88088D-04       0.53562D+00       0.48777D+00
       0.81600D+03       0.21308D-02       0.59590D-04       0.53563D+00       0.48723D+00
       0.81700D+03       0.21302D-02       0.69326D-04       0.53563D+00       0.48725D+00
       0.81800D+03       0.21315D-02       0.21832D-03       0.53563D+00       0.48666D+00
       0.81900D+03       0.21300D-02       0.38624D-03       0.53563D+00       0.48670D+00
       0.82000D+03       0.21387D-02       0.50727D-03       0.53563D+00       0.48715D+00
       0.82100D+03       0.21363D-02       0.55940D-03       0.53562D+00       0.48715D+00
       0.82200D+03       0.21344D-02       0.55265D-03       0.53562D+00       0.48715D+00
       0.82300D+03       0.21318D-02       0.51726D-03       0.53562D+00       0.48714D+00
       0.82400D+03       0.21388D-02       0.43336D-03       0.53562D+00       0.48764D+00
       0.82500D+03       0.21370D-02       0.31486D-03       0.53562D+00       0.48758D+00
       0.82600D+03       0.21386D-02       0.15870D-03       0.53562D+00       0.48699D+00
       0.82700D+03       0.21379D-02       0.15528D-03       0.53562D+00       0.48703D+00
       0.82800D+03       0.21350D-02      -0.98250D-04       0.53562D+00       0.48708D+00
       0.82900D+03       0.21316D-02       0.19918D-03       0.53563D+00       0.48650D+00
       0.83000D+03       0.21310D-02       0.19774D-03       0.53563D+00       0.48652D+00
       0.83100D+03       0.21325D-02       0.35538D-03       0.53563D+00       0.48594D+00
       0.83200D+03       0.21309D-02       0.44936D-03       0.53562D+00       0.48598D+00
       0.83300D+03       0.21368D-02       0.52968D-03       0.53563D+00       0.48643D+00
       0.83400D+03       0.21343D-02       0.55093D-03       0.53562D+00       0.48641D+00
       0.83500D+03       0.21324D-02       0.56343D-03       0.53562D+00       0.48640D+00
       0.83600D+03       0.21301D-02       0.50939D-03       0.53562D+00       0.48639D+00
       0.83700D+03       0.21393D-02       0.36153D-03       0.53562D+00       0.48689D+00
       0.83800D+03       0.21377D-02       0.17756D-03       0.53562D+00       0.48683D+00
       0.83900D+03       0.21391D-02       0.33528D-04       0.53562D+00       0.48625D+00
       0.84000D+03       0.21384D-02       0.23089D-04       0.53562D+00       0.48629D+00
       0.84100D+03       0.21349D-02      -0.81916D-04       0.53563D+00       0.48695D+00
       0.84200D+03       0.21327D-02       0.26889D-03       0.53563D+00       0.48643D+00
       0.84300D+03       0.21320D-02       0.24827D-03       0.53563D+00       0.48644D+00
       0.84400D+03       0.21333D-02       0.40066D-03       0.53563D+00       0.48586D+00
       0.84500D+03       0.21317D-02       0.44437D-03       0.53562D+00       0.48590D+00
       0.84600D+03       0.21343D-02       0.56561D-03       0.53563D+00       0.48636D+00
       0.84700D+03       0.21319D-02       0.52117D-03       0.53562D+00       0.48634D+00
       0.84800D+03       0.21302D-02       0.54243D-03       0.53562D+00       0.48632D+00
       0.84900D+03       0.21280D-02       0.50144D-03       0.53562D+00       0.48630D+00
       0.85000D+03       0.21382D-02       0.27451D-03       0.53562D+00       0.48678D+00
       0.85100D+03       0.21369D-02       0.99327D-04       0.53562D+00       0.48671D+00
       0.85200D+03       0.21379D-02      -0.23998D-04       0.53562D+00       0.48614D+00
       0.85300D+03       0.21374D-02      -0.26407D-04       0.53562D+00       0.48617D+00
       0.85400D+03       0.21344D-02      -0.80451D-04       0.53563D+00       0.48668D+00
       0.85500D+03       0.21343D-02       0.19784D-03       0.53563D+00       0.48661D+00
       0.85600D+03       0.21336D-02       0.16039D-03       0.53563D+00       0.48662D+00
       0.85700D+03       0.21343D-02       0.29006D-03       0.53563D+00       0.48605D+00
       0.85800D+03       0.21325D-02       0.34788D-03       0.53562D+00       0.48609D+00
       0.85900D+03       0.21325D-02       0.51177D-03       0.53563D+00       0.48654D+00
       0.86000D+03       0.21301D-02       0.39322D-03       0.53562D+00       0.48652D+00
       0.86100D+03       0.21286D-02       0.40218D-03       0.53562D+00       0.48650D+00
       0.86200D+03       0.21268D-02       0.39044D-03       0.53562D+00       0.48648D+00
       0.86300D+03       0.21366D-02       0.14937D-03       0.53562D+00       0.48697D+00
       0.86400D+03       0.21358D-02       0.79727D-04       0.53562D+00       0.48690D+00
       0.86500D+03       0.21363D-02      -0.16460D-04       0.53562D+00       0.48634D+00
       0.86600D+03       0.21359D-02       0.29434D-05       0.53562D+00       0.48637D+00
       0.86700D+03       0.21340D-02      -0.95769D-04       0.53563D+00       0.48688D+00
       0.86800D+03       0.21370D-02       0.93544D-04       0.53563D+00       0.48679D+00
       0.86900D+03       0.21361D-02       0.51558D-04       0.53563D+00       0.48681D+00
       0.87000D+03       0.21361D-02       0.14248D-03       0.53563D+00       0.48625D+00
       0.87100D+03       0.21341D-02       0.25721D-03       0.53562D+00       0.48629D+00
       0.87200D+03       0.21324D-02       0.36187D-03       0.53563D+00       0.48729D+00
       0.87300D+03       0.21301D-02       0.20333D-03       0.53562D+00       0.48726D+00
       0.87400D+03       0.21291D-02       0.17880D-03       0.53562D+00       0.48723D+00
       0.87500D+03       0.21276D-02       0.19737D-03       0.53562D+00       0.48720D+00
       0.87600D+03       0.21354D-02       0.15997D-05       0.53562D+00       0.48720D+00
       0.87700D+03       0.21349D-02       0.63966D-04       0.53563D+00       0.48761D+00
       0.87800D+03       0.21350D-02      -0.69219D-06       0.53562D+00       0.48705D+00
