  -6.6025866223877287E-004  -660.00649528358770     
  -1.0660258662238773E-002   0.0000000000000000     
   2684.7608675040988        355.07799513130863     
 
   251847.62889611436      -0.73672061150499202     
   33308.572182125623        485.83750134393807     
 
   3.9698586452404994E-006   6.0198660676041527E-009
  -2.7216985694197989E-004   2.0578886646067576E-003
 
   31.088093789247750       -201.47162640302946     
 
 
  -7.5663015595348049E-006   629.57158977389372     
  -1.0007566301559535E-002   0.0000000000000000     
   2399.8749270821477        206.57566681798301     
 
   239806.04822055108       0.18092220534853276     
   20641.948361193314        493.20585512116594     
 
   4.1701682847707204E-006  -1.5297386170930081E-009
  -1.7453239351867777E-004   2.0276149733458909E-003
 
   45.382170859816824       -244.34115874845668     
 
 
  -6.3745875996438703E-004   594.55360565468720     
  -1.0637458759964387E-002   0.0000000000000000     
   2707.3341556897753       -341.12687405859469     
 
   254509.48546839200       0.85868856048640541     
  -32068.455611078141        476.21057563528115     
 
   3.9282341423159301E-006  -7.0832734372161833E-009
   2.6453087912784915E-004   2.0994343710793620E-003
 
   36.852769598432396       -240.57812965990479     
 
 
  -5.0722728107632960E-004  -186.37766720364013     
  -1.0507227281076330E-002   0.0000000000000000     
   2554.2476994270332        243.49098105481062     
 
   243094.36077653622       -9.5548172332443948E-002
   23173.666519361905        476.69491485355036     
 
   4.1135503504263883E-006   8.2451523088194825E-010
  -1.9997285698059394E-004   2.0977376972150254E-003
 
   35.047562859236869       -241.84445040980921     
 
 
  -6.5633999410396639E-004   571.89100778614579     
  -1.0656339994103967E-002   0.0000000000000000     
   2747.8201028090734       -156.74787030057087     
 
   257857.77333769487       0.92042345785448088     
  -14709.353341510712        477.58318096986500     
 
   3.8776805526777601E-006  -7.4732701756847366E-009
   1.1943086705651967E-004   2.0936459089656704E-003
 
 -0.42913715573845324       -240.57450073518280     
 
 
   3.0104806242573119E-004  -269.81309687760006     
  -9.6989519375742690E-003  0.59505539065258972     
   2206.2555517408477       -1084.3234982239446     
 
   227477.57675438400        6.4753763078016696E-002
  -82738.054026718572        473.65521468728917     
 
   4.3958191060284103E-006  -6.0095575874427603E-010
   7.6786132065785205E-004   2.1111353724884885E-003
 
  -10.892059989985396       -241.82029827426135     
 
 
  -5.5250003678129593E-004   62.740756934390845     
  -1.0552500036781296E-002   0.0000000000000000     
   2553.0500972957370        365.79446564228783     
 
   241937.93777748838        4.1685164168781715E-003
   34664.246800975263        483.66847864216089     
 
   4.1332965140986215E-006  -3.5622983790913362E-011
  -2.9623102764223837E-004   2.0675344352629327E-003
 
  -15.144130956010565       -241.85836204289004     
 
 
  -3.0549577932128581E-004   361.09843262719653     
  -4.0721998487186896E-004  0.42989702179585265     
   17.242649345899927       -30.834415791836363     
 
   42331.160865502141       -1.0594766677998871E-002
   417003.68907185888        466.73189525486907     
 
   2.3617978178726306E-005   5.3612570889982146E-010
  -2.1101587718939566E-002   2.1420786617885475E-003
 
  -36.143525538998162       -240.44422544273010     
 
 
  -3.2334114895560381E-006   619.37136999090046     
  -1.2481524777079393E-005 -0.56706611211552627     
  0.98889230000567085        270.22040772827211     
 
   79285.657789429126       -1.2584108711140075E-003
  -662935.41836558364        491.11531553041442     
 
   1.2612891827870487E-005   3.2318682986367366E-011
   1.7025599602159727E-002   2.0362252887991964E-003
 
  -90.592332083075377       -253.75621125113173     
 
 
   3.0575128937133586E-004   102.52828096632345     
  -9.6942487106286643E-003   4.8452472705006215     
   2220.6346540041104       -3138.9238730187153     
 
   229061.43004711493       -1.1595097622857039E-002
  -82208.239276457054        483.35546663811306     
 
   4.3656787143697299E-006   1.0472721294584106E-010
   7.4250688184260413E-004   2.0688885891684441E-003
 
  -105.37684824453957       -254.43522272885002     
 
 
  -9.6189624077761687E-006  -37.771118775593713     
  -1.0009618962407776E-002   0.0000000000000000     
   2340.6556017219082        545.83930670522750     
 
   233840.62974949370       -6.2993630430729086E-003
   54531.477047746455        482.73467701106659     
 
   4.2764037968341471E-006   5.5804194970679784E-011
  -4.8307823448244020E-004   2.0715250106051485E-003
 
  -107.42927177963757       -252.92778310442586     
 
 
  -5.9845561855418304E-004  -277.26648631653887     
  -1.0598455618554183E-002   0.0000000000000000     
   2564.3115092031071        89.007677723791858     
 
   241951.43155705591      -0.15955441151836453     
   8398.1743121124000        471.69102230469360     
 
   4.1330123679229522E-006   1.3980345713175280E-009
  -7.3585793790054922E-005   2.1200069786700818E-003
 
  -109.72297430559676       -254.38934772238625     
 
 
  -6.9759175363003599E-004   626.03251060331525     
  -1.0697591753630036E-002   0.0000000000000000     
   2651.0307903716998        835.31968096036735     
 
   247815.66276093124       0.64455413105216464     
   78084.834437330996        485.40251048425966     
 
   4.0369465250902373E-006  -5.3605626328295854E-009
  -6.4940805668587862E-004   2.0610082499318188E-003
 
  -178.99230998414930       -254.13884737764795     
 
 
  -2.0218142756350289E-004  -32.384356268111745     
  -1.0202181427563503E-002   0.0000000000000000     
   2425.7602579338895       -353.51468782453117     
 
   237768.78260370367       -6.0867764520491530E-002
  -34650.892099353412        482.83640170914629     
 
   4.2058438495782319E-006   5.3020093791581261E-010
   3.0183358359598978E-004   2.0711329311452523E-003
 
  -597.55308495241286        1227.8737901169595     
 
 
  -6.3729971426623386E-005  -644.52195346791268     
  -1.0063729971426624E-002   0.0000000000000000     
   2367.3614179848414       -70.874495017951176     
 
   235236.97721484542      -0.12116332211711385     
  -7042.5672408929868        491.89389560839004     
 
   4.2510636986927680E-006   1.0471221636691028E-009
   6.0863536243592313E-005   2.0329737436391767E-003
 
  -364.79343905945285       -93.264525770165136     
 
 
  -6.7547070601290532E-004   659.45019340739975     
  -1.0675470706012906E-002   0.0000000000000000     
   2657.1293534221431        604.59855558668892     
 
   248900.43976473360       0.67714572423464170     
   56634.369784385693        489.34204657053533     
 
   4.0189361049186490E-006  -5.5613561485066788E-009
  -4.6513459266569080E-004   2.0442039896451623E-003
 
  -461.64514550422768       -35.731277391096903     
 
 
  -8.4333584864111980E-004  -624.47361221688300     
  -1.0843335848641120E-002   0.0000000000000000     
   2757.4127077037733        402.22306400395792     
 
   254295.61033557128      -0.79449281958298767     
   37094.033572181906        482.59393462706817     
 
   3.9314871045785279E-006   6.4723943894664016E-009
  -3.0218928208978042E-004   2.0716379569871812E-003
 
  -706.55404877900889       -93.958729239408186     
 
 
   3.7817152406052247E-004  -106.38201425120926     
  -9.6218284759394777E-003   4.8676748506708662     
   2194.9737631551388       -3428.1581561114353     
 
   228132.46361985002        1.5956609868983045E-002
  -112108.93792547402        482.66682899926440     
 
   4.3833470186646669E-006  -1.4491022397834725E-010
   1.0181192269627414E-003   2.0717888493435692E-003
 
  -708.14008241063095       -94.244133474597945     
 
 
   1.0232174167175922E-004  -169.62530598821559     
  -1.5206811752254247E-003  -7.3037149620711830     
   348.69526842803907        2962.9102356459862     
 
   229267.57124870477        7.1728895160902756E-003
  -382051.27441519272        485.21724013379094     
 
   4.3616084082315728E-006  -6.4476965443497040E-011
   3.4342515332007181E-003   2.0608817737338735E-003
 
  -708.46416656939414       -108.41387752304475     
 
 
   3.0914987585511748E-004  -187.16912555408754     
