   2.7884544986806273E-005   194.53713408816574     
  -9.9721154550131939E-003 -0.11300996230431792     
   118223.25445649633        572.48958351476358     
 
   11855384.295818580       -5.7560915124000023E-002
   18418.225917760894        3440.5896635850686     
 
   8.4349857335410431E-008   1.4111694370859472E-012
  -4.5154315987675115E-007   2.9064784580174846E-004
 
  -1190.4298146184167        1334.3315637902274     
 
 
  -3.6173281558441947E-005   174.15348718091508     
  -1.0036173281558442E-002   0.0000000000000000     
   119869.07054344749        2946.4245413876451     
 
   11943702.762058521       0.19514904442805303     
   293580.47721254168        3445.4373588695348     
 
   8.3726245717223461E-008  -4.7422417369461234E-012
  -7.1341860590209469E-006   2.9023931886478925E-004
 
  -1207.1104233771359        1342.2505160952746     
 
 
  -1.3428363731742078E-004  -342.92096289625283     
  -1.3808334061069381E-004  -1.0143652245032513     
   33.427315549017919        70.662904932357378     
 
   242002.79135678150        1.0609276718909644E-002
  -24656015.355029460        3426.0321503088162     
 
   4.1308804568827845E-006  -1.2791956390676310E-011
   2.9728574486819214E-002   2.9179078230094857E-004
 
  -392.27115847300797        451.01250156797533     
 
 
  -1.3465448351224207E-004  -155.64925982864537     
  -1.0134654483512242E-002   0.0000000000000000     
   121581.89741048503        6134.6392993417676     
 
   11996649.477126515      -0.46367772855470457     
   605313.11741529952        3437.4833068255393     
 
   8.3356040025447578E-008   1.1243789671231172E-011
  -1.4678327118857757E-005   2.9090852368679579E-004
 
  -1077.2608574046772        1177.4870932265062     
 
 
  -1.2589730371376402E-004   95.356596148299687     
  -1.0125897303713764E-002   0.0000000000000000     
   121500.57829121410        3319.1308078567108     
 
   11998993.733291434        6.4971081529243468E-002
   327786.33915627451        3439.2010703125175     
 
   8.3340364892072019E-008  -1.5744103154712266E-012
  -7.9430753112198950E-006   2.9076535382077103E-004
 
  -312.20105144096942        299.76217125343527     
 
 
  -9.5342773680154660E-005   100.32892725848127     
  -1.0095342773680155E-002   0.0000000000000000     
   121291.98957033140        5583.1600841142817     
 
   12014647.970800463       0.12989766754116153     
   553043.14170196047        3444.0426588001055     
 
   8.3231879831814331E-008  -3.1392256502960007E-012
  -1.3365345575592742E-005   2.9035695407896424E-004
 
  -1028.8551806380528        1145.0941868569037     
 
 
  -5.5586150870447790E-007   345.56246384299016     
  -5.9614595356401814E-006  -5.0259919839731992E-002
   28.579853195696131        69.776436388020556     
 
   4794132.4871007567       -3.4547339831061297E-003
  -17282073.772295270        3438.1833561308554     
 
   2.0858906692612557E-007   2.0959316690574385E-013
   1.0484756830328682E-003   2.9085232479570907E-004
 
  -1315.3431639852174        1491.2408310757874     
 
 
  -1.0384126968171481E-004  -352.21854245986390     
  -1.0103841269681715E-002   0.0000000000000000     
   121221.64448923862        4183.8819600442030     
 
   11997580.054328909      -0.76432585522016094     
   414088.25102969707        3414.6385303379275     
 
   8.3349497975117806E-008   1.8656784826854967E-011
  -1.0107672461982132E-005   2.9285450438165048E-004
 
  -262.61813098318635        303.37832127332700     
 
 
  -4.5663820068710462E-005   205.45066696244567     
  -1.0045663820068711E-002   0.0000000000000000     
   120026.89316097219        3243.2772610379975     
 
   11948129.592112036       0.19657863524268829     
   322853.45390105323        3449.4160123688521     
 
   8.3695237167145933E-008  -4.7697046223577832E-012
  -7.8335858294819753E-006   2.8990459148152165E-004
 
  -1234.3737403345235        1378.4474224690343     
 
 
   1.5519117923753524E-004   33.414232012858299     
  -9.8448088207624650E-003  0.88143571796770459     
   115044.50352908467       -7254.6365186598268     
 
   11685797.167135153       -7.3176557494439867E-002
  -428520.23125547968        3444.3087615289455     
 
   8.5574031859330267E-008   1.8180754095941073E-012
   1.0646607624557419E-005   2.9033424362285968E-004
 
  -1164.6655286207363        1321.1499070551113     
 
 
  -8.8902224699151725E-005  -83.903866851438707     
  -1.0088902224699152E-002   0.0000000000000000     
   121051.54263421826        5180.7072705737919     
 
   11998485.061919408      -0.21288847350738380     
   513505.54849175009        3439.0612998842862     
 
   8.3343634262787979E-008   5.1592273378086096E-012
  -1.2444505896666848E-005   2.9077625070009157E-004
 
  -1186.1907962172506        1343.1334191961953     
 
 
  -1.0950273625988209E-004   302.47194390961926     
  -1.0109502736259882E-002   0.0000000000000000     
   121208.37852173927        2652.1771254243895     
 
   11989549.009863723       0.46778710693807946     
   262344.96340870851        3463.8190655998274     
 
   8.3406219385158163E-008  -1.1263970007645150E-011
  -6.3170740613926606E-006   2.8869953542813863E-004
 
  -683.44925247350352        779.30691545335083     
 
 
  -1.4944461625073999E-004   358.31656886638575     
  -1.0149444616250740E-002   0.0000000000000000     
   121693.10122034140        6609.8014077319085     
 
   11990124.171473678       0.75139425816921090     
   651247.59606537095        3442.7641140432384     
 
   8.3402960664468438E-008  -1.8202962410920225E-011
  -1.5776851343346961E-005   2.9046772346568963E-004
 
  -285.97202852115208        319.94043018909497     
 
 
  -1.0258034460560589E-004  -149.32242089722951     
  -1.0102580344605606E-002   0.0000000000000000     
   121387.80115135727        5977.4395876668505     
 
   12015524.451253064      -0.31000101610769343     
   591674.54093632440        3441.3951412551214     
 
   8.3225294768417265E-008   7.4969379815716501E-012
  -1.4308815481861308E-005   2.9057853667101708E-004
 
  -720.97578043038800        819.98015532116824     
 
 
  -5.9376198016240431E-005   319.48543163592734     
  -1.0059376198016241E-002   0.0000000000000000     
   120021.12330043352        2495.4531992050383     
 
   11931268.991023749       0.27771384469947680     
   248072.36056021438        3452.8201351624161     
 
   8.3813521684866089E-008  -6.7412070231721623E-012
  -6.0216916483694644E-006   2.8961881394383736E-004
 
  -342.31221244481560        382.56856089025928     
 
 
