   1.0542950857437075E-004  -204.56169907132920     
  -9.8945704914256295E-003  0.51660149713657688     
   104130.34186940063       -3310.9216457916009     
 
   10523999.567737002       0.22010254838486482     
  -163942.77222714177        3269.0155541379727     
 
   9.5020808837914882E-008  -6.3977432436326177E-012
   4.7653412968421665E-006   3.0590216980473585E-004
 
  -1308.5720924019363        1074.1465972878077     
 
 
   9.1322701756182262E-006  -319.44177037886010     
  -9.9908677298243820E-003 -0.20513842312107045     
   105415.71574309123        1553.8199391151411     
 
   10551206.915942086        1.4896797784120439E-002
   88900.543363325647        3244.7669195052631     
 
   9.4775891198884834E-008  -4.3511824455325025E-013
  -2.5966821144148528E-006   3.0818855821999094E-004
 
  -1494.6418808187027        1238.3892924390266     
 
 
   3.8679528012730557E-006  -322.28867226805880     
  -9.9961320471987272E-003 -0.20017775404426175     
   105472.75921062460        1682.6804248250282     
 
   10551356.805032624        1.6537350202954243E-002
   103364.87666767665        3244.2739290048808     
 
   9.4774545910433208E-008  -4.8310342786854139E-013
  -3.0195844936780150E-006   3.0823539313237254E-004
 
  -1494.6134757362090        1238.3828076997074     
 
 
  -2.5407498066495893E-006  -325.01238515767636     
  -1.0002540749806650E-002   0.0000000000000000     
   105541.21844238191        1181.5521524548712     
 
   10551440.987073414        1.7765244711057282E-002
   118125.20258692338        3243.7316231812702     
 
   9.4773790853660786E-008  -5.1905637774637710E-013
  -3.4513253699884666E-006   3.0828692921669508E-004
 
  -1494.5851887294803        1238.3762752917844     
 
 
  -3.0779227593136921E-005  -49.801551766905447     
  -1.0030779227593137E-002   0.0000000000000000     
   106642.63467169942        1857.4716226074597     
 
   10631540.406984720      -0.16299105382740245     
   185177.20113885490        3254.6824627647829     
 
   9.4059664870648420E-008   4.7104084884815575E-012
  -5.3515836583361750E-006   3.0724936738997944E-004
 
  -1072.0697008106877        872.93319856521271     
 
 
  -8.1117486247153994E-005   331.33506834275812     
  -1.0081117486247154E-002   0.0000000000000000     
   107237.30626305104        4691.7424111398223     
 
   10637442.367807550       0.32905108639025749     
   465399.04108254274        3238.2173943268117     
 
   9.4007977782496686E-008  -9.5526098009588472E-012
  -1.3510897319844184E-005   3.0881325247878567E-004
 
  -474.86732259376714        343.53030464609941     
 
 
  -5.4378116594706871E-005  -247.83122632799703     
  -1.0054378116594707E-002   0.0000000000000000     
   106950.84878388369        6540.6904708558905     
 
   10637241.562196851      -0.46772061692104033     
   650531.57888109609        3231.5209304843147     
 
   9.4008502363133359E-008   1.3606507792142930E-011
  -1.8924679983852337E-005   3.0944907059201135E-004
 
  -891.72814366798150        715.16292090869001     
 
 
  -1.1287639997305081E-004  -260.51694539818538     
  -1.0112876399973051E-002   0.0000000000000000     
   108156.35105540685        5033.5578794401481     
 
   10694914.757951070      -0.47793476977339178     
   497737.50616130279        3269.9286234471761     
 
   9.3501745494533463E-008   1.3666272372401229E-011
  -1.4232520334072586E-005   3.0581499260050294E-004
 
  -1650.2812935096397        1353.8260940693558     
 
 
  -1.0332516074729875E-004  -33.489805141142327     
  -1.0103325160747299E-002   0.0000000000000000     
   107997.46853924052        5107.1484887770166     
 
   10689299.495063707      -0.15520907229753134     
   505491.84625067294        3244.3050369052598     
 
   9.3551288193778666E-008   4.4755374379488084E-012
  -1.4576130434797614E-005   3.0823172490778323E-004
 
  -231.36908400768982        179.27014291031651     
 
 
   8.4427853811781675E-007  -148.86143299236198     
  -1.8323988613136539E-005  -7.6529609353514161E-002
   101.69440264750715        133.43045326710489     
 
   5549780.1732963910        3.8409527454509491E-003
  -6334615.1474726284        3260.2527466906331     
 
   1.8018707481290393E-007  -2.1228110010793335E-013
   3.5010039471547585E-004   3.0672427353860553E-004
 
  -171.51040613921734        134.85436209512585     
 
 
  -8.1562699123845380E-007  -156.07332873372516     
  -1.0216833955351400E-004 -0.30083402815503746     
   939.36980719477060        837.16336877441427     
 
   9194296.9206415508        1.2490112436786199E-002
  -1408682.0376011743        3261.2204129028032     
 
   1.0876301057540192E-007  -4.1655026617503995E-013
   4.6980111723457919E-005   3.0663349501207907E-004
 
  -171.39095167050814        134.85231583267895     
 
 
  -7.7620697735269334E-005   517.05543765675804     
  -1.0077620697735270E-002   0.0000000000000000     
   107254.99168024080        3863.6228248260772     
 
   10642888.326243918       0.64759937486255470     
   383386.41041474493        3282.1836911589262     
 
   9.3960124071593953E-008  -1.8539034781836649E-011
  -1.0975325600138145E-005   3.0467737387997895E-004
 
  -1111.4617670738257        917.77486146560102     
 
 
  -1.0632938086625743E-005  -38.302400230970406     
  -1.0010632938086626E-002   0.0000000000000000     
   106729.82419478349        1455.6908956344105     
 
   10661645.957341755       -6.1782087960220458E-002
   145414.47125646504        3248.0479514256381     
 
   9.3794123774994366E-008   1.7840859777562846E-012
  -4.1991445691920227E-006   3.0787714822041329E-004
 
  -1773.5856131282696        1455.1337979645884     
 
 
  -8.7061224255616937E-005  -216.10721865232873     
  -1.0087061224255617E-002   0.0000000000000000     
   107443.42495175013        3996.6724197874719     
 
   10651608.289378555      -0.35646133217805409     
   396217.72198398149        3266.3368344899145     
 
   9.3882155010889508E-008   1.0245531841529857E-011
  -1.1388223406901219E-005   3.0615211817089800E-004
 
  -29.576238065539034        17.090815935485189     
 
 
  -1.2975093423347323E-005  -33.578584183875499     
  -1.0012975093423348E-002   0.0000000000000000     
   105940.81106561751        3060.1572065202809     
 
   10580352.999699442       -5.2469120784457403E-002
   305619.17691478448        3247.4506625935969     
 
   9.4514760833071249E-008   1.5270767495213915E-012
  -8.8948305650412376E-006   3.0793371083809008E-004
 
  -1777.3595318433217        1467.6626855524164     
 
 
  -1.1063299837309540E-004  -95.502203913505497     
  -1.0110632998373096E-002   0.0000000000000000     
   107848.62265686791        4088.5073834600407     
 
   10666851.687151721      -0.18947989375918151     
   404376.99440954032        3239.1147280387081     
 
   9.3748165973860795E-008   5.4840269704188685E-012
  -1.1703692141485494E-005   3.0872564461190220E-004
 
  -1475.1943867423950        1203.4581329661189     
 
 
  -8.9892682511270861E-005   152.84367986960649     
  -1.0089892682511271E-002   0.0000000000000000     
   107820.45226038595        3272.5730535730818     
 
   10685986.031077443       0.15437204094452350     
   324341.71071466780        3259.0140003168030     
 
   9.3580642422851097E-008  -4.4327010446444503E-012
  -9.3132786941862357E-006   3.0684171274275948E-004
 
  -526.99222804126305        427.53100152652314     
 
 
  -8.0219544891915739E-005   287.27993863252988     
  -1.0080219544891916E-002   0.0000000000000000     
   106589.60198122454        867.66432177930619     
 
   10574134.968641441       0.14298245670866722     
   86075.934945193658        3232.5583999899777     
 
   9.4570417629847992E-008  -4.1830367688708248E-012
  -2.5182026458274750E-006   3.0935260444541428E-004
 
  -544.74786409185754        437.91407741561812     
 
 
  -9.0132288937215879E-005  -285.28074478379699     
  -1.0090132288937216E-002   0.0000000000000000     
   107573.44612217617        5875.4443486869759     
 
   10661252.304899838      -0.54016456465110396     
   582296.06713173178        3225.8706091259542     
 
   9.3796753498623077E-008   1.5706049206046255E-011
  -1.6931082268910737E-005   3.0999099951509320E-004
 
  -985.84590542171884        812.49937080899713     
 
 
  -4.4822692872179687E-005   319.34236570741507     
  -1.0044822692872180E-002   0.0000000000000000     
   106650.43849133508        3403.0925024925236     
 
   10617453.563119074       0.36789555384266415     
   338790.69910385739        3255.3979044795847     
 
   9.4184881536489160E-008  -1.0643921318740189E-011
  -9.8018622598647272E-006   3.0718321858151090E-004
 
  -1124.5795925251798        921.08944179271793     
 
 
   4.5583670316252239E-005   194.21371562770449     
  -9.9544163296837480E-003  0.58861133158967505     
   105499.04908951077       -597.92334868502803     
 
   10598211.492800124       -6.7175293991305812E-002
   132711.80073416213        3260.2020417653844     
 
   9.4355518633135198E-008   1.9441616263913503E-012
  -3.8408940999952584E-006   3.0672937725212710E-004
 
  -1364.9160187918092        1090.5048376759012     
 
 
  -8.6406347513263634E-005  -49.772018092541899     
  -1.0086406347513264E-002   0.0000000000000000     
   107654.25459544653        4903.3839727337618     
 
   10673202.217555707      -0.16839070416748481     
   486137.85760700097        3253.6071050059199     
 
   9.3692372945509238E-008   4.8490564921446449E-012
  -1.3999050281076612E-005   3.0735046070912917E-004
 
  -23.302114242367466        23.457342191562347     
 
 
  -1.1782190768906513E-004  -29.639474114598205     
  -1.0117821907689065E-002   0.0000000000000000     
   108089.39596368143        4660.9181048088212     
 
   10683069.631966798      -0.10923929805253578     
   460664.17726395663        3244.3664630781473     
 
   9.3605918762110474E-008   3.1517539635254621E-012
  -1.3291005823267175E-005   3.0822613890265895E-004
 
  -49.463623941509809        37.919089181392998     
 
 
  -1.1388013894984318E-004  -60.713161085221472     
  -1.0113880138949843E-002   0.0000000000000000     
   107800.55323031977        3475.7339210999016     
 
   10658674.193217505      -0.13336330859414930     
   343659.78965030599        3241.7710982067729     
 
   9.3820174578815542E-008   3.8596706910098633E-012
  -9.9458661589480918E-006   3.0847294373731205E-004
 
  -972.52491022567551        785.64182244584697     
 
 
  -9.1115456673115242E-005  -213.60864646868393     
  -1.0091115456673115E-002   0.0000000000000000     
   107686.17046302691        1558.4152973174969     
 
   10671384.241453262      -0.42615387133058491     
   154434.39370094403        3266.2865891160732     
 
   9.3708378335184638E-008   1.2226174009567569E-011
  -4.4306573223292372E-006   3.0615749248410270E-004
 
  -1568.3861211447227        1278.2571287782760     
 
 
   2.6892647543616532E-005  -161.35089834039900     
  -9.9731073524563837E-003 -0.34453757465070112     
   106146.03772290758        1898.3372311264122     
 
   10643234.722331461      -0.24595371192354035     
   77851.801470266015        3256.2859322926593     
 
   9.3956346317372322E-008   7.0967085249976961E-012
  -2.2463232567606789E-006   3.0709816898799960E-004
 
  -1873.9843323197874        1535.7201775937178     
 
 
   2.1146485084479194E-005  -161.64536915272643     
  -9.9788535149155210E-003 -0.32196701517457882     
   106204.78746029640        1765.8578589454150     
 
   10642992.819843207      -0.24489843032311151     
   71902.050733960612        3256.1031964120798     
 
   9.3958486001881064E-008   7.0668170968143424E-012
  -2.0748137942426536E-006   3.0711541728261694E-004
 
  -1873.9643935819088        1535.7170105989578     
 
 
   1.5091753491659754E-005  -161.80663268732678     
  -9.9849082465083405E-003 -0.28869760579786430     
   106266.28159000726        1604.8424926543983     
 
   10642696.889949055      -0.24368589254848433     
   66587.217283525504        3255.9162903008332     
 
   9.3961102347528396E-008   7.0324274486434532E-012
  -1.9216121608692731E-006   3.0713305950437372E-004
 
  -1873.9444024604024        1535.7138326493109     
 
 
   8.7228634777797992E-006  -161.83744526168965     
  -9.9912771365222204E-003 -0.21731958450286015     
   106330.32001928511        1325.9749631833492     
 
   10642320.420495102      -0.24239670469260574     
   61898.145630839717        3255.7279067477907     
 
   9.3964429509418864E-008   6.9958757991406683E-012
  -1.7864588529766665E-006   3.0715084171981062E-004
 
  -1873.9243552549362        1535.7106465156680     
 
 
  -4.0741162894870290E-005  -161.48594948095413     
  -5.6665024028403847E-005  0.40671385459123144     
   394.25420706747980       -1648.6653643768582     
 
   6957575.6072805990       -7.4206999690512119E-003
  -5733575.5296198102        3254.7997917424304     
 
   1.4372849614313560E-007   3.2769021602713273E-013
   2.5318859565066334E-004   3.0723913691209283E-004
 
  -1873.9042483325782        1535.7074549383265     
 
 
  -8.2266642207886806E-005   358.91528924782523     
  -1.0082266642207887E-002   0.0000000000000000     
   107660.51847602853        2518.2531406058533     
 
   10678205.833728304       0.45366212616073304     
   249770.53573087504        3275.1683127725773     
 
   9.3648994555626335E-008  -1.2971853024235844E-011
  -7.1418496110861725E-006   3.0532880893077875E-004
 
  -1482.0641959582188        1211.4172943300607     
 
 
  -6.8513684255543800E-005  -430.81019713421392     
  -1.0068513684255544E-002   0.0000000000000000     
   107265.38365013862        3719.1848488278838     
 
   10653546.989549503      -0.69719544037822667     
   369387.67383747490        3249.0892727558767     
 
   9.3864753297373923E-008   2.0141668177571574E-011
  -1.0671446662478502E-005   3.0777626466011235E-004
 
  -1307.8525166591235        1075.2904278126473     
 
 
  -2.0987281676381961E-005  -540.06395384728626     
  -1.0020987281676382E-002   0.0000000000000000     
   106348.76935943244        2651.4250653287600     
 
   10612603.965069763      -0.62737433654279173     
   264587.20990265731        3242.5151070583011     
 
   9.4227126489284646E-008   1.8231428077810885E-011
  -7.6888747382160872E-006   3.0840108470752369E-004
 
  -1734.0522259609784        1433.2093596886589     
 
 
  -7.4253830811219987E-005  -549.46438519366700     
  -1.0074253830811220E-002   0.0000000000000000     
   106980.93791607277        2978.9840972030834     
 
   10619241.852819011      -0.50722334692186632     
   295702.70386599813        3265.9850812914115     
 
   9.4168273900315407E-008   1.4624790338199094E-011
  -8.5260074732817160E-006   3.0618501019439524E-004
 
  -1732.9444971820799        1432.4968159152381     
 
 
  -6.1658544863110384E-005   178.33994960372164     
  -1.0061658544863111E-002   0.0000000000000000     
   107393.88818130619        4912.3740488982694     
 
   10673577.094914950       0.15634533185174260     
   488227.06783329218        3240.1137268981015     
 
   9.3689509925876620E-008  -4.5208035134036446E-012
  -1.4117329999289683E-005   3.0863182328355745E-004
 
  -1380.1325069783500        1118.1519350158353     
 
 
  -6.4707313142866457E-006   159.98794694034768     
  -1.0006470731314287E-002   0.0000000000000000     
   105667.18650914090        735.34690013811087     
 
   10559885.632650241       -4.4569476354072241E-002
   73487.138461006398        3248.9508881068359     
 
   9.4697986258732270E-008   1.2990777037556864E-012
  -2.1419480527232590E-006   3.0779163458429404E-004
 
  -192.14507674204529        143.87915667746464     
 
 
  -1.0140459907417333E-004   232.78843285951834     
  -1.0101404599074174E-002   0.0000000000000000     
   107947.70390922381        3906.3462200748036     
 
   10686405.326158065       0.23895950919990880     
   386713.17258521268        3264.9961802441862     
 
   9.3577083966021265E-008  -6.8487473866529077E-012
  -1.1083471166286781E-005   3.0627988312869660E-004
 
  -338.32250838793715        275.11207893344817     
 
 
  -5.6021911738424190E-005   401.43709620724462     
  -1.0056021911738424E-002   0.0000000000000000     
   106770.45914085201        2997.3355331525231     
 
   10617564.289136896       0.31765503434184578     
   298063.74324361322        3272.1151918257419     
 
   9.4183816368535763E-008  -9.1433099597878146E-012
  -8.5793987112388587E-006   3.0561354557057043E-004
 
  -93.366763224390169        67.993926383841071     
 
 
  -1.0728196684470573E-004  -40.522825238891990     
  -1.0107281966844706E-002   0.0000000000000000     
   107487.04427882824        4266.5161542003480     
 
   10634614.195133964       -4.2954453462103304E-002
   422122.99688442016        3244.1516152352692     
 
   9.4032510826334614E-008   1.2450451117160857E-012
  -1.2235336070043834E-005   3.0824683709035133E-004
 
  -658.01902341511664        532.66384123064870     
 
 
  -2.4196925527708926E-005  -561.10996135574567     
  -1.0024196925527709E-002   0.0000000000000000     
   106145.67176589057        4010.7572903904329     
 
   10588945.184783734      -0.34339277521215877     
   400107.59167913307        3231.3851013034073     
 
   9.4437733616211730E-008   1.0035707417892381E-011
  -1.1693206775502236E-005   3.0946357468625979E-004
 
  -608.74961276042040        507.91325131279604     
 
 
  -6.2559678109400454E-005  -500.53387925125753     
  -1.0062559678109401E-002   0.0000000000000000     
   107569.95431784712        7262.4945215431580     
 
   10690118.395209145      -0.59441150212777549     
   721734.30557062302        3234.7705449753043     
 
   9.3543172955721616E-008   1.7189206213336935E-011
  -2.0871130126661231E-005   3.0913710263422243E-004
 
  -595.40683577414620        504.27755163733440     
 
 
