  -1.5485496044466765E-005   233.35600212306397     
  -1.0015485496044467E-002   0.0000000000000000     
   14220.882420108008       -322.03956801513243     
 
   1419889.4727294475        4.2034233549888035E-002
  -32154.164482823217        1190.4700559774217     
 
   7.0427960740377807E-007  -2.4867365082717652E-011
   1.9022336785923102E-005   8.4000365686612343E-004
 
  -175.29336997325382        240.86768701590216     
 
 
  -4.0696725014503923E-007  -241.23662951454133     
  -8.4171684907320723E-006  -1.3178698835105251E-002
   7.6779095920091631        10.095469097610476     
 
   912164.79395855649        4.9192979443542003E-003
  -665709.06254341127        1191.2294710776200     
 
   1.0962898292079443E-006  -4.5272354606542929E-012
   6.1265280300502488E-004   8.3946629130464672E-004
 
  -581.15658690087753        807.89376729769549     
 
 
  -1.2725643851341922E-005   51.203378827047821     
  -1.0012725643851342E-002   0.0000000000000000     
   14209.106042655902       -426.68421913841678     
 
   1419104.7021628413        3.1980985679838712E-003
  -42614.192610025159        1190.7627895409323     
 
   7.0466958345324235E-007  -1.8925707164668988E-012
   2.5218226181958161E-005   8.3979775664232083E-004
 
  -193.92630963180005        266.23325094496312     
 
 
  -9.5213589668579832E-005   269.14411587121793     
  -1.0095213589668580E-002   0.0000000000000000     
   14448.703314010170       -100.37481141258831     
 
   1431242.9534722220       0.19146705805819450     
  -9942.8120585094584        1190.1761510519186     
 
   6.9869261539073924E-007  -1.1240068912287818E-010
   5.8369253621479329E-006   8.4021082218563986E-004
 
  -513.70988474709850        709.62309531634037     
 
 
  -9.1678177611671449E-005   282.58893080675443     
  -1.0091678177611672E-002   0.0000000000000000     
   14420.897086939460       -239.45794974283319     
 
   1428988.9979777727       0.17183434857390004     
  -23728.258623435435        1190.1039229961502     
 
   6.9979377301139982E-007  -1.0104042579639034E-010
   1.3952468610707943E-005   8.4026073955717907E-004
 
  -237.41308404581488        330.65200354019356     
 
 
  -2.0879155492413773E-005   220.28459713401978     
  -1.0020879155492414E-002   0.0000000000000000     
   14239.122925947730       -235.85560171069483     
 
   1420945.4784357226        4.3145773406239908E-002
  -23536.418117706537        1190.7379037269741     
 
   7.0375634744013545E-007  -2.5500248043516851E-011
   1.3910620964106760E-005   8.3981487167371740E-004
 
  -558.37423664694848        771.12607810307986     
 
 
   4.3191102788811900E-005  -95.406628139818977     
  -9.9568088972111883E-003  0.27102472183126736     
   14052.678829032546       -580.75907024479420     
 
   1411364.2083710150        1.7998658469603662E-002
  -25912.656899415859        1190.8570380500232     
 
   7.0853413780446089E-007  -1.0708811849724231E-011
   1.5417469459234282E-005   8.3973112687286868E-004
 
  -382.87006401010842        528.20002141999112     
 
 
   9.4265610128633007E-005  -72.015425659574888     
  -9.9057343898713672E-003  0.29279585116286455     
   13904.604866260514       -639.14736767823160     
 
   1403693.7442672807        4.2791505217915471E-002
  -29323.739541662206        1190.8440337387656     
 
   7.1240557522859614E-007  -2.5599411867527555E-011
   1.7542511818650215E-005   8.3973989959871013E-004
 
  -383.25112053983520        528.19549343443657     
 
 
   2.6542367204413213E-006   26.623763096113059     
  -1.2960025968083721E-005  -1.8733956590022416E-002
   11.524170343107301        13.998533234642309     
 
   889210.34052546392       -1.0014537608331493E-003
  -641254.88733580441        1190.8436490430065     
 
   1.1245939918666311E-006   9.4574034422593537E-013
   6.0558024903814654E-004   8.3974131051061556E-004
 
  -383.93259765209660        528.18913709469348     
 
 
   1.3986377600951928E-004   37.766992931244090     
  -9.8601362239904809E-003  0.22489237040724674     
   13784.284163745015       -459.23298695187987     
 
   1397980.3130402323       -3.4855390842872994E-002
  -19414.600219840700        1190.8024428084630     
 
   7.1531794630405469E-007   2.0937718717259478E-011
   1.1662397941355650E-005   8.3977020078912078E-004
 
  -383.96777468052039        528.18981532512078     
 
 
   1.0306097089324805E-004   273.96843404327586     
  -9.8969390291067522E-003  0.31077597820001301     
   13874.836544941947       -693.83154266543988     
 
   1401926.6427523836      -0.17388197631953303     
  -32716.394914271579        1190.6949149994214     
 
   7.1330651510140534E-007   1.0416702465508681E-010
   1.9599325863411236E-005   8.3984855849493706E-004
 
  -333.11724990448101        456.93102697673277     
 
 
  -6.9206671312415854E-005   258.07195519798171     
  -1.0069206671312416E-002   0.0000000000000000     
   14371.736198451568       -198.87890953958595     
 
   1427295.7808480817       0.13917558312963846     
  -19751.199476934329        1190.1045263532681     
 
   7.0062449222289982E-007  -8.1933830265161362E-011
   1.1627696389596475E-005   8.4026096831408669E-004
 
  -29.630149597787025        39.429491724215012     
 
 
   1.4143408531772095E-005  -539.67677063815756     
  -9.9858565914682281E-003 -0.81515707141852545     
   4898.3606246809559        1095.2227020220489     
 
   490531.73968195368       -2.3285507939509981E-002
   52918.288274209714        695.31171859119036     
 
   2.0385967029447653E-006   6.8271191816039443E-011
  -1.5515206362387256E-004   1.4381986675437296E-003
 
   48.066573107205251        297.19645765621516     
 
 
  -3.2033170905974157E-005  -510.69074987356481     
  -1.0032033170905974E-002   0.0000000000000000     
   4924.3678277954677        538.74847047646836     
 
   490864.38849471591       -2.7795192834019065E-002
   53702.819886890647        695.55452766771782     
 
   2.0372136409139292E-006   8.1409499530060808E-011
  -1.5729049682986510E-004   1.4376955196214757E-003
 
   48.043208163267131        297.18542500677165     
 
 
   7.0362853543162393E-005   671.88494733344896     
  -9.9296371464568378E-003 -0.37972985634257839     
   4850.4356053449928        492.73219395593924     
 
   488481.43126908428       -2.0435419496019788E-002
   22771.007813599193        702.14217937928765     
 
   2.0471579455459334E-006   5.9581282282206747E-011
  -6.6390897659656019E-005   1.4242110396475269E-003
 
   80.460488080647238        490.04707655726821     
 
 
   7.0199426511402541E-005   676.00987988545205     
  -9.9298005734885977E-003 -0.49967923875931319     
   4837.7334591579338        670.78679379981645     
 
   487195.60331207095       -4.3471910991858140E-002
   32264.023603490794        701.27282972354521     
 
   2.0525552529505534E-006   1.2723792435721894E-010
  -9.4433561834660374E-005   1.4259726776906820E-003
 
   80.336782889309703        490.07649629341296     
 
 
   7.2781681035588228E-005   673.11840691622774     
  -9.9272183189644120E-003 -0.53942851050305762     
   4831.1432512721485        741.21801089559926     
 
   486659.12689183082       -5.2181705477368751E-002
   36613.657099497905        700.27118711412504     
 
   2.0548148355845878E-006   1.5311745582862070E-010
  -1.0743592936202603E-004   1.4280101940664376E-003
 
   80.283198697407556        490.10609134581460     
 
 
   6.8948176585693216E-005   663.16419499965639     
  -9.9310518234143070E-003 -0.55283302408565760     
   4834.0750667384809        770.48515454792187     
 
   486766.36817205651       -4.8769650520276035E-002
   38653.672926676270        699.33145941705232     
 
   2.0543622723815470E-006   1.4326615615091139E-010
  -1.1354937101747585E-004   1.4299291827518136E-003
 
   80.296191517010470        490.13547364272637     
 
 
   5.0856660256195368E-005   645.96393613053829     
  -9.9491433397438048E-003 -0.59681638285576355     
   4848.2686492766234        826.90586045724740     
 
   487307.39148979634       -3.7598116700405589E-002
   41205.430978638753        698.61875989348994     
 
   2.0520834832258750E-006   1.1043859499716853E-010
  -1.2103451722848066E-004   1.4313893452883428E-003
 
   80.371608887136446        490.16425313422332     
 
 
   7.6750291235492749E-005   634.29893456088644     
  -9.9232497087645075E-003 -0.55722550157315709     
   4839.5793739405426        804.45409417386418     
 
   487702.68071847176       -2.8911926421843051E-002
   41854.076236242581        698.32705655681718     
 
   2.0504222890345206E-006   8.4890965912975203E-011
  -1.2289160214539033E-004   1.4319886900811772E-003
 
   80.377802281974866        490.17831089723524     
 
 
   3.5386248352144503E-005   605.75291168021840     
  -9.9646137516478557E-003 -0.67190809024816645     
   4866.8083473265333        932.40235271706297     
 
   488410.17752717139       -1.5514183621703061E-002
   46507.414744026086        697.97333148934365     
 
   2.0474550479723226E-006   4.5509752505365503E-011
  -1.3642618820781184E-004   1.4327164640019383E-003
 
   80.505636525123307        490.20546462059906     
 
 
   3.8886458498898699E-005   588.26511093012789     
  -9.9611135415011015E-003 -0.65843811342654135     
   4869.5834185344329        930.96852069718443     
 
   488859.74076962494       -6.0220399091827394E-003
   47332.981674337469        697.83219806365184     
 
   2.0455747959052873E-006   1.7652571911043233E-011
  -1.3874847649153612E-004   1.4330080601410193E-003
 
   80.515637267411108        490.21851244866031     
 
 
   3.2656349497551390E-005   568.81103935258045     
  -9.9673436505024488E-003 -0.66568493477291213     
   4877.1062706155035        943.76498986583465     
 
   489308.31650726451        3.1981177083425867E-003
   48085.982836358162        697.74070269770698     
 
   2.0437021336110225E-006  -9.3673766756167465E-012
  -1.4084519555687252E-004   1.4331978148518015E-003
 
   80.527185963328378        490.23113226644352     
 
 
   1.6917378729585861E-005   547.38378483382360     
  -9.9830826212704143E-003 -0.70712153188537741     
   4889.1266214145971        980.98242418095288     
 
   489740.34224156407        1.1768624540271382E-002
   48845.758136584380        697.68938260079676     
 
   2.0419017918916001E-006  -3.4442799526776337E-011
  -1.4295507937013211E-004   1.4333050026602385E-003
 
   80.540198255308709        490.24328261627147     
 
 
  -7.8675930359067836E-006   523.98626350274617     
  -1.0007867593035907E-002   0.0000000000000000     
   4905.2855123017453        496.46943210293102     
 
   490142.92672248639        1.9351808152889883E-002
   49607.913722643963        697.67957984879581     
 
   2.0402269477326890E-006  -5.6590563377870144E-011
  -1.4506860358399977E-004   1.4333267537463409E-003
 
   80.554585027237991        490.25492363560522     
 
 
   2.0712331337741086E-005  -28.649581508190678     
  -9.9792876686622591E-003 -0.92557871897007971     
   4903.3424228657195        1290.4891244497558     
 
   491353.09079135809       -1.2335015200304379E-002
   64385.049265131129        700.07248761406174     
 
   2.0351916166553508E-006   3.5859314529748053E-011
  -1.8717477807037394E-004   1.4284202120331707E-003
 
   104.28612976092256        640.56177301119874     
 
 
  -2.3115312645765815E-005   20.149603523254051     
  -1.0023115312645766E-002   0.0000000000000000     
   4920.4846974770899        656.58868048919248     
 
   490913.70736492577       -9.1535553926835166E-003
   65507.445540489869        700.46545193505199     
 
   2.0370143290623153E-006   2.6619333537795699E-011
  -1.9050133715748169E-004   1.4276196684261011E-003
 
   104.25330432695702        640.56122750213922     
 
 
  -1.8012495823882362E-004   68.535336969367961     
  -1.0180124958238824E-002   1.4210854715202004E-014
   5102.2788871418134       -300.01984900014213     
 
   501200.02535062347        3.0459127536554619E-002
  -29471.136182599552        700.74379219916034     
 
   1.9952062919513192E-006  -8.6725338968124904E-011
   8.3912261509931174E-005   1.4270514491001197E-003
 
   24.193838372645434        144.19228313141667     
 
 
  -2.0678293556611674E-004   792.60494240933110     
  -1.0206782935566117E-002   0.0000000000000000     
   5110.8869932222824       -39.643090018584189     
 
   500734.36708574503       0.25666961478887595     
  -3883.9946209137206        694.26634307410666     
 
   1.9970611129042236E-006  -7.3831161725242559E-010
   1.1172332776223936E-005   1.4403652753406041E-003
 
   29.503729157740921        182.46100303134003     
 
 
  -2.7746007429900494E-006  -709.61495634622770     
  -9.1296485617729210E-006  0.10121105752466519     
   2.7559695414549079       -43.882206708451122     
 
   301900.85379908740        2.7581396418015626E-003
   2916718.9474205263        696.67116791728563     
 
   3.3124724152073579E-006  -1.3114166197046222E-011
  -1.3868165500700367E-002   1.4354523287172394E-003
 
   31.161412017385985        182.51938760673480     
 
 
  -1.1019387177131634E-004   44.718163668843950     
  -1.0110193871771317E-002   0.0000000000000000     
   5020.8418001846730       -512.76505109052960     
 
   496611.82207428996        1.7894070813883910E-002
  -50717.627930184353        700.57434994037635     
 
   2.0136399236211260E-006  -5.1432393135727558E-011
   1.4577616271602408E-004   1.4273965233756103E-003
 
   125.23103609552753        757.92911089623078     
 
 
  -8.3029782321419540E-005   790.37971925146724     
  -1.0083029782321420E-002   0.0000000000000000     
   5006.8059579004230        474.96481485741242     
 
   496557.68811462377       0.15439001348755921     
   47105.366651814104        707.05135254041215     
 
   2.0139064173235265E-006  -4.3975170659968443E-010
  -1.3417101862490805E-004   1.4143537256131873E-003
 
   29.331700592546397        181.93691472968058     
 
 
  -2.5020481443811457E-004  -524.51599674201952     
  -1.0250204814438115E-002   0.0000000000000000     
   5180.5974562908368       -144.59261258952029     
 
   505414.04294610879      -0.27014023114689556     
  -14106.314479285633        704.56081540566356     
 
   1.9785969847565966E-006   7.5862670066451325E-010
   3.9614339435940364E-005   1.4193390826752661E-003
 
   29.404173584805577        182.57344935420809     
 
 
  -4.0678545478201392E-005  -796.08376588524425     
  -1.0040678545478202E-002   0.0000000000000000     
   4936.2490486701827        117.42012574001819     
 
   491625.04568908963       -6.0974434023752744E-002
   11694.441287821135        704.46645172204387     
 
   2.0340663070034466E-006   1.7605670437980783E-010
  -3.3766361683568906E-005   1.4195110905150230E-003
 
   60.870275594913892        372.92864892858967     
 
 
  -2.5130199912022297E-004   706.91773563293123     
  -1.0251301999120223E-002   0.0000000000000000     
   5174.7028633753143       -227.57017952237220     
 
   504784.93988562742       0.31931261193572186     
  -22199.148902442244        705.02145953517368     
 
   1.9810022119868224E-006  -8.9721948460548428E-010
   6.2376204986663847E-005   1.4183682907331046E-003
 
   80.556371264658665        487.67581936949819     
 
 
  -1.5505917905144460E-004  -22.766297721528918     
  -1.0155059179051445E-002   3.5527136788005009E-015
   5072.5091579020527        278.73494896863849     
 
   499505.62261281291       -6.4505781227807641E-003
   27447.890165291556        700.42001823298619     
 
   2.0019784536191910E-006   1.8437391963430090E-011
  -7.8453047139982377E-005   1.4277140400059964E-003
 
   49.351325795516161        295.92700040924990     
 
 
  -1.9001413346837227E-004   281.03192223231400     
  -1.0190014133468372E-002   0.0000000000000000     
   5123.2922749746976        256.97955221895972     
 
   502775.77713534376       0.12170697498272474     
   25218.763080507859        702.15961879346423     
 
   1.9889754831902762E-006  -3.4475378944441380E-010
  -7.1436038389254502E-005   1.4241899811647859E-003
 
   136.49386069568581        831.09041222555538     
 
 
  -1.9504792743702849E-004  -110.22955749113324     
  -1.0195047927437029E-002   0.0000000000000000     
   5093.9413854296372        472.00920084147947     
 
   499648.59622883820       -4.1341281254336622E-002
   46297.889347945318        701.03252204535022     
 
   2.0013956672347447E-006   1.1802628063382454E-010
  -1.3217702778288101E-004   1.4264595495722648E-003
 
   137.03299079218613        831.86500041367538     
 
 
  -1.0479578795029483E-004  -297.45837873759547     
  -1.0104795787950295E-002   0.0000000000000000     
   4993.5948935114557        532.48328904827576     
 
   494180.68393486849       -5.5270353184505412E-002
   52696.096014452094        702.20208748679670     
 
   2.0235343862498622E-006   1.5927246899721616E-010
  -1.5185423712995314E-004   1.4240795132661633E-003
 
   99.408097471357152        603.45625684743982     
 
 
   7.4920211735711451E-007   506.72901232833391     
  -9.9992507978826431E-003  -1.2039281525967453     
   4912.0386512353434        1441.9710170772305     
 
   491235.97120425268        3.9017463345169576E-002
   60237.528817746235        697.41774637703998     
 
   2.0356955088085959E-006  -1.1388823314215652E-010
  -1.7582756893272448E-004   1.4338706830168606E-003
 
   99.594554002175755        603.40606366354859     
 
 
  -5.4033741284102016E-005   473.47753773656535     
  -1.0054033741284102E-002   0.0000000000000000     
   4940.5082060128834        615.18966187018304     
 
   491395.62618793052        4.0571257040572586E-002
   61188.342679225054        697.56230928468187     
 
   2.0350348863486596E-006  -1.1836064300155410E-010
  -1.7850794163143591E-004   1.4335740750056366E-003
 
   99.617634902039100        603.41654900190701     
 
 
   4.9703040407723942E-005   574.69906451239217     
  -9.9502969595922763E-003 -0.76280853187438424     
   4870.4678100004585        1087.7956337784490     
 
   489478.94645156316        9.0944696461923956E-003
   55248.265163127748        705.36571946952517     
 
   2.0429917620261692E-006  -2.6340841430657088E-011
  -1.6001876399577981E-004   1.4177063439343911E-003
 
   60.627818943747009        374.73246950173956     
 
 
   5.4535949390872862E-005   593.83672809380846     
  -9.9454640506091273E-003 -0.76401648795138044     
   4862.7505176065888        1090.5555916229423     
 
   488941.60639655771       -8.5293637446967260E-004
   55466.770133259473        705.36805390710595     
 
   2.0452337247270565E-006   2.4731120561089903E-012
  -1.6082739819283854E-004   1.4176993943592431E-003
 
   60.614113745757948        374.74449399180384     
 
 
   6.8984879838912896E-005   611.02260946402941     
  -9.9310151201610873E-003 -0.74330619269471754     
   4850.5777444005771        1073.3336047981138     
 
   488427.99335790769       -1.0820233737539812E-002
   55289.922094655965        705.29286266669237     
 
   2.0473811430769216E-006   3.1409849284683424E-011
  -1.6050005592114797E-004   1.4178482674146382E-003
 
   60.602300634310730        374.75699224538005     
 
 
   4.6229153637614845E-005   640.33227828697056     
  -9.9537708463623854E-003 -0.81489678377101882     
   4846.2466186994470        1134.6311309331231     
 
   486878.97185171751       -4.3069288982874709E-002
   56281.125644261352        704.90117857212590     
 
   2.0538840142890349E-006   1.2549180911841817E-010
  -1.6398738969495611E-004   1.4186285504662465E-003
 
   60.411305576508411        374.78332948891216     
 
 
   9.0619398643793439E-005   651.77898153232798     
  -9.9093806013562068E-003 -0.70007980738694187     
   4822.1869096161372        1025.8584175105498     
 
   486631.92975909944       -4.8701789224053958E-002
   53750.073186162001        704.53179730909017     
 
   2.0549255066593228E-006   1.4204972618510286E-010
  -1.5677418222557850E-004   1.4193715154322661E-003
 
   60.408035828026719        374.79704157995434     
 
 
   3.2232403698385551E-006   670.48746484055573     
  -9.2112539364542885E-005  0.61264550657017480     
   40.707696308241225       -386.28724061444336     
 
   441897.10367759154       -5.6018539673918320E-003
   488611.89586767799        703.98708303773765     
 
   2.2629503412177958E-006   1.8007031169181360E-011
  -1.5706317390166719E-003   1.4204681103456502E-003
 
   60.421967299956201        374.82540624789368     
 
 
   4.8894057786462095E-005   676.57865478782799     
  -9.9511059422135381E-003 -0.63140450793639502     
   4838.4475137680920        880.00772901975415     
 
   486225.71072320722       -5.7087756204675752E-002
   43828.300047039658        702.98464202484604     
 
   2.0566429498753850E-006   1.6701521527464820E-010
  -1.2822351856383980E-004   1.4224957705003308E-003
 
   60.456875791535509        374.83997743179992     
 
 
  -3.6057804668523162E-007   681.50154922189699     
  -7.5100223235497242E-006   4.4770973415211301E-002
   2.3849681457666705       -20.342036234601437     
 
   317559.08752713108       -2.0618133758062481E-003
   1490709.0871131658        704.41387245018154     
 
   3.1489769915846627E-006   9.2170287032706823E-012
  -6.6639922921130799E-003   1.4196004638768358E-003
 
   60.461597744898462        374.85472034883281     
 
 
  -6.9296888417563415E-005   63.347600283243260     
  -1.0069296888417564E-002   7.1054273576010019E-015
   4999.6300624658925        457.85936704091728     
 
   496522.26147158601        8.9345736974218229E-003
   45470.837945754203        700.79766450256432     
 
   2.0140107406008273E-006  -2.5676922599435048E-011
  -1.3067788413917227E-004   1.4269470607625396E-003
 
   48.185914981986528        297.08762845060261     
 
 
  -6.0825544898590253E-005  -720.29936947245687     
  -1.0060825544898590E-002   0.0000000000000000     
   4952.9680829963108        60.000477353969472     
 
   492302.35241557757       -7.4629229893211607E-002
   5963.7727626026053        704.39777858903949     
 
   2.0312694254687174E-006   2.1520805081470704E-010
  -1.7197710784072985E-005   1.4196505823047302E-003
 
   48.257790515400401        297.54359522700565     
 
 
  -8.7642998280531778E-005  -777.65390328250840     
  -1.0087642998280532E-002   0.0000000000000000     
   4983.2693199183232       -278.41282737542133     
 
   493997.39074506657      -0.10542373622941649     
  -27599.393378900106        705.29798420446355     
 
   2.0243190952952221E-006   3.0258314517556780E-010
   7.9214715321340671E-005   1.4178522745094851E-003
 
   110.54192351992070        678.71947755114854     
 
 
   2.1832209916075249E-005  -194.71121214748217     
  -9.9781677900839250E-003 -0.71712083433004636     
   4887.4246110747990        1009.3552911381921     
 
   489812.17204015848       -4.7790653853137365E-003
   50756.328176778021        701.27669997423561     
 
   2.0415974753287817E-006   1.3913092828331754E-011
  -1.4776477168922935E-004   1.4259696548583943E-003
 
   42.958256274700538        264.07388335791029     
 
 
   2.2005587693805367E-006  -223.72000147587573     
  -9.9977994412306197E-003  -1.1167373542834582     
   4895.2637023683201        1293.5757526661946     
 
   489634.60097800830       -4.3319915559044851E-003
   51040.551767838093        701.40266170660334     
 
   2.0423380091694723E-006   1.2613854342237715E-011
  -1.4861942301559484E-004   1.4257136603228547E-003
 
   42.970906270861960        264.06978307037457     
 
 
  -1.2848260387676030E-005  -251.78408730190867     
  -1.0012848260387676E-002   0.0000000000000000     
   4900.7672078529013        513.38913426615181     
 
   489447.86542317522       -3.4075540129580141E-003
   51273.036494241322        701.52250704669393     
 
   2.0431174836011172E-006   9.9241765021892145E-012
  -1.4932783516770316E-004   1.4254702894240501E-003
 
   42.982955028746829        264.06506389974396     
 
 
   4.4214507786905291E-005  -78.574951383977393     
  -9.9557854922130949E-003 -0.70476535223743042     
   4877.0497272221828        1031.9073165225818     
 
   489870.92199949088       -1.2923081693776020E-004
   54047.284269552358        700.69299850014636     
 
   2.0413540276485882E-006   3.7649277103795570E-013
  -1.5745789049310138E-004   1.4271585156296939E-003
 
   43.040207907470702        264.08687283027803     
 
 
   2.1846258776983193E-005  -110.80391654528187     
  -9.9781537412230170E-003 -0.77640229408054040     
   4886.8704881882286        1087.5356700868433     
 
   489757.04752063780       -8.0862739314800170E-004
   54457.870796246774        700.85658815143859     
 
   2.0418284469218854E-006   2.3558006619367301E-012
  -1.5865389814463289E-004   1.4268252430153878E-003
 
   43.054422405301487        264.08522699942489     
 
 
   2.5902585857814908E-006  -142.54157966700203     
  -9.9974097414142187E-003  -1.1573871262839646     
   4895.0244960799291        1359.2787720383931     
 
   489629.40244258719       -1.0900263071399385E-003
   54807.867841101091        701.01182374700693     
 
   2.0423606526817337E-006   3.1757336533798938E-012
  -1.5967980702197588E-004   1.4265092143520056E-003
 
   43.068303872386629        264.08290442370856     
 
 
  -1.3180166784643177E-005  -173.65205649962331     
  -1.0013180166784643E-002   0.0000000000000000     
   4901.3479250980545        551.90059949750503     
 
   489489.63700429839       -9.7740670150505467E-004
   55117.414278456752        701.16622124061360     
 
   2.0429438489366569E-006   2.8478083345432534E-012
  -1.6059213786744303E-004   1.4261951199913926E-003
 
   43.081765581211968        264.07991360169734     
 
 
   8.8181073965444556E-005   440.63270771564049     
  -9.9118189260345557E-003 -0.66476028564505896     
   4834.6462211661128        965.73836716462756     
 
   487766.57178385271       -1.1607985971944854E-002
   50243.458780010224        703.61348537183244     
 
   2.0501575107265613E-006   3.3822830459559600E-011
  -1.4639714349460364E-004   1.4212324257764214E-003
 
   41.771285863125009        263.77142796982679     
 
 
   5.6523813333040837E-005   471.71691552870135     
  -9.9434761866669594E-003 -0.70787548484554463     
   4842.8538104328845        990.19434820902643     
 
   487040.11572089070       -2.5403040079663035E-002
   49504.013010503753        703.44627601175955     
 
   2.0532114238461916E-006   7.4146120138270367E-011
  -1.4449178068816397E-004   1.4215674509488584E-003
 
   41.704977628575861        263.79064689015502     
 
 
   9.4361265403979447E-005   484.54111468994375     
  -9.9056387345960208E-003 -0.63379316406411590     
   4822.3314540646161        921.93444325638848     
 
   486828.83093501773       -3.0089884956881179E-002
   48073.672619044912        703.27992619655572     
 
   2.0541013832937256E-006   8.7884883402465288E-011
  -1.4041094271072835E-004   1.4219029120580984E-003
 
   41.702046108920079        263.80078423867889     
 
 
   8.0784329169067415E-005   505.99035380596916     
  -9.9192156708309328E-003 -0.60401343871575364     
   4825.7453798588085        865.29165802452644     
 
   486507.03113089770       -3.7726485478352487E-002
   44437.774829789538        702.80519992833240     
 
   2.0554586735498086E-006   1.1033673599304344E-010
  -1.2996490310040185E-004   1.4228624048071125E-003
 
   41.710010334446423        263.82199078980398     
 
 
   6.9915472166502332E-005   521.01406167012624     
  -9.9300845278334979E-003 -0.56007491761795336     
   4829.2971354406063        791.36906592438845     
 
   486332.29634943017       -4.2272781481432861E-002
   40090.115310464855        702.17540509309015     
 
   2.0561970587088628E-006   1.2378839861820745E-010
  -1.1739684498597394E-004   1.4241385130489611E-003
 
   41.758098620722507        263.84418024068253     
 
 
   5.8397280140322361E-005   529.61742596072452     
  -9.9416027198596778E-003 -0.52040153875225315     
   4834.3383930158570        722.70856198206434     
 
   486275.85335486330       -4.4106900592641538E-002
   35976.499056480097        701.46699025217856     
 
   2.0564363646018390E-006   1.2930477922557493E-010
  -1.0546951169321921E-004   1.4255772003002340E-003
 
   41.858988750031550        263.86705159562797     
 
 
  -2.4270876513151126E-006   531.76595017865952     
  -9.1330995439519850E-006   4.4319401480834131E-002
   2.7488094484122527       -19.052326329163861     
 
   300963.55118240247       -1.7910070856306495E-003
   1315771.9536136545        701.03389307080283     
 
   3.3226243740159813E-006   8.4886677456987120E-012
  -6.2362405112441682E-003   1.4264486221468040E-003
 
   41.863957547844841        263.87864504585519     
 
 
  -1.0156847854332109E-004  -636.37838789233547     
  -1.0101568478543321E-002   0.0000000000000000     
   5000.4128240036162       -228.72961926865537     
 
   495013.50553876476      -0.12074946127259650     
