  0.29999999999999999        2.2257442835609473        14.775239773229821        1.0000000000000000       0.65827333927154541     
  0.29999999999999999        37.672667979418463        228.17643667863047        1.0000000000000000      -0.23891317844390869     
  0.29999999999999999        7.5846264092153461        43.295707122906684        1.0000000000000000      -0.17320120334625244     
  0.29999999999999999        83.224914674392835        509.34102961872401        1.0000000000000000       -9.4645023345947266E-002
  0.29999999999999999        75.801693069715498        458.24531126504172        1.0000000000000000       -5.5241584777832031E-003
  0.29999999999999999        55.879795203823221        341.64423059800242        1.0000000000000000       0.67164039611816406     
  0.29999999999999999        118.89748845076682        724.90290740631690        1.0000000000000000       0.92961907386779785     
  0.29999999999999999        13.054295822113122        79.580775237394505        1.0000000000000000       0.24429714679718018     
  0.29999999999999999        117.41365608461106        716.75393901846803        1.0000000000000000       0.52773749828338623     
  0.29999999999999999        122.93191358004421        747.72045494016311        1.0000000000000000       0.11928522586822510     
  0.29999999999999999        33.018413732994283        198.59490585661152        1.0000000000000000       0.17005538940429688     
  0.29999999999999999        52.057718280139234        316.13746513134180        1.0000000000000000      -0.84325861930847168     
  0.29999999999999999        74.070425851844860        450.32665453772694        1.0000000000000000       0.87354159355163574     
  0.29999999999999999        62.729959000581189        384.12301514566718        1.0000000000000000      -0.24448168277740479     
  0.29999999999999999        49.199919204964651        302.09933704510229        1.0000000000000000      -0.38916158676147461     
  0.29999999999999999        136.73678281888235        828.55680316930375        1.0000000000000000       0.12075769901275635     
  0.29999999999999999        131.45056936939682        800.16140749261785        1.0000000000000000      -0.61305475234985352     
  0.29999999999999999        131.69776384475901        801.09229675025313        1.0000000000000000      -0.44929909706115723     
  0.29999999999999999        90.913526128297761        550.42465156792036        1.0000000000000000        5.2865862846374512E-002
  0.29999999999999999        118.72014275951311        720.28228359609432        1.0000000000000000       0.62811386585235596     
  0.29999999999999999        69.149019493151940        421.02178246499852        1.0000000000000000      -0.93830394744873047     
  0.29999999999999999        10.820157968675080        67.263738574611210        1.0000000000000000       0.26620292663574219     
  0.29999999999999999        37.090174747773105        226.31381192996494        1.0000000000000000      -0.92689561843872070     
  0.29999999999999999        51.165222787722165        309.74311260090309        1.0000000000000000      -0.31925475597381592     
  0.29999999999999999        126.76588840520829        773.71465770063935        1.0000000000000000      -0.89042866230010986     
  0.29999999999999999        106.05159628495673        647.55530528557529        1.0000000000000000      -0.53225266933441162     
  0.29999999999999999        66.657669690506424        404.07679542861473        1.0000000000000000       0.46367347240447998     
  0.29999999999999999        125.28361461960532        764.89476557998228        1.0000000000000000      -0.25389599800109863     
  0.29999999999999999        10.958190047711152        64.736020512554845        1.0000000000000000       0.97986578941345215     
  0.29999999999999999        100.64346828730616        613.86157804290485        1.0000000000000000      -0.40530884265899658     
  0.29999999999999999        108.67101637177157        664.45118632954575        1.0000000000000000      -0.50795197486877441     
  0.29999999999999999        10.899351800538703        64.792717142450599        1.0000000000000000       0.79524147510528564     
  0.29999999999999999        45.656787009306655        275.63459532499098        1.0000000000000000      -0.55822217464447021     
  0.29999999999999999        57.492009814271782        349.72069046710061        1.0000000000000000      -0.16088950634002686     
  0.29999999999999999        55.042227739242776        334.06606840224936        1.0000000000000000       0.82687449455261230     
  0.29999999999999999        136.22273907990936        827.15723468239310        1.0000000000000000      -0.17313802242279053     
  0.29999999999999999        12.801361618199333        74.668129297067168        1.0000000000000000      -0.98641574382781982     
  0.29999999999999999        99.141198509143067        605.79389005013388        1.0000000000000000       0.49133884906768799     
  0.29999999999999999        71.219738180268806        430.69247813802781        1.0000000000000000       0.23062694072723389     
  0.29999999999999999        29.404816177711808        180.36766883510361        1.0000000000000000       0.69624364376068115     
  0.29999999999999999        51.275905692325075        314.45133793686023        1.0000000000000000      -0.53582727909088135     
  0.29999999999999999        47.544497913384554        286.56889335893652        1.0000000000000000        1.3469457626342773E-002
  0.29999999999999999        120.76922925073340        737.60562105578094        1.0000000000000000        6.6200971603393555E-002
  0.29999999999999999       0.87132532577725230        8.9385766045078725        1.0000000000000000       -8.0188751220703125E-002
  0.29999999999999999        71.153002860730666        436.29350271602772        1.0000000000000000       0.96980226039886475     
  0.29999999999999999        111.54345667284908        681.18811432723953        1.0000000000000000      -0.44065058231353760     
  0.29999999999999999        12.000963373476232        75.853739122688879        1.0000000000000000       0.94514322280883789     
  0.29999999999999999        88.168779036547008        533.28791429682508        1.0000000000000000       0.53142249584197998     
  0.29999999999999999        93.435999489578606        569.91817911363034        1.0000000000000000      -0.68227362632751465     
  0.29999999999999999        3.9100193050407959        25.384978891121357        1.0000000000000000      -0.57652127742767334     
  0.29999999999999999        100.58859317038515        613.92199923726832        1.0000000000000000      -0.52495062351226807     
  0.29999999999999999        42.006007835262956        253.15526830780772        1.0000000000000000      -0.64235913753509521     
  0.29999999999999999        95.986912095063090        583.36260455180707        1.0000000000000000       0.85710489749908447     
  0.29999999999999999        79.134686522828247        481.79985964840574        1.0000000000000000       0.43035817146301270     
  0.29999999999999999        109.96818535377155        670.41075209578139        1.0000000000000000       0.54298102855682373     
  0.29999999999999999        22.194597596332155        136.31830304487238        1.0000000000000000       0.59534347057342529     
  0.29999999999999999       0.63146832698113864        4.1963862597274142        1.0000000000000000      -0.37186694145202637     
  0.29999999999999999        109.88226510154834        665.56153767567491        1.0000000000000000       0.52022683620452881     
  0.29999999999999999        8.6418521518218920        51.428975620616995        1.0000000000000000      -0.10503363609313965     
  0.29999999999999999        122.41809200461664        743.34318349319949        1.0000000000000000      -0.13713431358337402     
  0.29999999999999999        101.41999648037770        620.48758337830543        1.0000000000000000       0.12252211570739746     
  0.29999999999999999        87.086198330670882        527.56159362942219        1.0000000000000000      -0.74441361427307129     
  0.29999999999999999        69.335198109890698        423.23910209084653        1.0000000000000000      -0.79572486877441406     
  0.29999999999999999        104.48190567243552        636.92257401405971        1.0000000000000000       0.69698572158813477     
  0.29999999999999999        28.547853399879973        176.57522596768723        1.0000000000000000      -0.41851389408111572     
  0.29999999999999999        53.533632709679573        324.49520362195727        1.0000000000000000      -0.69244635105133057     
  0.29999999999999999        31.106135187714020        185.92104196171914        1.0000000000000000       0.30864977836608887     
  0.29999999999999999        66.585323363064504        404.14128554330989        1.0000000000000000      -0.94130599498748779     
  0.29999999999999999        71.286887705438374        430.96713485150480        1.0000000000000000      -0.88464200496673584     
  0.29999999999999999        19.813446590056756        121.55285109314315        1.0000000000000000      -0.18998682498931885     
  0.29999999999999999        3.2738682848034744        18.700717650728645        1.0000000000000000       0.14195048809051514     
  0.29999999999999999        13.649243118243580        83.821410241897198        1.0000000000000000       -1.6173243522644043E-002
  0.29999999999999999        55.740237262741978        341.85527863278548        1.0000000000000000      -0.36536288261413574     
  0.29999999999999999        121.97474402803488        741.31511088024581        1.0000000000000000       0.80660772323608398     
  0.29999999999999999        129.92128519999864        789.55207496402500        1.0000000000000000       0.77416229248046875     
  0.29999999999999999        110.90975700889800        671.50932157373518        1.0000000000000000       -3.1113147735595703E-002
  0.29999999999999999        47.895671370385983        291.13594350860660        1.0000000000000000       0.33467161655426025     
  0.29999999999999999        132.51571357985907        806.35066206714441        1.0000000000000000      -0.24258291721343994     
  0.29999999999999999        6.6745614822709305        42.040127087462338        1.0000000000000000      -0.78782641887664795     
  0.29999999999999999        99.768543676988855        607.49451384707027        1.0000000000000000      -0.31897735595703125     
  0.29999999999999999        75.836788233953285        463.05727920978990        1.0000000000000000       0.73571276664733887     
  0.29999999999999999        85.363993104951305        522.08320818940069        1.0000000000000000       0.76971125602722168     
  0.29999999999999999        25.070079701732087        149.93508763889915        1.0000000000000000       -6.3066363334655762E-002
  0.29999999999999999        81.328019406221443        496.64258533279173        1.0000000000000000      -0.18059301376342773     
  0.29999999999999999        8.5192272296244376        49.967987660423141        1.0000000000000000      -0.26025593280792236     
  0.29999999999999999        59.568488841423971        363.30689883310896        1.0000000000000000      -0.40366780757904053     
  0.29999999999999999        13.387932779637334        84.088302963411380        1.0000000000000000       0.17270255088806152     
  0.29999999999999999        133.41672397910457        812.72085866338466        1.0000000000000000       0.90371322631835938     
  0.29999999999999999        67.211610935520156        410.83726919377011        1.0000000000000000      -0.87612235546112061     
  0.29999999999999999        13.224920897696489        81.811864649680189        1.0000000000000000      -0.46724140644073486     
  0.29999999999999999        75.518533253615033        455.95516840911563        1.0000000000000000       0.73335766792297363     
  0.29999999999999999        48.899101424546359        297.46532733639145        1.0000000000000000       0.56301069259643555     
  0.29999999999999999        6.6301648719229940        37.165445569545170        1.0000000000000000       0.96009147167205811     
  0.29999999999999999        89.852680476363631        543.84037525534222        1.0000000000000000       -1.6386151313781738E-002
  0.29999999999999999        97.749226632050735        594.86639237504482        1.0000000000000000       0.96658742427825928     
  0.29999999999999999        84.581719530335619        515.31659247399170        1.0000000000000000      -0.99714279174804688     
  0.29999999999999999        18.340132216905818        110.96175683439947        1.0000000000000000       0.67002773284912109     
  0.29999999999999999        44.865269530818338        272.13553094669396        1.0000000000000000       0.80969583988189697     
  0.29999999999999999        89.807667387053883        544.20498268087556        1.0000000000000000       0.20692908763885498     
  0.29999999999999999        100.44187650729300        614.18748559150356        1.0000000000000000       0.12063336372375488     
  0.29999999999999999        97.388458504863280        595.40840950736060        1.0000000000000000        4.3012142181396484E-002
  0.29999999999999999        27.515675808115684        165.08208287448696        1.0000000000000000      -0.41093647480010986     
  0.29999999999999999        16.033623945953636        97.387766340701006        1.0000000000000000      -0.72908401489257812     
  0.29999999999999999        117.53271397373349        711.65404977090429        1.0000000000000000      -0.96101474761962891     
  0.29999999999999999        27.979975218636980        169.55134073512258        1.0000000000000000      -0.53962719440460205     
  0.29999999999999999        69.960548320231922        422.49335129803211        1.0000000000000000       0.19342088699340820     
  0.29999999999999999        19.458961637858501        119.48188583427735        1.0000000000000000       0.53108167648315430     
  0.29999999999999999        45.397348191355583        276.44233081502892        1.0000000000000000      -0.46956622600555420     
  0.29999999999999999        76.078087715584232        460.42173785107781        1.0000000000000000      -0.53550088405609131     
  0.29999999999999999        3.1123081178604148        18.836422986305621        1.0000000000000000       0.53403568267822266     
  0.29999999999999999        119.48584912977148        729.67027512969651        1.0000000000000000       0.40061068534851074     
  0.29999999999999999        64.980959334815225        392.95296892729726        1.0000000000000000       0.16186594963073730     
  0.29999999999999999        74.730644130049455        456.93747758263345        1.0000000000000000      -0.90185713768005371     
  0.29999999999999999        62.662744153719515        383.61490180150122        1.0000000000000000      -0.15482652187347412     
  0.29999999999999999        98.981974060560972        598.43544002464319        1.0000000000000000       -4.0806770324707031E-002
  0.29999999999999999        48.607890977727436        292.88616379325725        1.0000000000000000       -7.8774571418762207E-002
  0.29999999999999999        71.500106803083526        433.28792042439443        1.0000000000000000       0.64444136619567871     
  0.29999999999999999        127.58733836052457        774.70163915138914        1.0000000000000000      -0.11018896102905273     
  0.29999999999999999        117.80221143871975        713.88589411736700        1.0000000000000000       0.35974860191345215     
  0.29999999999999999        86.905457384032630        524.96638449698946        1.0000000000000000       0.99287426471710205     
  0.29999999999999999        18.718442843656302        110.45113673771294        1.0000000000000000      -0.95498025417327881     
  0.29999999999999999        136.43222921680882        832.24553989488186        1.0000000000000000       0.55551624298095703     
  0.29999999999999999        19.557213609976170        121.83307066587231        1.0000000000000000       0.99464392662048340     
  0.29999999999999999        135.77185044396029        825.14121841294866        1.0000000000000000        9.4101786613464355E-002
  0.29999999999999999        134.52755680158148        817.90651392660993        1.0000000000000000      -0.34021830558776855     
  0.29999999999999999        95.636356141884889        582.25318445103164        1.0000000000000000      -0.90808451175689697     
  0.29999999999999999        76.401441874887411        467.35642839657993        1.0000000000000000       -8.4816336631774902E-002
  0.29999999999999999        48.922530205855182        299.87783868901522        1.0000000000000000      -0.99490082263946533     
  0.29999999999999999        67.854157039869662        412.64181394440033        1.0000000000000000       -8.1962227821350098E-002
  0.29999999999999999        67.671564271157067        412.80254591954798        1.0000000000000000      -0.46086823940277100     
  0.29999999999999999        127.18964027536225        775.04865381138939        1.0000000000000000      -0.43598091602325439     
  0.29999999999999999        69.830538494292369        426.14362322581565        1.0000000000000000       0.50433337688446045     
  0.29999999999999999        52.548095258390774        318.10656025930859        1.0000000000000000      -0.26461327075958252     
  0.29999999999999999        87.462960264452931        529.60104283102817        1.0000000000000000      -0.43007421493530273     
  0.29999999999999999        113.00193280707259        684.10023315242950        1.0000000000000000      -0.49317324161529541     
  0.29999999999999999        24.562498605281913        146.16237309239261        1.0000000000000000        3.7778019905090332E-002
  0.29999999999999999      -0.32054151326820984       0.31432168093736740        1.0000000000000000      -0.37754428386688232     
  0.29999999999999999        49.799705416640869        301.44247305055745        1.0000000000000000       0.69011235237121582     
  0.29999999999999999        29.606868829999563        177.76813443122137        1.0000000000000000       0.49530208110809326     
  0.29999999999999999        9.1283732606241621        56.681536825869017        1.0000000000000000      -0.98631131649017334     
  0.29999999999999999        31.646107089238864        189.76729626292601        1.0000000000000000       0.50546586513519287     
  0.29999999999999999        72.083150412116510        440.02345348018952        1.0000000000000000       0.37194430828094482     
  0.29999999999999999        57.497182136091325        352.12445710012298        1.0000000000000000      -0.94162690639495850     
  0.29999999999999999        52.215337395437928        318.39645442680813        1.0000000000000000       0.25271368026733398     
  0.29999999999999999        57.087747103451420        347.69445317631767        1.0000000000000000       -4.8476815223693848E-002
  0.29999999999999999        101.15899354207545        615.77556296340072        1.0000000000000000       0.32110190391540527     
  0.29999999999999999        80.580510152432481        492.58068913362433        1.0000000000000000      -0.70608878135681152     
  0.29999999999999999        57.010932672787362        350.37574173561359        1.0000000000000000      -0.86171686649322510     
  0.29999999999999999        71.907450670684582        437.75873105276588        1.0000000000000000       0.34365153312683105     
  0.29999999999999999        55.972023976877935        341.55246812723789        1.0000000000000000      -0.53259491920471191     
  0.29999999999999999        50.994468352630577        312.29572693995743        1.0000000000000000       0.12189757823944092     
  0.29999999999999999        107.99747276606014        657.68374609098748        1.0000000000000000      -0.46200728416442871     
  0.29999999999999999        28.537543108768347        176.44611228382399        1.0000000000000000       0.11538469791412354     
  0.29999999999999999        68.963773108794598        421.19701299117997        1.0000000000000000        2.5862812995910645E-002
  0.29999999999999999        122.14943870214455        741.14863006693884        1.0000000000000000       0.49489629268646240     
  0.29999999999999999        125.55226704018008        764.56874974285688        1.0000000000000000       0.43223488330841064     
  0.29999999999999999        4.7405305795167987        29.454712776450179        1.0000000000000000      -0.49568569660186768     
  0.29999999999999999        133.51403152145582        810.22694447776746        1.0000000000000000      -0.63848447799682617     
  0.29999999999999999        74.548018762375364        454.68102053039769        1.0000000000000000       0.92052865028381348     
  0.29999999999999999        91.927682594843105        561.77178068685805        1.0000000000000000       0.39727711677551270     
  0.29999999999999999        80.041650587479452        483.20125195161842        1.0000000000000000       0.11020469665527344     
  0.29999999999999999        124.74792775252087        755.30565201939510        1.0000000000000000      -0.92805993556976318     
  0.29999999999999999        131.32002572273748        795.15140456868983        1.0000000000000000      -0.89415836334228516     
  0.29999999999999999        135.33568735281798        823.10270640752719        1.0000000000000000       0.31573867797851562     
  0.29999999999999999        11.103047098690238        69.903759486936636        1.0000000000000000      -0.40162920951843262     
  0.29999999999999999        133.43287312758170        812.70645319825871        1.0000000000000000       0.69863891601562500     
  0.29999999999999999        21.310516573476221        127.39926485730426        1.0000000000000000       0.61288249492645264     
  0.29999999999999999        33.086295593626737        200.97253637603171        1.0000000000000000       0.17505490779876709     
  0.29999999999999999        2.7945365364688932        14.070985452476279        1.0000000000000000      -0.51448750495910645     
  0.29999999999999999        47.757714237398552        291.24967581968036        1.0000000000000000        6.1580300331115723E-002
  0.29999999999999999        7.4119080773211001        48.726220446157811        1.0000000000000000       0.17244493961334229     
  0.29999999999999999        93.775602632156733        571.99689968903385        1.0000000000000000       -2.5610923767089844E-003
  0.29999999999999999        20.109361895486941        123.68381313163401        1.0000000000000000       0.42747342586517334     
  0.29999999999999999        22.743286120891170        138.25772185985718        1.0000000000000000       0.55299437046051025     
  0.29999999999999999        25.756944718771692        159.53496438580953        1.0000000000000000       0.49072289466857910     
  0.29999999999999999        82.132871606390268        498.28514188765632        1.0000000000000000       0.41795182228088379     
  0.29999999999999999        85.745363022045282        524.03431308028928        1.0000000000000000      -0.92243814468383789     
  0.29999999999999999        43.324238351179957        266.64146841058903        1.0000000000000000       0.28292179107666016     
  0.29999999999999999        20.609274285970745        124.70389907404245        1.0000000000000000       0.85482978820800781     
  0.29999999999999999        79.605541694218658        482.82514403851019        1.0000000000000000       0.84243631362915039     
  0.29999999999999999        101.88747320129453        617.48140035727386        1.0000000000000000       0.29054522514343262     
  0.29999999999999999        91.432915831059077        554.86936557192234        1.0000000000000000       0.53683149814605713     
  0.29999999999999999        75.958097535695117        465.46963122218818        1.0000000000000000      -0.77528369426727295     
  0.29999999999999999        82.276861175560114        503.48504363692285        1.0000000000000000       0.22696518898010254     
  0.29999999999999999        60.478218319358291        366.36479016734813        1.0000000000000000      -0.78495883941650391     
  0.29999999999999999        107.79974007562130        653.01082992918941        1.0000000000000000       0.35947656631469727     
  0.29999999999999999        118.82243603290638        720.16457363205893        1.0000000000000000       0.57879018783569336     
  0.29999999999999999        102.89413050441981        626.23486119854351        1.0000000000000000       -5.2519798278808594E-002
  0.29999999999999999        32.795183081156367        198.83299155068329        1.0000000000000000      -0.51577305793762207     
  0.29999999999999999        56.096158217755530        341.44041238790146        1.0000000000000000       0.87603926658630371     
  0.29999999999999999        31.643933694858280        192.69771990068656        1.0000000000000000      -0.67569530010223389     
  0.29999999999999999        28.167276113516643        174.40495256971380        1.0000000000000000        6.2458038330078125E-002
  0.29999999999999999        56.133568885799235        341.40777354013210        1.0000000000000000      -0.68308687210083008     
  0.29999999999999999        115.25546612646832        704.15327830340425        1.0000000000000000      -0.83115577697753906     
  0.29999999999999999        67.112232296670953        407.38407437817608        1.0000000000000000      -0.23701918125152588     
  0.29999999999999999        94.772910135098215        573.26346898972986        1.0000000000000000      -0.11793303489685059     
  0.29999999999999999        100.41585562516451        611.67795407180654        1.0000000000000000        9.5662951469421387E-002
  0.29999999999999999        83.856236723129200        508.72043665342471        1.0000000000000000      -0.62682378292083740     
  0.29999999999999999        25.707437125277892        156.07375275358535        1.0000000000000000      -0.92428326606750488     
  0.29999999999999999        137.33171111120586        833.37251241611011        1.0000000000000000       0.52835416793823242     
  0.29999999999999999        132.52290205423117        803.43794781772397        1.0000000000000000      -0.54074299335479736     
  0.29999999999999999        35.427258957344733        215.80437623324315        1.0000000000000000       0.83685541152954102     
  0.29999999999999999        109.11994662890410        663.90736498118372        1.0000000000000000      -0.69845068454742432     
  0.29999999999999999        17.477949735826947        106.94874517569008        1.0000000000000000        7.9972863197326660E-002
  0.29999999999999999        113.04384062249798        684.16691525524425        1.0000000000000000       0.52208149433135986     
  0.29999999999999999        15.765225457858683        93.991285618475061        1.0000000000000000       0.87799692153930664     
  0.29999999999999999        46.861657513498393        287.22632765365591        1.0000000000000000      -0.12690937519073486     
  0.29999999999999999        65.610223637307911        400.14834969329945        1.0000000000000000       -7.7423810958862305E-002
  0.29999999999999999        64.097912031312887        389.45204542281198        1.0000000000000000       0.30081701278686523     
  0.29999999999999999        6.7882194559451214        44.402205852643000        1.0000000000000000      -0.30269503593444824     
  0.29999999999999999        125.35875219996426        762.36364971336695        1.0000000000000000      -0.54554688930511475     
  0.29999999999999999        91.722164177957765        557.03217352143804        1.0000000000000000      -0.55865252017974854     
  0.29999999999999999        39.301442477757142        241.05971106473555        1.0000000000000000       0.13211858272552490     
  0.29999999999999999        69.966746580891922        425.05749728266238        1.0000000000000000       0.78954970836639404     
  0.29999999999999999        50.268919145507084        308.19906338149030        1.0000000000000000       0.83760094642639160     
  0.29999999999999999        80.499376009436588        487.82037832043557        1.0000000000000000      -0.80321431159973145     
  0.29999999999999999        15.845661444189091        96.345227359523975        1.0000000000000000       0.72121632099151611     
  0.29999999999999999        20.915356028881305        130.26070759205271        1.0000000000000000       0.62395644187927246     
  0.29999999999999999        132.59553804976031        803.51624645726338        1.0000000000000000       0.23407924175262451     
  0.29999999999999999        64.930550713387021        393.51287513780795        1.0000000000000000      -0.99576210975646973     
  0.29999999999999999        70.122528634257122        430.09261056156231        1.0000000000000000       0.90411853790283203     
  0.29999999999999999        36.826132682704419        221.76551710877879        1.0000000000000000      -0.96124780178070068     
  0.29999999999999999        15.999675147728981        98.621506586080912        1.0000000000000000       0.80523240566253662     
  0.29999999999999999        120.04005557248294        731.01343620528326        1.0000000000000000       0.66937339305877686     
  0.29999999999999999        132.43648986430028        808.93874878822112        1.0000000000000000       0.96232581138610840     
  0.29999999999999999        13.959472339135573        88.615421972745295        1.0000000000000000       -8.8287472724914551E-002
  0.29999999999999999        76.121397756385406        460.35198983817975        1.0000000000000000      -0.15863656997680664     
  0.29999999999999999        84.342281802498789        515.56968884470893        1.0000000000000000       -8.5119843482971191E-002
  0.29999999999999999        75.197079730855947        453.85302624092617        1.0000000000000000      -0.67570638656616211     
  0.29999999999999999        97.974074826099482        594.67913646656109        1.0000000000000000       0.92844128608703613     
  0.29999999999999999        126.05221009879766        764.06841830205394        1.0000000000000000       0.30628120899200439     
  0.29999999999999999        42.831773600503773        257.15485605771795        1.0000000000000000      -0.88081920146942139     
  0.29999999999999999        33.034147406710957        200.11513981111625        1.0000000000000000      -0.92275166511535645     
  0.29999999999999999        119.13790159615073        727.09690787995112        1.0000000000000000       0.54824650287628174     
  0.29999999999999999        77.095745068714379        469.11132155159021        1.0000000000000000       0.20518505573272705     
  0.29999999999999999        61.265261857762418        375.44615309732990        1.0000000000000000      -0.24382960796356201     
  0.29999999999999999        22.388004653616594        133.70643265883936        1.0000000000000000      -0.45356571674346924     
  0.29999999999999999        1.3568331601007206        8.3310380974299960        1.0000000000000000      -0.86573779582977295     
  0.29999999999999999        113.18165534185623        689.13589345852881        1.0000000000000000       0.61632466316223145     
  0.29999999999999999        42.767779238990251        257.26917291662676        1.0000000000000000       0.26960086822509766     
  0.29999999999999999        8.9868538258268256        51.839605572684341        1.0000000000000000      -0.88465225696563721     
  0.29999999999999999        60.855790950042703        368.44367793679805        1.0000000000000000       0.87248146533966064     
  0.29999999999999999        12.482088238599683        75.334381661250006        1.0000000000000000       0.76098608970642090     
  0.29999999999999999        57.506634357959356        347.26986592119118        1.0000000000000000        8.3916902542114258E-002
  0.29999999999999999        75.976392251110653        460.53935424484416        1.0000000000000000       0.13688433170318604     
  0.29999999999999999        50.700267422484110        310.16653894831006        1.0000000000000000       0.74709475040435791     
  0.29999999999999999        117.12693188499972        712.09779962788139        1.0000000000000000      -0.71113526821136475     
  0.29999999999999999        111.99060393120511        678.22516696953983        1.0000000000000000      -0.60159194469451904     
  0.29999999999999999        23.425006070700071        145.20567401907485        1.0000000000000000      -0.59670078754425049     
  0.29999999999999999        11.239642424983325        66.893555036238993        1.0000000000000000       0.95028173923492432     
  0.29999999999999999        20.141923736217322        123.65436614359245        1.0000000000000000      -0.33896422386169434     
  0.29999999999999999        101.65438730363103        620.11638222249644        1.0000000000000000       0.21876060962677002     
  0.29999999999999999        19.363099477007125        114.63030566287928        1.0000000000000000      -0.73526406288146973     
  0.29999999999999999        5.9748804983266428        32.813951788201173        1.0000000000000000      -0.10835945606231689     
  0.29999999999999999        30.585628976675718        189.05700355788051        1.0000000000000000        8.6520314216613770E-002
  0.29999999999999999        27.607602299111655        167.46101982606282        1.0000000000000000       0.35562932491302490     
  0.29999999999999999        122.84315501780468        745.37980652952660        1.0000000000000000       0.33783864974975586     
  0.29999999999999999        42.332908729698808        260.31895035019841        1.0000000000000000       0.91714048385620117     
  0.29999999999999999        132.48089136927825        803.99026118989809        1.0000000000000000       0.60973548889160156     
  0.29999999999999999        135.64778899804085        827.92149455010815        1.0000000000000000      -0.21990776062011719     
  0.29999999999999999        135.44965108878802        825.41822823805694        1.0000000000000000      -0.34823036193847656     
  0.29999999999999999        83.354245151413210        504.18912485177606        1.0000000000000000      -0.16212272644042969     
  0.29999999999999999        134.16794166943956        814.46270075319740        1.0000000000000000       0.84198677539825439     
  0.29999999999999999        103.29486964605178        625.83246465577088        1.0000000000000000        4.1694641113281250E-003
  0.29999999999999999        52.939427728704594        323.48632990627539        1.0000000000000000       0.14295101165771484     
  0.29999999999999999        111.71970723109087        675.96827184713993        1.0000000000000000       -1.2928724288940430E-002
  0.29999999999999999        43.382416664304472        266.36146966322468        1.0000000000000000       0.30569791793823242     
  0.29999999999999999        3.8626736380817350        22.073538787940489        1.0000000000000000       0.31750285625457764     
  0.29999999999999999        54.883337561648780        332.95831573664697        1.0000000000000000       0.32329750061035156     
  0.29999999999999999        132.44098904862378        808.92501167510250        1.0000000000000000       -9.0112924575805664E-002
  0.29999999999999999        67.585666707074068        407.64151483158429        1.0000000000000000      -0.90881001949310303     
  0.29999999999999999        85.542992634171512        519.32108499035155        1.0000000000000000       0.68465363979339600     
  0.29999999999999999        31.000761677560298        186.10339133795026        1.0000000000000000       0.20311748981475830     
  0.29999999999999999        15.371032775367437        91.927507034237749        1.0000000000000000      -0.37624156475067139     
  0.29999999999999999        49.968370230438424        303.67484668167907        1.0000000000000000      -0.56707787513732910     
  0.29999999999999999        30.792663979458130        183.78089902319581        1.0000000000000000       0.90676379203796387     
  0.29999999999999999        13.224920897696489        81.811864649680189        1.0000000000000000      -0.79048609733581543     
  0.29999999999999999        106.13441174870654        645.05115515038619        1.0000000000000000      -0.65344035625457764     
  0.29999999999999999        4.4650555599103159        29.958329836982934        1.0000000000000000       0.35596621036529541     
  0.29999999999999999        1.5372703809339638        10.566234086689702        1.0000000000000000      -0.91059565544128418     
  0.29999999999999999        27.433263831109802        170.27426535395941        1.0000000000000000      -0.39993607997894287     
  0.29999999999999999        76.621303013708243        469.72616222665772        1.0000000000000000      -0.87613928318023682     
  0.29999999999999999        30.997136157831676        188.51697631729533        1.0000000000000000      -0.82955884933471680     
  0.29999999999999999        73.665795950365961        450.88026729820132        1.0000000000000000       0.87572252750396729     
  0.29999999999999999        13.608766702935638        81.469929353018642        1.0000000000000000      -0.81680893898010254     
  0.29999999999999999        82.229152400178123        503.44394210487275        1.0000000000000000       0.87370085716247559     
  0.29999999999999999        12.041300866181089        70.943478550850983        1.0000000000000000      -0.81539678573608398     
  0.29999999999999999        90.874145775016032        555.40859056299587        1.0000000000000000      -0.47601354122161865     
  0.29999999999999999        105.16071222151429        636.20894809348647        1.0000000000000000       -7.7210068702697754E-002
  0.29999999999999999        11.831447632156571        68.383963264520062        1.0000000000000000       0.47921860218048096     
  0.29999999999999999        121.22180516383273        737.15293294234073        1.0000000000000000      -0.50311207771301270     
  0.29999999999999999        127.40514656598735        772.38126688719058        1.0000000000000000      -0.56498467922210693     
  0.29999999999999999        62.573591346733359        383.91226164815271        1.0000000000000000       0.55662536621093750     
  0.29999999999999999        129.19612198802389        787.78754439534816        1.0000000000000000       0.18427860736846924     
  0.29999999999999999        127.25335897056328        774.99159697968730        1.0000000000000000       0.81531810760498047     
  0.29999999999999999        115.33152663523610        702.61636162523405        1.0000000000000000      -0.91934740543365479     
  0.29999999999999999        26.596931616849975        163.52868643107905        1.0000000000000000       0.84435093402862549     
  0.29999999999999999        135.40237490706079        825.47082630718114        1.0000000000000000      -0.15625643730163574     
  0.29999999999999999        128.98478788686893        782.42748015322627        1.0000000000000000       0.43172717094421387     
  0.29999999999999999        82.852543062007854        507.56909071632890        1.0000000000000000       -1.4618635177612305E-003
  0.29999999999999999        33.579240652267274        204.23562161261796        1.0000000000000000      -0.67641675472259521     
  0.29999999999999999        89.520926644993892        541.75305971557600        1.0000000000000000      -0.64502489566802979     
  0.29999999999999999        111.85800838838919        680.78387839051754        1.0000000000000000      -0.57850849628448486     
  0.29999999999999999        135.63882030965459        822.27784164204968        1.0000000000000000        3.1454563140869141E-002
  0.29999999999999999       -6.5513359885995409E-002   2.5161653243325315        1.0000000000000000       -1.9687891006469727E-002
  0.29999999999999999        78.078274573862416        478.14970679013175        1.0000000000000000      -0.59579288959503174     
  0.29999999999999999        86.317491057144650        525.85360686414106        1.0000000000000000       0.92488348484039307     
  0.29999999999999999        80.531279741023837        492.75403534800972        1.0000000000000000       0.54159176349639893     
  0.29999999999999999        100.14731792815465        609.53837830427540        1.0000000000000000      -0.28187119960784912     
  0.29999999999999999        47.204688695456667        285.97006788109030        1.0000000000000000       0.84562838077545166     
  0.29999999999999999        101.87105329918786        618.97904652998739        1.0000000000000000      -0.60333096981048584     
  0.29999999999999999        38.555948059054820        232.10505443888306        1.0000000000000000       0.29583871364593506     
  0.29999999999999999        24.513900915536233        151.08379324322672        1.0000000000000000       0.49386310577392578     
  0.29999999999999999        77.464834696050616        468.71783370986407        1.0000000000000000       0.10634708404541016     
  0.29999999999999999        2.0083532183281450        10.125779558649384        1.0000000000000000      -0.92340290546417236     
  0.29999999999999999        106.76805812142112        649.24676377541425        1.0000000000000000      -0.62443375587463379     
  0.29999999999999999        130.96331476937837        798.22113693119411        1.0000000000000000       0.14652109146118164     
  0.29999999999999999        73.666955962137521        450.82671864995518        1.0000000000000000      -0.97710704803466797     
  0.29999999999999999        69.948924905653243        425.07318372790149        1.0000000000000000       0.50120627880096436     
  0.29999999999999999        42.556557898492095        257.50000391571132        1.0000000000000000      -0.95865523815155029     
  0.29999999999999999        97.858104381327550        592.27827371778028        1.0000000000000000       0.42832374572753906     
  0.29999999999999999        74.090600006415329        447.87603374799676        1.0000000000000000       0.27326035499572754     
  0.29999999999999999        109.95873418788440        668.01168928048946        1.0000000000000000      -0.22519433498382568     
  0.29999999999999999        97.883291023897129        592.10101753612912        1.0000000000000000       0.80629062652587891     
  0.29999999999999999        39.489218450651030        241.82185014947737        1.0000000000000000       0.58340132236480713     
  0.29999999999999999        45.342520327753995        278.96219390883829        1.0000000000000000       0.87761330604553223     
  0.29999999999999999        61.501747215661418        375.07579217124879        1.0000000000000000      -0.18009424209594727     
  0.29999999999999999        40.669671958332593        244.57200870331297        1.0000000000000000       0.50895690917968750     
  0.29999999999999999        29.175906260144409        175.74785463410001        1.0000000000000000       0.58579182624816895     
  0.29999999999999999        90.329023240390498        550.99362510796072        1.0000000000000000      -0.98589622974395752     
  0.29999999999999999        20.277889286773679        123.53693178855410        1.0000000000000000       0.13755047321319580     
  0.29999999999999999        55.307998667112351        334.17837727865719        1.0000000000000000      -0.77296543121337891     
  0.29999999999999999        35.199645052406318        211.09878777359830        1.0000000000000000      -0.89382135868072510     
  0.29999999999999999        97.618469391304060        594.97841837353405        1.0000000000000000       0.65714204311370850     
  0.29999999999999999        49.052873523671565        299.72314299651902        1.0000000000000000       0.81353425979614258     
  0.29999999999999999        93.712521250810113        569.66641671484774        1.0000000000000000       0.24766504764556885     
  0.29999999999999999        8.2976312857501213        50.179650202082755        1.0000000000000000      -0.11475121974945068     
  0.29999999999999999        65.436933911034060        395.17743041529951        1.0000000000000000       0.90634429454803467     
  0.29999999999999999        132.99034102837217        808.31590126681294        1.0000000000000000      -0.41461074352264404     
  0.29999999999999999        40.354375121001915        244.95773155683000        1.0000000000000000        5.8138847351074219E-002
  0.29999999999999999        36.997107079495933        221.34394673822680        1.0000000000000000      -0.99622440338134766     
  0.29999999999999999        121.40207499490045        736.99144398558997        1.0000000000000000       0.67895507812500000     
  0.29999999999999999        29.312658180157918        175.59358102957583        1.0000000000000000       0.99645566940307617     
  0.29999999999999999        105.76388764356064        642.99321728333371        1.0000000000000000       0.94653618335723877     
  0.29999999999999999        43.532520039848393        261.16009156500127        1.0000000000000000      -0.39605069160461426     
  0.29999999999999999        53.248255655452198        325.55066791722930        1.0000000000000000       -9.2745304107666016E-002
  0.29999999999999999        38.133004585055076        234.98065981418529        1.0000000000000000      -0.68589198589324951     
  0.29999999999999999        92.232071743649186        558.33839188297964        1.0000000000000000       0.14207518100738525     
  0.29999999999999999        84.267413671995683        510.75971346617462        1.0000000000000000       0.99482989311218262     
  0.29999999999999999        6.4308520744944939        37.490700261375643        1.0000000000000000       -1.3486266136169434E-002
  0.29999999999999999        129.06154056007628        783.05083650703477        1.0000000000000000      -0.99754905700683594     
  0.29999999999999999        102.78788700553839        626.32540248868554        1.0000000000000000       0.47464513778686523     
  0.29999999999999999       0.74636768494657924        1.5853076739390290        1.0000000000000000      -0.17421698570251465     
  0.29999999999999999        32.062419813637291        194.70687173325931        1.0000000000000000       0.55243420600891113     
  0.29999999999999999        20.785204734889692        125.49466511107167        1.0000000000000000       0.38757276535034180     
  0.29999999999999999        120.15547950746203        733.32432943229287        1.0000000000000000      -0.94255113601684570     
  0.29999999999999999        49.365753893997429        301.83522936169379        1.0000000000000000       0.27124524116516113     
  0.29999999999999999        34.005118545279174        204.96453380594110        1.0000000000000000      -0.50198149681091309     
  0.29999999999999999        50.318585198414112        308.72408186341806        1.0000000000000000        5.1076889038085938E-002
  0.29999999999999999        52.089390158148682        316.11012114044911        1.0000000000000000      -0.15481317043304443     
  0.29999999999999999        91.126376092754441        552.71671605610356        1.0000000000000000       0.12311768531799316     
  0.29999999999999999        49.197364405561487        302.11255899016606        1.0000000000000000       0.30910146236419678     
  0.29999999999999999        63.622051892749809        389.92675627948347        1.0000000000000000       0.98592400550842285     
  0.29999999999999999        38.406155643428811        237.28687805220414        1.0000000000000000      -0.95616269111633301     
  0.29999999999999999        100.05645616644621        607.23952938554260        1.0000000000000000       0.70396792888641357     
  0.29999999999999999        91.956381257526431        558.20965471858642        1.0000000000000000      -0.44722259044647217     
  0.29999999999999999        134.58944395987712        821.73400232624283        1.0000000000000000       0.68922317028045654     
  0.29999999999999999        49.395848669899323        301.80530587795653        1.0000000000000000       0.49604547023773193     
  0.29999999999999999        70.557917361855630        426.87966399273665        1.0000000000000000       0.44762349128723145     
  0.29999999999999999        51.142793872512129        314.73406655873862        1.0000000000000000       0.86718487739562988     
  0.29999999999999999        90.235551426830071        546.12039330195535        1.0000000000000000       0.56253898143768311     
  0.29999999999999999        122.65354745639222        742.92564846560060        1.0000000000000000        6.9268941879272461E-002
  0.29999999999999999        14.032874436274490        83.469340670271777        1.0000000000000000       0.64288210868835449     
  0.29999999999999999        111.77915033917598        677.65938271940468        1.0000000000000000       0.43169164657592773     
  0.29999999999999999        28.187486207521214        169.34525496177861        1.0000000000000000       0.72257792949676514     
  0.29999999999999999        83.894345467063744        513.69599751124940        1.0000000000000000        4.1220426559448242E-002
  0.29999999999999999        26.813298729853436        165.77167701980437        1.0000000000000000      -0.12477207183837891     
  0.29999999999999999        13.841888038142324        83.655508073367827        1.0000000000000000      -0.47820949554443359     
  0.29999999999999999        108.81528577482153        664.18942515845595        1.0000000000000000       0.27126300334930420     
  0.29999999999999999        85.096976215224416        519.72920694368031        1.0000000000000000      -0.72307550907135010     
  0.29999999999999999        130.60384181525470        790.91442797629907        1.0000000000000000       -3.4317016601562500E-002
  0.29999999999999999        98.214360013673300        599.30554888619304        1.0000000000000000       0.32489705085754395     
  0.29999999999999999        32.979228227732769        198.64943714787989        1.0000000000000000       -3.0036807060241699E-002
  0.29999999999999999        96.665666813984430        591.08405415866207        1.0000000000000000       0.64218556880950928     
  0.29999999999999999        7.4681797833955397        46.105621209451911        1.0000000000000000      -0.20520806312561035     
  0.29999999999999999        18.156593897339441        111.12254972471281        1.0000000000000000      -0.36998116970062256     
  0.29999999999999999        5.6638684907947168        30.848828223242371        1.0000000000000000      -0.35388123989105225     
  0.29999999999999999        22.073754238360802        131.52212760829224        1.0000000000000000       0.25850200653076172     
  0.29999999999999999        95.998759952303431        586.78617901047119        1.0000000000000000       0.49093532562255859     
  0.29999999999999999        73.109797189661052        443.96279154413190        1.0000000000000000       0.26873648166656494     
  0.29999999999999999        83.894595037751273        508.68077054184499        1.0000000000000000      -0.12137293815612793     
  0.29999999999999999        118.22870419702113        715.85555671618363        1.0000000000000000        3.0492782592773438E-002
  0.29999999999999999        99.456838253450869        605.38557875194613        1.0000000000000000      -0.31879484653472900     
  0.29999999999999999        67.646554148386869        407.75717382357914        1.0000000000000000      -0.84728896617889404     
  0.29999999999999999        7.6586162484228142        45.942123063172190        1.0000000000000000       0.69802081584930420     
  0.29999999999999999        39.828188907414770        245.52511314257234        1.0000000000000000       0.88702881336212158     
  0.29999999999999999        53.880008350556778        326.60831833160609        1.0000000000000000      -0.21483671665191650     
  0.29999999999999999        40.606385437332392        244.69826100242724        1.0000000000000000      -0.41286385059356689     
  0.29999999999999999        84.547502589671325        512.94229531207861        1.0000000000000000       0.80147373676300049     
  0.29999999999999999        30.772266963687699        188.72330643340436        1.0000000000000000      -0.32568573951721191     
  0.29999999999999999        4.9309735761583733        26.819276230400156        1.0000000000000000        5.1501631736755371E-002
  0.29999999999999999        70.495653169521887        426.96239010467747        1.0000000000000000       0.58501482009887695     
  0.29999999999999999        7.1107592897971772        44.033023886593021        1.0000000000000000       0.12887966632843018     
  0.29999999999999999        65.054843462547623        393.35217538732138        1.0000000000000000       0.61399912834167480     
  0.29999999999999999        87.866260074231405        537.01384445603071        1.0000000000000000       0.76620018482208252     
  0.29999999999999999        20.734041135251466        127.94291124993977        1.0000000000000000        4.6868562698364258E-002
  0.29999999999999999        5.6125492808565252        31.001262174142269        1.0000000000000000       0.27200317382812500     
  0.29999999999999999        128.67583037126889        783.38870632569899        1.0000000000000000      -0.37316751480102539     
  0.29999999999999999        38.504087445349015        237.00761693841514        1.0000000000000000       0.81094098091125488     
  0.29999999999999999        83.904910330864155        513.62178155919435        1.0000000000000000       0.18049144744873047     
  0.29999999999999999        5.1836213908542943        28.481232060722903        1.0000000000000000      -0.43835663795471191     
  0.29999999999999999        12.676004874507242        75.145425957051302        1.0000000000000000      -0.86511719226837158     
  0.29999999999999999        65.052746738432845        398.25530408456592        1.0000000000000000      -0.87809395790100098     
  0.29999999999999999        60.177802998204648        366.61847139490095        1.0000000000000000       0.85913181304931641     
  0.29999999999999999        110.00779952567329        670.37227354180141        1.0000000000000000       -3.7937641143798828E-002
  0.29999999999999999        96.336169057394812        584.02018434670458        1.0000000000000000       0.46469712257385254     
  0.29999999999999999        72.329522771335093        442.25954328775174        1.0000000000000000       0.32084929943084717     
  0.29999999999999999        127.72223314544223        774.21332691080556        1.0000000000000000      -0.56701242923736572     
  0.29999999999999999        57.640285694230137        351.97721744007958        1.0000000000000000      -0.98983025550842285     
  0.29999999999999999        67.135270961520320        411.13463477684974        1.0000000000000000      -0.75497305393218994     
  0.29999999999999999        35.011431504697718        213.75251682612173        1.0000000000000000       0.79037404060363770     
  0.29999999999999999        67.834312164480593        415.11215934153643        1.0000000000000000      -0.38406205177307129     
  0.29999999999999999        91.956381257526431        558.20965471858642        1.0000000000000000       0.63668680191040039     
  0.29999999999999999        135.46306930161290        826.03793462805265        1.0000000000000000        6.5926551818847656E-002
  0.29999999999999999        48.997333512459775        299.78056851190956        1.0000000000000000        6.0379028320312500E-002
  0.29999999999999999        121.56023475498893        736.74905449107644        1.0000000000000000       0.13278543949127197     
  0.29999999999999999        41.650418218788225        256.00360298543933        1.0000000000000000      -0.39568805694580078     
  0.29999999999999999        93.086821065179123        566.47647568763921        1.0000000000000000        5.7084202766418457E-002
  0.29999999999999999        88.572313019899724        540.54512267547443        1.0000000000000000       0.12691330909729004     
  0.29999999999999999        96.032327509168809        581.51092987378684        1.0000000000000000       0.92514955997467041     
  0.29999999999999999        77.580760162223612        470.34954368831285        1.0000000000000000       0.14870584011077881     
  0.29999999999999999       0.42722836956955140        4.3850576943221844        1.0000000000000000       0.14928007125854492     
  0.29999999999999999        6.7379252702344505        44.580605409426632        1.0000000000000000      -0.92229282855987549     
  0.29999999999999999        55.878086694770950        336.79672958361851        1.0000000000000000      -0.82223773002624512     
  0.29999999999999999        56.855890577463299        345.52274065763663        1.0000000000000000       0.46527075767517090     
  0.29999999999999999        73.741234823431398        448.21969279257246        1.0000000000000000       0.44277191162109375     
  0.29999999999999999        114.61087872564570        694.99181776416560        1.0000000000000000      -0.47404098510742188     
  0.29999999999999999        97.146684999748899        592.99442500572411        1.0000000000000000      -0.77444744110107422     
  0.29999999999999999        119.57778492407515        729.05147615613225        1.0000000000000000       0.40845263004302979     
  0.29999999999999999        62.256779840769013        381.83312328168802        1.0000000000000000      -0.65146303176879883     
  0.29999999999999999        88.230167606517455        535.22393978289620        1.0000000000000000      -0.19284772872924805     
  0.29999999999999999        112.39919189509398        680.16830634029282        1.0000000000000000       0.79757726192474365     
  0.29999999999999999        7.7650607308565522        50.799204434626922        1.0000000000000000      -0.95837235450744629     
  0.29999999999999999        27.497367918594438        164.70739163870221        1.0000000000000000       0.94061899185180664     
  0.29999999999999999        96.734215676510246        591.39517063888900        1.0000000000000000      -0.53283441066741943     
  0.29999999999999999        68.528169862700750        419.23821759418217        1.0000000000000000       0.44650125503540039     
  0.29999999999999999        121.02034628096892        734.92950692408294        1.0000000000000000       0.31885588169097900     
  0.29999999999999999        54.850605384360449        332.98636227373333        1.0000000000000000      -0.65210878849029541     
  0.29999999999999999        20.009917775480321        118.75707869485153        1.0000000000000000        2.7418136596679688E-002
  0.29999999999999999        85.004524329632758        519.92552631977060        1.0000000000000000       0.37317657470703125     
  0.29999999999999999        22.474951463285215        133.50255613267851        1.0000000000000000       0.71255922317504883     
  0.29999999999999999       0.60307472023427744        6.6724692157672054        1.0000000000000000      -0.66778171062469482     
  0.29999999999999999        95.754912523186974        579.57002931191471        1.0000000000000000      -0.61537396907806396     
  0.29999999999999999        16.581521618868493        98.073642474169915        1.0000000000000000      -0.60161375999450684     
  0.29999999999999999        67.885184132463252        413.55841079490034        1.0000000000000000      -0.79965627193450928     
  0.29999999999999999        76.281080080430627        467.61083088182062        1.0000000000000000       0.41033148765563965     
  0.29999999999999999        28.590839021625367        171.39051226350134        1.0000000000000000       0.31016993522644043     
  0.29999999999999999        75.342689757400649        455.71673920874736        1.0000000000000000        5.3271412849426270E-002
  0.29999999999999999        61.344435895624116        371.80722931153423        1.0000000000000000      -0.62960290908813477     
  0.29999999999999999        120.82452031932574        735.10021347056545        1.0000000000000000       0.23366892337799072     
  0.29999999999999999        31.451558144654673        192.87452934664765        1.0000000000000000      -0.89622557163238525     
  0.29999999999999999        42.669373398205693        262.43344484351604        1.0000000000000000       0.21117293834686279     
  0.29999999999999999        30.729691677822295        188.76824328138733        1.0000000000000000       0.66543996334075928     
  0.29999999999999999        96.885319083404823        590.78867988545051        1.0000000000000000      -0.54839956760406494     
  0.29999999999999999        16.775403332177707        100.36212106747728        1.0000000000000000      -0.66913807392120361     
  0.29999999999999999        67.754828551276901        410.33283739513456        1.0000000000000000       0.53609478473663330     
  0.29999999999999999        88.510944782172970        535.77811159101293        1.0000000000000000       0.47542703151702881     
  0.29999999999999999        34.381500468570231        212.20618097277494        1.0000000000000000      -0.58864772319793701     
  0.29999999999999999        123.99655167526394        751.58718526021960        1.0000000000000000       0.72930335998535156     
  0.29999999999999999        5.2074240854755462        33.852657890436632        1.0000000000000000      -0.62036621570587158     
  0.29999999999999999        104.62718551343504        634.37918368217777        1.0000000000000000       0.51758992671966553     
  0.29999999999999999        19.164074058110369        117.36235987573319        1.0000000000000000      -0.74674141407012939     
  0.29999999999999999        8.8683741749204490        52.073567653921238        1.0000000000000000       0.36641156673431396     
  0.29999999999999999        59.374372286926658        362.48889567920901        1.0000000000000000      -0.76658546924591064     
  0.29999999999999999        85.007218593991169        519.91118195820320        1.0000000000000000      -0.36723375320434570     
  0.29999999999999999        21.516336697803283        132.07715056267151        1.0000000000000000       0.82917952537536621     
  0.29999999999999999        4.1273394876186540        27.692143546318924        1.0000000000000000       0.29163670539855957     
  0.29999999999999999        66.412829614897277        401.85943628184754        1.0000000000000000      -0.67896425724029541     
  0.29999999999999999        17.953787911619909        108.92042304669360        1.0000000000000000       0.17848217487335205     
  0.29999999999999999        77.352990483962671        468.87935404985166        1.0000000000000000       0.75537645816802979     
  0.29999999999999999        43.629671191810850        263.71046814555643        1.0000000000000000       0.17995250225067139     
  0.29999999999999999        116.16258083738160        708.10793463426523        1.0000000000000000        7.0930242538452148E-002
  0.29999999999999999        25.887503468129854        154.44976001058137        1.0000000000000000       -8.2909941673278809E-002
  0.29999999999999999        90.651807565054952        553.13008172546142        1.0000000000000000      -0.18932461738586426     
  0.29999999999999999        52.574644842004567        317.54238039667638        1.0000000000000000       0.89906966686248779     
  0.29999999999999999        42.520232644243642        259.92583643055798        1.0000000000000000      -0.85842096805572510     
  0.29999999999999999        59.149573369554822        362.78031006000163        1.0000000000000000      -0.97361445426940918     
  0.29999999999999999        83.127240677710247        506.95376796768460        1.0000000000000000       0.42269158363342285     
  0.29999999999999999        69.188929239496005        418.58304317052489        1.0000000000000000       0.35582125186920166     
  0.29999999999999999        125.73296414751151        761.96537152023018        1.0000000000000000      -0.42500770092010498     
  0.29999999999999999        105.91986723683006        642.85512717446920        1.0000000000000000        5.7927370071411133E-003
  0.29999999999999999        101.61110731697649        615.08851285266121        1.0000000000000000       0.49750137329101562     
  0.29999999999999999        90.115355401847879        548.76666291210927        1.0000000000000000      -0.49437880516052246     
  0.29999999999999999        27.696084880097587        169.78822355838730        1.0000000000000000       0.61055588722229004     
  0.29999999999999999        63.751034254090229        384.72948660237580        1.0000000000000000      -0.35730826854705811     
  0.29999999999999999        6.8298078978169006        44.331911880336449        1.0000000000000000       0.90391194820404053     
  0.29999999999999999        61.071037989758473        368.15729216446658        1.0000000000000000       0.48008668422698975     
  0.29999999999999999        85.390817665778314        519.44721172885704        1.0000000000000000      -0.24163484573364258     
  0.29999999999999999        96.302842415407298        584.06036405297050        1.0000000000000000      -0.31393742561340332     
  0.29999999999999999        77.542786522633406        471.12835270872449        1.0000000000000000       0.24595499038696289     
  0.29999999999999999        7.8634797067542168        45.731138164280843        1.0000000000000000       0.27058434486389160     
  0.29999999999999999        56.403175197598593        346.01217075663311        1.0000000000000000      -0.53532814979553223     
  0.29999999999999999        32.923909631080683        203.61746788169268        1.0000000000000000       0.75304913520812988     
  0.29999999999999999        2.9626158866199206        18.958899691151551        1.0000000000000000       -2.9596805572509766E-002
  0.29999999999999999        27.452827195730613        167.58780347927663        1.0000000000000000      -0.55321681499481201     
  0.29999999999999999        83.800748207062682        511.17390946166455        1.0000000000000000       0.96257460117340088     
  0.29999999999999999        21.024368388011091        125.07579039083045        1.0000000000000000       0.68500220775604248     
  0.29999999999999999        82.179381849346953        498.23884067056139        1.0000000000000000      -0.93379819393157959     
  0.29999999999999999        56.784835725002473        346.55661863264646        1.0000000000000000       0.87293636798858643     
  0.29999999999999999        60.045200300205899        364.33137235419434        1.0000000000000000       -3.8615107536315918E-002
  0.29999999999999999        115.36210631449238        701.56677891773018        1.0000000000000000        2.3261666297912598E-002
  0.29999999999999999        129.59542264135570        790.40620933930484        1.0000000000000000       0.16651582717895508     
  0.29999999999999999        48.198408044831417        295.79111334600611        1.0000000000000000       0.79697656631469727     
  0.29999999999999999        130.06240131056003        790.63001583212770        1.0000000000000000       -7.6189041137695312E-002
  0.29999999999999999        52.350477081991791        315.62276610386976        1.0000000000000000       0.28678524494171143     
  0.29999999999999999        45.366484470121172        275.48500264428912        1.0000000000000000      -0.62727355957031250     
  0.29999999999999999        121.07584564797574        734.87424489771661        1.0000000000000000      -0.40257596969604492     
  0.29999999999999999        109.40599316939080        668.62102210015871        1.0000000000000000       0.70804941654205322     
  0.29999999999999999        129.65891528861889        789.77435522532483        1.0000000000000000       0.10035002231597900     
  0.29999999999999999       0.29586029149742815        4.5462220475853261        1.0000000000000000       0.55293810367584229     
  0.29999999999999999        73.326980384351003        448.80454816203485        1.0000000000000000       0.80070888996124268     
  0.29999999999999999        30.445025501498293        185.31091567785521        1.0000000000000000      -0.36929142475128174     
  0.29999999999999999        124.57461656299482        755.17955978705425        1.0000000000000000      -0.32884144783020020     
  0.29999999999999999        39.182690980431957        238.75703613795179        1.0000000000000000      -0.74757766723632812     
  0.29999999999999999        53.561215527534252        324.46984522041794        1.0000000000000000       0.87256050109863281     
  0.29999999999999999        19.231174856807723        119.73537502141468        1.0000000000000000       0.70483446121215820     
  0.29999999999999999        116.64948658745794        707.68181454286923        1.0000000000000000        7.0010304450988770E-002
  0.29999999999999999        14.099232123380817        83.373723508311812        1.0000000000000000      -0.21697270870208740     
  0.29999999999999999        134.48009587485055        819.01131792659112        1.0000000000000000      -0.96262788772583008     
  0.29999999999999999        106.35051091979807        647.23827906653582        1.0000000000000000       0.71391463279724121     
  0.29999999999999999        61.381092704301899        372.79170130022266        1.0000000000000000       0.57054460048675537     
  0.29999999999999999        127.83279807939054        779.99411027541532        1.0000000000000000       0.43176448345184326     
  0.29999999999999999        65.864737878423739        399.93922778359592        1.0000000000000000       0.50958740711212158     
  0.29999999999999999        19.367947850115467        117.18347358793250        1.0000000000000000      -0.60903429985046387     
  0.29999999999999999        41.723505749728616        255.85409271562688        1.0000000000000000       -5.6191921234130859E-002
  0.29999999999999999        8.2167807061306828        47.808682787687758        1.0000000000000000      -0.36229825019836426     
  0.29999999999999999        109.04324379599950        661.55847351929094        1.0000000000000000       0.83217096328735352     
  0.29999999999999999        44.984720131452747        274.41295840807112        1.0000000000000000       0.17112004756927490     
  0.29999999999999999        112.56201754004407        682.53584442932481        1.0000000000000000       -2.1521925926208496E-002
  0.29999999999999999        42.391759215519251        255.21367750691903        1.0000000000000000       0.64222085475921631     
  0.29999999999999999        20.307816157714370        121.05717624112583        1.0000000000000000       0.58212029933929443     
  0.29999999999999999        125.51787504622810        764.60080012940330        1.0000000000000000      -0.50487935543060303     
  0.29999999999999999        123.93146222782745        754.07116529753864        1.0000000000000000      -0.72976541519165039     
  0.29999999999999999        45.295222947567019        276.53039859755944        1.0000000000000000      -0.37475824356079102     
  0.29999999999999999        84.250572017626567        513.19140583471824        1.0000000000000000       0.81171619892120361     
  0.29999999999999999        15.156019734317454        94.553285316390671        1.0000000000000000       0.41591465473175049     
  0.29999999999999999        42.240866558387538        254.60697200980459        1.0000000000000000      -0.41768920421600342     
  0.29999999999999999        12.719370660072208        80.393906636701047        1.0000000000000000       0.60281670093536377     
  0.29999999999999999        91.806420880937182        559.36016587426650        1.0000000000000000       0.76333975791931152     
  0.29999999999999999        43.692549577815598        268.48095988193552        1.0000000000000000       0.92485809326171875     
  0.29999999999999999        85.772801927929905        523.98014161276444        1.0000000000000000       0.30894672870635986     
  0.29999999999999999        125.57158582956690        767.13142195016371        1.0000000000000000      -0.93153870105743408     
  0.29999999999999999        97.640712620101851        592.55420786820889        1.0000000000000000      -0.65691268444061279     
  0.29999999999999999        90.162342244633962        548.72750993180148        1.0000000000000000      -0.19688677787780762     
  0.29999999999999999        94.735634939453277        573.43629608361107        1.0000000000000000      -0.32324659824371338     
  0.29999999999999999        12.082154382936851        73.310017223433562        1.0000000000000000       0.92915797233581543     
  0.29999999999999999        27.062764632832682        168.10818633009862        1.0000000000000000       0.15033268928527832     
  0.29999999999999999        122.63861938494668        743.04245135905387        1.0000000000000000      -0.61211478710174561     
  0.29999999999999999        24.166110131389882        144.17775609357867        1.0000000000000000       0.19122648239135742     
  0.29999999999999999        24.055314909547590        147.53150601494039        1.0000000000000000      -0.21976399421691895     
  0.29999999999999999        48.710210852037577        292.61019775924848        1.0000000000000000       -3.1159281730651855E-002
  0.29999999999999999        49.006847811666923        300.31598302447446        1.0000000000000000      -0.18947052955627441     
  0.29999999999999999        5.7735684590132141        38.312906566033398        1.0000000000000000      -0.37449216842651367     
  0.29999999999999999        135.61840935721219        825.26637582783871        1.0000000000000000      -0.33255457878112793     
  0.29999999999999999        117.35089318060554        711.89776558802964        1.0000000000000000       0.87938141822814941     
  0.29999999999999999        52.559142672515677        320.50449641189186        1.0000000000000000      -0.43354249000549316     
  0.29999999999999999        54.184863313502390        331.73360960811004        1.0000000000000000      -0.89693737030029297     
  0.29999999999999999        80.673871793374104        487.60409922761215        1.0000000000000000       0.83083987236022949     
  0.29999999999999999        40.926455430239358        251.82702417721936        1.0000000000000000        7.7191710472106934E-002
  0.29999999999999999        115.35845306805118        698.87323188960283        1.0000000000000000      -0.78564798831939697     
  0.29999999999999999        34.300047016080619        207.13471187609545        1.0000000000000000       0.93133819103240967     
  0.29999999999999999        23.474118852890406        144.85659628973721        1.0000000000000000       0.47781038284301758     
  0.29999999999999999        120.48489339711558        730.58786952703861        1.0000000000000000       0.96164762973785400     
  0.29999999999999999        130.63528675113793        796.12255040430750        1.0000000000000000      -0.29745328426361084     
  0.29999999999999999        9.9578364629979799        58.365477646430982        1.0000000000000000       -9.7122788429260254E-002
  0.29999999999999999        84.520286188931337        512.96769073064308        1.0000000000000000      -0.34869158267974854     
  0.29999999999999999        126.98799652844778        772.82938071391288        1.0000000000000000      -0.25610232353210449     
  0.29999999999999999        14.892295274626207        89.938977681053842        1.0000000000000000      -0.27409529685974121     
  0.29999999999999999        111.96070729755989        678.26812556610537        1.0000000000000000       0.26466071605682373     
  0.29999999999999999        109.71855402528904        668.20751234392696        1.0000000000000000      -0.35502910614013672     
  0.29999999999999999        58.618131013437548        355.92176019212343        1.0000000000000000      -0.39090538024902344     
  0.29999999999999999        120.23308281941841        733.23647754255524        1.0000000000000000       0.34470081329345703     
  0.29999999999999999        103.25932267220928        630.80507014839191        1.0000000000000000       0.88057839870452881     
  0.29999999999999999        114.89438052616322        698.54068060969462        1.0000000000000000        7.2795391082763672E-002
  0.29999999999999999        125.48770211463919        762.24958992228892        1.0000000000000000       0.28285324573516846     
  0.29999999999999999        94.182700198480489        571.62641033918419        1.0000000000000000       0.55751276016235352     
  0.29999999999999999        35.615091519005858        215.64787763597005        1.0000000000000000       0.50463819503784180     
  0.29999999999999999        18.194313536193039        113.57990692092915        1.0000000000000000       0.11712121963500977     
  0.29999999999999999        72.831587510873490        442.94767682997571        1.0000000000000000      -0.38394784927368164     
  0.29999999999999999        137.12625965029048        834.54595026886329        1.0000000000000000       0.14852750301361084     
  0.29999999999999999        87.996282749147923        533.91017412491408        1.0000000000000000      -0.61862194538116455     
  0.29999999999999999        48.574462142691402        292.92929427121368        1.0000000000000000       0.11928617954254150     
  0.29999999999999999        19.650200304969832        116.56815213618989        1.0000000000000000      -0.30014801025390625     
  0.29999999999999999        117.14324355784036        714.51360094728625        1.0000000000000000       0.43051099777221680     
  0.29999999999999999        6.5544326346853952        36.915924881119551        1.0000000000000000      -0.78577411174774170     
  0.29999999999999999        25.981638580692969        156.89761903288891        1.0000000000000000       0.70892560482025146     
  0.29999999999999999        79.630840287325228        486.20318815567060        1.0000000000000000      -0.75320112705230713     
  0.29999999999999999        133.72851042147528        812.45310065885951        1.0000000000000000       0.59474313259124756     
  0.29999999999999999        32.487585729090988        199.10140858154409        1.0000000000000000      -0.22774052619934082     
  0.29999999999999999        8.8539044563197091        57.087265790270223        1.0000000000000000       0.81496644020080566     
  0.29999999999999999        12.838997398084775        74.799577553468922        1.0000000000000000       0.63990509510040283     
  0.29999999999999999        39.857340021627330        242.97183254597053        1.0000000000000000       0.48879563808441162     
  0.29999999999999999        16.383953629046236        98.295064082476486        1.0000000000000000       0.35564279556274414     
  0.29999999999999999        94.907907915201818        580.61742328524736        1.0000000000000000       0.33653497695922852     
  0.29999999999999999        107.62591081503487        658.16088318150435        1.0000000000000000       0.48488628864288330     
  0.29999999999999999        51.764427655445964        313.99676551708973        1.0000000000000000       0.78365051746368408     
  0.29999999999999999        49.302767141543718        297.06846708549637        1.0000000000000000      -0.15146338939666748     
  0.29999999999999999        124.94542135584545        763.03907840497459        1.0000000000000000       0.74241125583648682     
  0.29999999999999999        19.046835330739221        117.47306649959212        1.0000000000000000       0.91544806957244873     
  0.29999999999999999        67.731770953175484        409.59121824822302        1.0000000000000000       0.16351342201232910     
  0.29999999999999999        4.1579742175578325        27.938921818967017        1.0000000000000000      -0.79944539070129395     
  0.29999999999999999        37.702348860605447        230.52791942096312        1.0000000000000000       0.33840119838714600     
  0.29999999999999999        56.834376198696333        347.94263078442640        1.0000000000000000      -0.94447398185729980     
  0.29999999999999999        127.51846965333792        777.16473309855303        1.0000000000000000      -0.85328531265258789     
  0.29999999999999999        24.873710878368374        148.28844413169432        1.0000000000000000       0.75497591495513916     
  0.29999999999999999        24.955629768867897        153.05347235762505        1.0000000000000000      -0.63542020320892334     
  0.29999999999999999        47.846749220533177        293.70031370189253        1.0000000000000000       -6.4081072807312012E-002
  0.29999999999999999        135.34959109229393        820.62373197590830        1.0000000000000000       0.44377994537353516     
  0.29999999999999999        24.706058546593713        153.50412621215580        1.0000000000000000       0.78847372531890869     
  0.29999999999999999        16.527014928719233        103.07151012323573        1.0000000000000000       0.60585319995880127     
  0.29999999999999999        45.078600339896454        276.74935314696097        1.0000000000000000      -0.15511012077331543     
  0.29999999999999999        120.51856441294306        730.53290418020799        1.0000000000000000       0.78850376605987549     
  0.29999999999999999        49.900474490857697        301.33647344500179        1.0000000000000000      -0.86526679992675781     
  0.29999999999999999        93.795971389156790        566.90080370443138        1.0000000000000000      -0.21075689792633057     
  0.29999999999999999        52.506796856740046        321.36472920405242        1.0000000000000000       0.80074238777160645     
  0.29999999999999999        22.727713960059791        138.27037362099895        1.0000000000000000      -0.63843786716461182     
  0.29999999999999999        105.28199234432579        638.62631042610553        1.0000000000000000       0.61043012142181396     
  0.29999999999999999        137.08654296930482        831.17319956151277        1.0000000000000000      -0.12125062942504883     
  0.29999999999999999        130.32598937517548        791.60246360033148        1.0000000000000000      -0.41901385784149170     
  0.29999999999999999        121.59170591475475        741.65200884914407        1.0000000000000000       -2.3291230201721191E-002
  0.29999999999999999        40.586598696020062        244.26945831122842        1.0000000000000000       0.85250413417816162     
  0.29999999999999999        135.27631739083836        825.72170790005043        1.0000000000000000      -0.31119525432586670     
  0.29999999999999999        79.205584318755740        484.21906225599616        1.0000000000000000      -0.89998853206634521     
  0.29999999999999999        13.692872154996422        86.228415023951996        1.0000000000000000      -0.44656753540039062     
  0.29999999999999999        64.875375935667790        393.56602133855228        1.0000000000000000       0.42772567272186279     
  0.29999999999999999       0.21486370195130103        4.7386732398246050        1.0000000000000000       0.12558579444885254     
  0.29999999999999999        119.50453598452202        724.30684849797785        1.0000000000000000       0.81497871875762939     
  0.29999999999999999        87.419290724892193        534.78919441122957        1.0000000000000000       0.16980993747711182     
  0.29999999999999999        67.907435131684281        409.70471803387755        1.0000000000000000       -5.4749131202697754E-002
  0.29999999999999999        28.540001528412173        176.54649418882590        1.0000000000000000      -0.71797394752502441     
  0.29999999999999999        94.228516976920560        570.88159932658164        1.0000000000000000       0.34695422649383545     
  0.29999999999999999        109.71855402528904        668.20751234392696        1.0000000000000000       0.10376656055450439     
  0.29999999999999999        121.80584191530859        741.45308679220614        1.0000000000000000      -0.73595476150512695     
  0.29999999999999999        38.820490734685968        239.13342119382813        1.0000000000000000      -0.21641135215759277     
  0.29999999999999999        117.06811814360988        714.84254031585942        1.0000000000000000       -9.3648672103881836E-002
  0.29999999999999999        8.8702961309345643        57.013316059372357        1.0000000000000000       0.38836610317230225     
  0.29999999999999999        123.93473480757977        751.65863360267065        1.0000000000000000       -9.5867633819580078E-002
  0.29999999999999999        56.166512184672669        343.78133446543171        1.0000000000000000       0.92778193950653076     
  0.29999999999999999        69.932117864811175        427.48458675685492        1.0000000000000000       0.78658390045166016     
  0.29999999999999999        65.383840414187887        397.93564704168347        1.0000000000000000       0.41992390155792236     
  0.29999999999999999        104.07350209447911        629.90348007269824        1.0000000000000000      -0.23492658138275146     
  0.29999999999999999        132.82933087013109        808.45560287479725        1.0000000000000000      -0.65532958507537842     
  0.29999999999999999        85.122781988513466        517.27189925032360        1.0000000000000000       0.28348207473754883     
  0.29999999999999999        76.983475144685016        471.75629007141220        1.0000000000000000      -0.89131987094879150     
  0.29999999999999999        85.779448310418303        521.52164326364812        1.0000000000000000       0.27277946472167969     
  0.29999999999999999        28.771386779224233        173.69175961231062        1.0000000000000000       0.26383066177368164     
  0.29999999999999999        1.5769375979422533        13.069414995962360        1.0000000000000000       0.39422917366027832     
  0.29999999999999999        116.50807284919733        710.22395363820249        1.0000000000000000      -0.88875687122344971     
  0.29999999999999999        125.35875219996426        762.36364971336695        1.0000000000000000      -0.26439511775970459     
  0.29999999999999999        16.636661243585962        97.763362796316386        1.0000000000000000      -0.42035984992980957     
  0.29999999999999999        48.348879108935641        290.51989240288020        1.0000000000000000      -0.50261914730072021     
  0.29999999999999999        68.126866782605333        417.35792119068975        1.0000000000000000       0.23335826396942139     
  0.29999999999999999        63.455541933108037        385.24946995891992        1.0000000000000000      -0.42198109626770020     
  0.29999999999999999        106.86100006084840        649.16473806120837        1.0000000000000000        6.8185687065124512E-002
  0.29999999999999999        13.660006667187792        82.785661240207034        1.0000000000000000      -0.88983297348022461     
  0.29999999999999999        137.49520230676058        833.15664767525845        1.0000000000000000        7.3372006416320801E-002
  0.29999999999999999        58.394792558726664        358.77275835706592        1.0000000000000000        3.0398249626159668E-002
  0.29999999999999999        46.710833739763551        284.91740912910558        1.0000000000000000      -0.13866686820983887     
  0.29999999999999999        26.012586261835693        159.25391635304038        1.0000000000000000      -0.31288826465606689     
  0.29999999999999999        111.11094751921298        676.64386098566990        1.0000000000000000       0.47861778736114502     
  0.29999999999999999        70.871801479526383        433.88096003399710        1.0000000000000000       0.25830030441284180     
  0.29999999999999999        15.790241366249917        97.289187532022140        1.0000000000000000       0.24528694152832031     
  0.29999999999999999        134.23052840362888        815.84108922187750        1.0000000000000000      -0.52961909770965576     
  0.29999999999999999        20.586012625780224        122.79772782342508        1.0000000000000000       0.78267669677734375     
  0.29999999999999999        5.8339314698872453        34.596387609736709        1.0000000000000000        2.2169709205627441E-002
  0.29999999999999999        41.358423598236506        248.48711039860021        1.0000000000000000      -0.31009089946746826     
  0.29999999999999999        73.122988088635196        446.36145803983607        1.0000000000000000       0.90913164615631104     
  0.29999999999999999        132.56344211028215        803.88844002054873        1.0000000000000000      -0.82180225849151611     
  0.29999999999999999        86.068006163212374        526.20682104042646        1.0000000000000000       0.91673338413238525     
  0.29999999999999999        48.767843643117061        295.18663457175035        1.0000000000000000      -0.17276537418365479     
  0.29999999999999999        105.17675317486584        636.13589537089922        1.0000000000000000      -0.35502588748931885     
  0.29999999999999999        130.99801455902553        793.27248006614627        1.0000000000000000       0.73025810718536377     
  0.29999999999999999        19.343146466687298        114.72317133118652        1.0000000000000000      -0.87411344051361084     
  0.29999999999999999        95.346562913095383        580.11782870849254        1.0000000000000000      -0.39720666408538818     
  0.29999999999999999        71.413751193526778        435.77518701476242        1.0000000000000000      -0.85825097560882568     
  0.29999999999999999        17.947216443005093        106.50440765770806        1.0000000000000000       0.39958786964416504     
  0.29999999999999999        25.745929579902469        154.71264078554631        1.0000000000000000      -0.49153435230255127     
  0.29999999999999999        54.495265295733702        328.41167820923408        1.0000000000000000       0.76189160346984863     
  0.29999999999999999        24.666365418623286        150.93045222143022        1.0000000000000000       0.82997286319732666     
  0.29999999999999999        38.946549495817742        234.04229999915762        1.0000000000000000      -0.80061161518096924     
  0.29999999999999999        55.332346096520638        334.95899086203440        1.0000000000000000       -4.5742630958557129E-002
  0.29999999999999999        122.67774239758569        745.53289397179299        1.0000000000000000      -0.44144344329833984     
  0.29999999999999999       0.82868990408584409        4.0221225690140336        1.0000000000000000       0.55832874774932861     
  0.29999999999999999        34.471621855858565        206.88879676026846        1.0000000000000000       0.44959282875061035     
  0.29999999999999999        2.1267475843831143        14.870052355765901        1.0000000000000000      -0.77335381507873535     
  0.29999999999999999        1.2996682809636870        10.824851470610163        1.0000000000000000       0.25631582736968994     
  0.29999999999999999        94.199150964474299        571.61060320403919        1.0000000000000000       -6.5468192100524902E-002
  0.29999999999999999        131.20603872020672        800.41820204591249        1.0000000000000000       -2.2485733032226562E-002
  0.29999999999999999        107.95266380012760        655.33500572371975        1.0000000000000000       -2.8808116912841797E-002
  0.29999999999999999        136.26286820609909        829.52141577733107        1.0000000000000000      -0.76422858238220215     
