  -5.9240067608913594E-005  -109.44602953866936     
  -1.0059240067608914E-002   0.0000000000000000     
   198699.13515367400        49.622281721191939     
 
   19752897.218696650      -0.28458934229439065     
   4933.0050170483919        4442.8660988792835     
 
   5.0625484096406935E-008   3.2428330950522862E-012
  -5.6210509495452724E-008   2.2507992852977021E-004
 
   108.16467491679880        319.72216499679905     
 
 
  -6.6614323550298962E-005   59.477762678705560     
  -1.0066614323550299E-002   0.0000000000000000     
   198817.21612393804       -294.91076703980343     
 
   19750157.275700521       0.25793592999596743     
  -29295.923888717716        4430.7488165384684     
 
   5.0632503816997918E-008  -2.9475699257230375E-012
   3.3477997501939901E-007   2.2569546481975201E-004
 
   843.17662084698020        2327.1618965566081     
 
 
  -5.8900261555543468E-005  -347.33990454470847     
  -1.0058900261555544E-002   0.0000000000000000     
   198541.83817952135       -440.79533903654846     
 
   19737926.912182953      -0.86264762206031620     
  -43821.424566788461        4441.3244785169054     
 
   5.0663903847464678E-008   9.8405546340316890E-012
   4.9988791664509910E-007   2.2515815632571243E-004
 
   818.14491309400660        2246.0821631308681     
 
 
  -7.2849299906956738E-005   25.291750030415411     
  -1.0072849299906957E-002   0.0000000000000000     
   198878.02487244754       -140.42639236034984     
 
   19743969.054941047        9.5118105764804367E-002
  -13941.079448259979        4435.5105082702812     
 
   5.0648376832205595E-008  -1.0861382597017254E-012
   1.5919093056518172E-007   2.2545318808139423E-004
 
   296.54699406920770        913.99426636631415     
 
 
  -6.3460013312756705E-005   16.942381283052828     
  -1.0063460013312757E-002   0.0000000000000000     
   198770.72421497109        28.986122263773723     
 
   19751727.929759856       0.12053534733514733     
   2880.3336253570064        4434.1353373636530     
 
   5.0628482101426203E-008  -1.3762596787979403E-012
  -3.2887340665660804E-008   2.2552311282376063E-004
 
   704.98663774887029        2006.7978581563316     
 
 
   5.1507971041954426E-005  -147.66461706248396     
  -9.9484920289580458E-003   2.2212124182317439E-002
   195407.06047137626       -536.95205688965666     
 
   19641877.870842528       0.22332254389723705     
  -44083.485415477924        4429.4662148241714     
 
   5.0911623288798572E-008  -2.5668359742176383E-012
   5.0668899905338792E-007   2.2576081142648900E-004
 
   608.74207589985508        1675.0284436884065     
 
 
  -6.5466702908851052E-005  -70.317581840765186     
  -1.0065466702908851E-002   0.0000000000000000     
   198803.17801088715        620.00881296350042     
 
   19751014.421758942      -0.14710564396990267     
   61597.621974576919        4438.3746230383294     
 
   5.0630305627837674E-008   1.6780926231678592E-012
  -7.0266858735459810E-007   2.2530768165507535E-004
 
   38.902862844351681        137.82924820724472     
 
 
  -4.6351196709565334E-005  -160.94041333649480     
  -1.0046351196709566E-002   0.0000000000000000     
   198223.89816618073       -335.47286381007916     
 
   19730934.573649392      -0.36964002619078856     
  -33392.508109810209        4424.7944368392864     
 
   5.0681843662655960E-008   4.2338775927958534E-012
   3.8247966084821811E-007   2.2599923129855288E-004
 
   1139.7138968664690        3114.4261064516795     
 
 
