  -4.1666824370301899E-007   111.82825163998557     
  -3.6168230764695981E-006  -4.1900212242424573E-002
   36.442041155554563        104.15382386197962     
 
   10075704.690027855       -1.8861752060809957E-006
  -18789627.441392493        4107.6780469387704     
 
   9.9248641322926691E-008   4.5573271410606370E-017
   4.5399005793843848E-004   2.4344653827033756E-004
 
   697.32670490224564        2319.4724351875770     
 
 
  -3.1630695188683902E-005  -388.26459598499099     
  -1.0031630695188684E-002   0.0000000000000000     
   169809.99718235416        2423.9556642648404     
 
   16927456.994982626       -1.7505856114036238     
   241631.26992178205        4119.6337745714718     
 
   5.9075260658472330E-008   2.5103275426320561E-011
  -3.4649755378684853E-006   2.4273855128486511E-004
 
   798.92901248571002        2650.8974815471947     
 
 
  -5.2921042200818405E-005  -205.81563667898354     
  -1.0052921042200819E-002   0.0000000000000000     
   170112.27191336604        1125.2472989627156     
 
   16921675.918795887       -1.0468025257682765     
   111932.37211741954        4111.0011530659949     
 
   5.9095701895171513E-008   1.5047801667430371E-011
  -1.6090294915478572E-006   2.4324933962085196E-004
 
   114.07133797017299        382.62705358274485     
 
 
  -4.9769626890759644E-005  -262.40506377806236     
  -1.0049769626890760E-002   0.0000000000000000     
   169838.84986419274        2427.5483955534328     
 
   16899775.434627373      -0.81260410944834982     
   241552.64107328182        4123.5297403122422     
 
   5.9172217238934966E-008   1.1660783338957573E-011
  -3.4662549447610881E-006   2.4250999660093775E-004
 
   585.12055524550237        1953.7217386181080     
 
 
  -5.8959023597971588E-005  -294.18786481960836     
  -1.0058959023597972E-002   0.0000000000000000     
   169477.38035143272       -1474.6479379029406     
 
   16848401.504951417      -0.84018274195172227     
  -146600.45184033850        4095.0730090672032     
 
   5.9352917540387915E-008   1.2177388996851274E-011
   2.1247886204219878E-006   2.4419632641385180E-004
 
   480.19609689489192        1612.7096430879317     
 
 
  -4.3864270146935433E-005  -258.81135144372359     
  -1.0043864270146936E-002   0.0000000000000000     
   169888.82278847575        1945.4930323663648     
 
   16914687.237802584       -1.1460062779902582     
   193699.65384229232        4076.4928794193947     
 
   5.9120027856489760E-008   1.6620149987394549E-011
  -2.8091620100118413E-006   2.4530811417120094E-004
 
   510.90994645838634        1762.8381501077429     
 
 
   1.8513338008658772E-005  -125.55260429910348     
  -9.9814866619913414E-003  0.26713203027721022     
   168495.24054680479       -2479.6658083796156     
 
   16880779.254472069       0.12138465111430657     
  -138480.97831871125        4108.1549420077308     
 
   5.9238957072742820E-008  -1.7503478418309231E-012
   1.9968742284107665E-006   2.4341821857415150E-004
 
   524.74000623431289        1840.3210264988606     
 
 
   1.0131874448251685E-005  -124.06790439930333     
  -9.9898681255517485E-003  0.29315097454758643     
   168613.38346832621       -2495.8668740550529     
 
   16878443.136551987       0.12836543426531638     
  -129291.93377534210        4107.9771534116189     
 
   5.9247156419912790E-008  -1.8513459736530287E-012
   1.8647083803421406E-006   2.4342875417537630E-004
 
   524.75066264190889        1840.3159851019752     
 
 
   8.9637430953325159E-007  -122.68818348648050     
  -9.9991036256904670E-003  0.22489049560546448     
   168745.21228647380       -2123.3029688130255     
 
   16876036.983076356       0.13472464156492059     
  -119960.40644244626        4107.8055847932328     
 
   5.9255604136765729E-008  -1.9434196344616986E-012
   1.7304437149006202E-006   2.4343892285664878E-004
 
   524.76142723539056        1840.3109941897899     
 
 
  -9.1004669624094453E-006  -121.40801460722541     
  -1.0009100466962410E-002   0.0000000000000000     
   168889.22981210184       -1105.9633666660657     
 
   16873567.247083176       0.14054926450243421     
  -110495.78034675559        4107.6365560651111     
 
   5.9264277748217534E-008  -2.0278207516877301E-012
   1.5942142219975801E-006   2.4344894254527431E-004
 
   524.77229538151960        1840.3060498521725     
 
 
   5.8454989304825011E-005  -443.09346056892105     
  -9.9415450106951752E-003  0.37160155340927759     
   167116.22317046722       -4284.8793425513431     
 
   16809913.226305336       0.76908916229179991     
  -278963.09590002045        4067.6772055194169     
 
   5.9488520187269082E-008  -1.1247690965921511E-011
   4.0797489386408562E-006   2.4583977827749315E-004
 
   131.74963848030907        465.38240510226888     
 
 
   5.4656341891397286E-005  -465.00201003921524     
  -9.9453436581086029E-003 -0.20357995849570898     
   166802.88593133146       -1794.1241477102558     
 
   16771930.817250594        1.3269663382278485     
  -263526.46820139542        4060.9947446160290     
 
   5.9623121319257060E-008  -1.9482387923703157E-011
   3.8690694207959988E-006   2.4624382171409796E-004
 
   131.59672653226818        465.31980943731890     
 
 
  -6.4633655999707385E-005  -395.38147170916204     
  -1.0064633655999708E-002   0.0000000000000000     
   170332.60351096664        2370.2669250799481     
 
   16923875.158578508       -1.6584129220144308     
   235504.54056187934        4135.6105750906263     
 
   5.9087792271323333E-008   2.3694677353396518E-011
  -3.3647857115678330E-006   2.4180091467485004E-004
 
   390.80117290785063        1312.8285261735296     
 
 
  -3.7063974747541736E-005  -197.10218499672197     
  -1.0037063974747542E-002   0.0000000000000000     
   169429.46282056216       -657.61692536202145     
 
   16880380.880986042      -0.83589126769857691     
  -65518.853622584167        4111.0075615891437     
 
   5.9240416211476823E-008   1.2045355272190471E-011
   9.4413938679313405E-007   2.4324956211253243E-004
 
   817.54357448946701        2719.8983146680766     
 
 
  -7.3701379452558585E-005  -435.50656141089075     
  -1.0073701379452559E-002   0.0000000000000000     
   170176.17846137591       -1616.5203588126833     
 
   16893113.271005448       -1.2714571478176442     
  -160469.35460185949        4085.8570100358975     
 
   5.9195894797058283E-008   1.8420870670782428E-011
   2.3248799480332427E-006   2.4474741860250316E-004
 
   548.65260026868407        1825.3499434793191     
 
 
  -6.3740210287157109E-005  -225.30798290805984     
  -1.0063740210287157E-002   0.0000000000000000     
   170551.11173619865        1216.4189538124751     
 
   16947090.065168940       -1.2501361962986497     
   120871.45816513048        4111.9261006191928     
 
   5.9007052405635003E-008   1.7939731951424780E-011
  -1.7345322585494334E-006   2.4319450474750889E-004
 
   503.77909426735152        1708.3773339419558     
 
 
  -8.0612373646619592E-005  -248.60538709208649     
  -1.0080612373646620E-002   0.0000000000000000     
   170272.16603652126       -2422.1459501771733     
 
   16891053.809554033      -0.68141057789519976     
  -240277.65976889324        4108.4103387118384     
 
   5.9203077003183817E-008   9.8192730491867847E-012
   3.4624527787316369E-006   2.4340371990824367E-004
 
   171.26493682861067        571.71974831634031     
 
 
  -4.4377279244224924E-005  -78.541251725074261     
  -1.0044377279244225E-002   0.0000000000000000     
   169789.26506570395        155.70197423829222     
 
   16903911.546269547      -0.50338972739694832     
   15501.406399779573        4104.9608379949696     
 
   5.9157898738862108E-008   7.2545097736127436E-012
  -2.2339570736465885E-007   2.4360765595837850E-004
 
   170.55004675543395        571.08956892302331     
 
 
  -5.7154107127463383E-005  -257.79138021979156     
  -1.0057154107127464E-002   0.0000000000000000     
   170509.34062856098        817.91960216944108     
 
   16954034.790788550       -1.5028233520862924     
   81327.142197200999        4113.6213335205366     
 
   5.8982906422644449E-008   2.1548140180907129E-011
  -1.1661042251872251E-006   2.4309438484351612E-004
 
   761.44239438332795        2603.7123220444187     
 
 
  -3.4896319819727531E-005   44.894185775591815     
  -1.0034896319819728E-002   0.0000000000000000     
   169884.54731494500       -1716.4318269315672     
 
   16929377.434563957       0.18049733811057622     
  -171046.29407495455        4103.6899004936877     
 
   5.9068891308652863E-008  -2.5980953495224249E-012
   2.4620561490881356E-006   2.4368302182996708E-004
 
   768.80606287295177        2674.3845281684889     
 
 
