netcdf tomgrid_opt_coils {
dimensions:
	stringsize = 30 ;
	dim_00001 = 1 ;
	external_coil_groups = 1 ;
	external_coils = 1 ;
	rad = 5 ;
	zee = 5 ;
	phi = 4 ;
variables:
	double br_001(phi, zee, rad) ;
	double bp_001(phi, zee, rad) ;
	double bz_001(phi, zee, rad) ;
	char coil_group(external_coil_groups, stringsize) ;
	int ir(dim_00001) ;
	int jz(dim_00001) ;
	int kp(dim_00001) ;
	int nfp(dim_00001) ;
	int nextcur(dim_00001) ;
	double rmin(dim_00001) ;
	double zmin(dim_00001) ;
	double rmax(dim_00001) ;
	double zmax(dim_00001) ;
	char mgrid_mode(dim_00001) ;
	double raw_coil_cur(external_coils) ;
data:

 br_001 =
  0.309403771734208, 0.969927442094316, 0.841303465184779, 0.458284260895459, 
    0.28449345866111,
  0.414437937644812, 1.22914158901657, 1.33738583009164, 0.359120317203866, 
    0.153011975728098,
  6.66415120859e-18, 6.99087620018187e-17, -1.38605811173931e-16, 
    2.36459212918049e-17, 5.5156780635775e-18,
  -0.414437937644812, -1.22914158901657, -1.33738583009164, 
    -0.359120317203866, -0.153011975728098,
  -0.309403771734208, -0.969927442094316, -0.841303465184779, 
    -0.458284260895459, -0.28449345866111,
  0.394964677766082, 0.46508909993796, 0.471609782286643, 0.389774485741456, 
    0.456815516971982,
  0.391133278240708, 0.613813759199178, 0.654361075082967, 0.441110379995609, 
    0.161346897796811,
  0.367405152832768, 0.756277708497428, 1.18209815363009, 0.437022236342204, 
    -0.428155503668638,
  0.287679820553382, -0.0262097832707935, -0.168659222613587, 
    0.0980080539304435, 0.363535487819944,
  0.232074819789037, 0.0775540284430743, -0.0844609555006531, 
    0.112358335955194, 0.00280853712991356,
  0.0573661493375843, 0.114232375468964, 0.307246827338466, 
    0.00736945887899578, -0.0383357082890114,
  0.050464290175365, 0.0173971617777861, -0.0802756566587907, 
    -0.355202135641478, -0.0867507798006307,
  2.64627499660031e-16, 2.27548139177276e-16, 5.37776925236868e-16, 
    -7.05518803589479e-16, -3.5979414298414e-17,
  -0.0504642901753647, -0.0173971617777858, 0.0802756566587913, 
    0.355202135641477, 0.0867507798006307,
  -0.057366149337584, -0.114232375468964, -0.307246827338467, 
    -0.00736945887899564, 0.0383357082890114,
  -0.232074819789037, -0.077554028443075, 0.0844609555006531, 
    -0.112358335955194, -0.0028085371299136,
  -0.287679820553382, 0.0262097832707921, 0.168659222613588, 
    -0.0980080539304433, -0.363535487819942,
  -0.367405152832768, -0.756277708497428, -1.18209815363009, 
    -0.437022236342204, 0.428155503668638,
  -0.391133278240707, -0.613813759199178, -0.654361075082966, 
    -0.441110379995609, -0.16134689779681,
  -0.394964677766081, -0.465089099937959, -0.471609782286642, 
    -0.389774485741456, -0.456815516971982 ;

 bp_001 =
  -0.371665497963621, -0.250149624538522, -0.605796691024561, 
    -0.631350432505907, -0.549932182103346,
  0.208864915847722, -0.193130514190208, -0.921854582470268, 
    -0.795898531571439, -0.585528764466384,
  -0.933287237126549, 0.646817328837708, -0.253739409211552, 
    -0.899426933399283, -0.613596970385,
  0.208864915847722, -0.193130514190208, -0.921854582470268, 
    -0.795898531571439, -0.585528764466384,
  -0.37166549796362, -0.250149624538522, -0.605796691024561, 
    -0.631350432505907, -0.549932182103346,
  -0.603680981894853, -0.624019092967588, -0.675477264494403, 
    -0.63548982369855, -0.822819978292465,
  -0.542796388288221, -0.696293556662226, -0.876539760829358, 
    -0.873202074587308, -1.0034827585095,
  -0.516023533137144, -0.665603977220928, -1.17214840060694, 
    -1.05844053916353, -0.915178937763265,
  -0.399292029935835, -0.20782020926173, -0.276872479577345, 
    -0.68691655720301, 0.178976588618632,
  -1.85106246739133, -0.270796621114983, -0.0833328078409888, 
    -0.113254173617754, -0.129046033207026,
  -0.503228578288019, -0.57213778076976, -0.329533929949348, 
    -0.0259352713460856, -0.0399443002878896,
  -0.655370850288731, -0.805117438673311, -1.07249359488703, 
    -0.588645273271222, -0.0549085657778728,
  -0.678805466544182, -0.885034525757198, -1.2084521975463, 
    -1.31226337044806, -0.0541304295430423,
  -0.655370850288731, -0.805117438673311, -1.07249359488703, 
    -0.58864527327122, -0.0549085657778729,
  -0.503228578288018, -0.57213778076976, -0.329533929949346, 
    -0.0259352713460857, -0.0399443002878897,
  -1.85106246739132, -0.270796621114984, -0.0833328078409888, 
    -0.113254173617755, -0.129046033207026,
  -0.399292029935835, -0.20782020926173, -0.276872479577345, 
    -0.686916557203009, 0.178976588618633,
  -0.516023533137144, -0.665603977220928, -1.17214840060694, 
    -1.05844053916353, -0.915178937763263,
  -0.542796388288221, -0.696293556662226, -0.876539760829359, 
    -0.873202074587309, -1.0034827585095,
  -0.603680981894853, -0.624019092967588, -0.675477264494403, 
    -0.63548982369855, -0.822819978292466 ;

 bz_001 =
  -0.646029802642176, -0.276065296293821, 0.197835405518649, 
    0.350069301867595, 0.250824583214789,
  -1.07746075020959, -0.226207230680573, 0.527900022388396, 
    0.558484528241999, 0.353313528008452,
  -1.24011336995692, -0.770360766249642, 0.749953227298807, 0.71022449682552, 
    0.391861835362498,
  -1.07746075020959, -0.226207230680572, 0.527900022388396, 
    0.558484528241999, 0.353313528008452,
  -0.646029802642176, -0.276065296293821, 0.197835405518649, 
    0.350069301867595, 0.250824583214789,
  -0.484665634182182, -0.340275039626012, -0.174814614206157, 
    -0.0509804300960554, 0.00713942883181594,
  -0.507856016357921, -0.430313188268474, -0.12775569986937, 
    0.0604068481579117, -0.0968229669482426,
  -0.646334591948862, -0.663384089359059, 0.0418530947207974, 
    0.443232291082286, 0.0403175155506169,
  -0.500739192837366, -1.01949007298534, 0.076537147388788, 
    0.926147160747747, -0.0774563023307389,
  -1.89971095352018, 0.238755626588186, 0.0952971710848258, 
    0.0207116468697082, -0.0426250200737343,
  -0.469492477377912, -0.545724048430642, -0.673336762795339, 
    0.145876770916485, 0.0476947736874435,
  -0.567309403267829, -0.618065324277389, -0.658746967874909, 
    0.00197599786286639, -0.0100281979886247,
  -0.567076984697171, -0.603320914400412, -0.53573810181996, 
    -0.408944106836321, -0.0960106004634041,
  -0.567309403267829, -0.618065324277389, -0.658746967874909, 
    0.00197599786286524, -0.0100281979886248,
  -0.469492477377912, -0.545724048430643, -0.67333676279534, 
    0.145876770916485, 0.0476947736874434,
  -1.89971095352018, 0.238755626588187, 0.0952971710848258, 
    0.0207116468697087, -0.0426250200737341,
  -0.500739192837366, -1.01949007298534, 0.0765371473887884, 
    0.926147160747749, -0.0774563023307417,
  -0.646334591948862, -0.663384089359059, 0.0418530947207968, 
    0.443232291082285, 0.0403175155506166,
  -0.507856016357921, -0.430313188268473, -0.12775569986937, 
    0.0604068481579113, -0.0968229669482428,
  -0.484665634182182, -0.340275039626012, -0.174814614206158, 
    -0.0509804300960557, 0.0071394288318159 ;

 coil_group =
  "________simsopt_coils_________" ;

 ir = 5 ;

 jz = 5 ;

 kp = 4 ;

 nfp = 4 ;

 nextcur = 1 ;

 rmin = 0.595808825436078 ;

 zmin = -0.349103307993288 ;

 rmax = 1.43122353686946 ;

 zmax = 0.349103307993288 ;

 mgrid_mode = "N" ;

 raw_coil_cur = 1 ;
}
