Problem type:
least_squares
nparams:
8
function_evaluation,seconds,x(0),x(1),x(2),x(3),x(4),x(5),x(6),x(7)
     0,  4.6418e+00,  9.5977722221744818e-02,  2.4304415477843729e-02,  1.7581544716948719e-01, -1.1060777825504010e-01, -1.3129751406136711e-01,  1.6653257308872869e-02,  2.0277937099479160e-01,  8.2601196828058485e-02
     1,  4.6419e+00,  9.5987722221744814e-02,  2.4304415477843729e-02,  1.7581544716948719e-01, -1.1060777825504010e-01, -1.3129751406136711e-01,  1.6653257308872869e-02,  2.0277937099479160e-01,  8.2601196828058485e-02
     2,  4.6419e+00,  9.5977722221744818e-02,  2.4314415477843729e-02,  1.7581544716948719e-01, -1.1060777825504010e-01, -1.3129751406136711e-01,  1.6653257308872869e-02,  2.0277937099479160e-01,  8.2601196828058485e-02
     3,  4.6419e+00,  9.5977722221744818e-02,  2.4304415477843729e-02,  1.7582544716948720e-01, -1.1060777825504010e-01, -1.3129751406136711e-01,  1.6653257308872869e-02,  2.0277937099479160e-01,  8.2601196828058485e-02
     4,  4.6420e+00,  9.5977722221744818e-02,  2.4304415477843729e-02,  1.7581544716948719e-01, -1.1059777825504011e-01, -1.3129751406136711e-01,  1.6653257308872869e-02,  2.0277937099479160e-01,  8.2601196828058485e-02
     5,  4.6420e+00,  9.5977722221744818e-02,  2.4304415477843729e-02,  1.7581544716948719e-01, -1.1060777825504010e-01, -1.3128751406136710e-01,  1.6653257308872869e-02,  2.0277937099479160e-01,  8.2601196828058485e-02
     6,  4.6420e+00,  9.5977722221744818e-02,  2.4304415477843729e-02,  1.7581544716948719e-01, -1.1060777825504010e-01, -1.3129751406136711e-01,  1.6663257308872869e-02,  2.0277937099479160e-01,  8.2601196828058485e-02
     7,  4.6420e+00,  9.5977722221744818e-02,  2.4304415477843729e-02,  1.7581544716948719e-01, -1.1060777825504010e-01, -1.3129751406136711e-01,  1.6653257308872869e-02,  2.0278937099479161e-01,  8.2601196828058485e-02
     8,  4.6420e+00,  9.5977722221744818e-02,  2.4304415477843729e-02,  1.7581544716948719e-01, -1.1060777825504010e-01, -1.3129751406136711e-01,  1.6653257308872869e-02,  2.0277937099479160e-01,  8.2611196828058481e-02
     9,  9.0128e+00,  1.0243411819991399e-01,  2.0692774954686844e-02,  1.7275871001649792e-01, -1.0924873903034905e-01, -1.3740084070076466e-01,  1.5696021159224881e-02,  2.1768748068465119e-01,  9.3936278052586017e-02
    10,  9.0128e+00,  1.0244411819991399e-01,  2.0692774954686844e-02,  1.7275871001649792e-01, -1.0924873903034905e-01, -1.3740084070076466e-01,  1.5696021159224881e-02,  2.1768748068465119e-01,  9.3936278052586017e-02
    11,  9.0129e+00,  1.0243411819991399e-01,  2.0702774954686844e-02,  1.7275871001649792e-01, -1.0924873903034905e-01, -1.3740084070076466e-01,  1.5696021159224881e-02,  2.1768748068465119e-01,  9.3936278052586017e-02
    12,  9.0129e+00,  1.0243411819991399e-01,  2.0692774954686844e-02,  1.7276871001649793e-01, -1.0924873903034905e-01, -1.3740084070076466e-01,  1.5696021159224881e-02,  2.1768748068465119e-01,  9.3936278052586017e-02
    13,  9.0129e+00,  1.0243411819991399e-01,  2.0692774954686844e-02,  1.7275871001649792e-01, -1.0923873903034906e-01, -1.3740084070076466e-01,  1.5696021159224881e-02,  2.1768748068465119e-01,  9.3936278052586017e-02
    14,  9.0129e+00,  1.0243411819991399e-01,  2.0692774954686844e-02,  1.7275871001649792e-01, -1.0924873903034905e-01, -1.3739084070076465e-01,  1.5696021159224881e-02,  2.1768748068465119e-01,  9.3936278052586017e-02
    15,  9.0129e+00,  1.0243411819991399e-01,  2.0692774954686844e-02,  1.7275871001649792e-01, -1.0924873903034905e-01, -1.3740084070076466e-01,  1.5706021159224880e-02,  2.1768748068465119e-01,  9.3936278052586017e-02
    16,  9.0130e+00,  1.0243411819991399e-01,  2.0692774954686844e-02,  1.7275871001649792e-01, -1.0924873903034905e-01, -1.3740084070076466e-01,  1.5696021159224881e-02,  2.1769748068465120e-01,  9.3936278052586017e-02
    17,  9.0130e+00,  1.0243411819991399e-01,  2.0692774954686844e-02,  1.7275871001649792e-01, -1.0924873903034905e-01, -1.3740084070076466e-01,  1.5696021159224881e-02,  2.1768748068465119e-01,  9.3946278052586013e-02
    18,  1.3343e+01,  1.0553218456748086e-01,  2.2778636228864245e-02,  1.6805011241375908e-01, -1.0962761654853845e-01, -1.3749627014433030e-01,  1.7755148251270815e-02,  2.2564414388785711e-01,  9.7080273673423007e-02
    19,  1.3343e+01,  1.0554218456748085e-01,  2.2778636228864245e-02,  1.6805011241375908e-01, -1.0962761654853845e-01, -1.3749627014433030e-01,  1.7755148251270815e-02,  2.2564414388785711e-01,  9.7080273673423007e-02
    20,  1.3343e+01,  1.0553218456748086e-01,  2.2788636228864245e-02,  1.6805011241375908e-01, -1.0962761654853845e-01, -1.3749627014433030e-01,  1.7755148251270815e-02,  2.2564414388785711e-01,  9.7080273673423007e-02
    21,  1.3343e+01,  1.0553218456748086e-01,  2.2778636228864245e-02,  1.6806011241375909e-01, -1.0962761654853845e-01, -1.3749627014433030e-01,  1.7755148251270815e-02,  2.2564414388785711e-01,  9.7080273673423007e-02
    22,  1.3343e+01,  1.0553218456748086e-01,  2.2778636228864245e-02,  1.6805011241375908e-01, -1.0961761654853845e-01, -1.3749627014433030e-01,  1.7755148251270815e-02,  2.2564414388785711e-01,  9.7080273673423007e-02
    23,  1.3343e+01,  1.0553218456748086e-01,  2.2778636228864245e-02,  1.6805011241375908e-01, -1.0962761654853845e-01, -1.3748627014433029e-01,  1.7755148251270815e-02,  2.2564414388785711e-01,  9.7080273673423007e-02
    24,  1.3343e+01,  1.0553218456748086e-01,  2.2778636228864245e-02,  1.6805011241375908e-01, -1.0962761654853845e-01, -1.3749627014433030e-01,  1.7765148251270815e-02,  2.2564414388785711e-01,  9.7080273673423007e-02
    25,  1.3343e+01,  1.0553218456748086e-01,  2.2778636228864245e-02,  1.6805011241375908e-01, -1.0962761654853845e-01, -1.3749627014433030e-01,  1.7755148251270815e-02,  2.2565414388785712e-01,  9.7080273673423007e-02
    26,  1.3343e+01,  1.0553218456748086e-01,  2.2778636228864245e-02,  1.6805011241375908e-01, -1.0962761654853845e-01, -1.3749627014433030e-01,  1.7755148251270815e-02,  2.2564414388785711e-01,  9.7090273673423003e-02
    27,  1.7682e+01,  1.0676104927087551e-01,  2.3193967360154152e-02,  1.6591166796738233e-01, -1.0949770274335668e-01, -1.3642239569317688e-01,  1.8742587378248902e-02,  2.2970228793836794e-01,  9.8966324863119862e-02
    28,  1.7682e+01,  1.0677104927087551e-01,  2.3193967360154152e-02,  1.6591166796738233e-01, -1.0949770274335668e-01, -1.3642239569317688e-01,  1.8742587378248902e-02,  2.2970228793836794e-01,  9.8966324863119862e-02
    29,  1.7682e+01,  1.0676104927087551e-01,  2.3203967360154152e-02,  1.6591166796738233e-01, -1.0949770274335668e-01, -1.3642239569317688e-01,  1.8742587378248902e-02,  2.2970228793836794e-01,  9.8966324863119862e-02
    30,  1.7682e+01,  1.0676104927087551e-01,  2.3193967360154152e-02,  1.6592166796738234e-01, -1.0949770274335668e-01, -1.3642239569317688e-01,  1.8742587378248902e-02,  2.2970228793836794e-01,  9.8966324863119862e-02
    31,  1.7682e+01,  1.0676104927087551e-01,  2.3193967360154152e-02,  1.6591166796738233e-01, -1.0948770274335669e-01, -1.3642239569317688e-01,  1.8742587378248902e-02,  2.2970228793836794e-01,  9.8966324863119862e-02
    32,  1.7682e+01,  1.0676104927087551e-01,  2.3193967360154152e-02,  1.6591166796738233e-01, -1.0949770274335668e-01, -1.3641239569317687e-01,  1.8742587378248902e-02,  2.2970228793836794e-01,  9.8966324863119862e-02
    33,  1.7682e+01,  1.0676104927087551e-01,  2.3193967360154152e-02,  1.6591166796738233e-01, -1.0949770274335668e-01, -1.3642239569317688e-01,  1.8752587378248902e-02,  2.2970228793836794e-01,  9.8966324863119862e-02
    34,  1.7682e+01,  1.0676104927087551e-01,  2.3193967360154152e-02,  1.6591166796738233e-01, -1.0949770274335668e-01, -1.3642239569317688e-01,  1.8742587378248902e-02,  2.2971228793836795e-01,  9.8966324863119862e-02
    35,  1.7682e+01,  1.0676104927087551e-01,  2.3193967360154152e-02,  1.6591166796738233e-01, -1.0949770274335668e-01, -1.3642239569317688e-01,  1.8742587378248902e-02,  2.2970228793836794e-01,  9.8976324863119858e-02
    36,  2.2122e+01,  1.0723771913078423e-01,  2.3418056590557318e-02,  1.6485385032256306e-01, -1.0944557823579448e-01, -1.3565350294406878e-01,  1.9244865652332837e-02,  2.3170331744990785e-01,  9.9893619265511616e-02
    37,  2.2122e+01,  1.0724771913078422e-01,  2.3418056590557318e-02,  1.6485385032256306e-01, -1.0944557823579448e-01, -1.3565350294406878e-01,  1.9244865652332837e-02,  2.3170331744990785e-01,  9.9893619265511616e-02
    38,  2.2122e+01,  1.0723771913078423e-01,  2.3428056590557318e-02,  1.6485385032256306e-01, -1.0944557823579448e-01, -1.3565350294406878e-01,  1.9244865652332837e-02,  2.3170331744990785e-01,  9.9893619265511616e-02
    39,  2.2122e+01,  1.0723771913078423e-01,  2.3418056590557318e-02,  1.6486385032256307e-01, -1.0944557823579448e-01, -1.3565350294406878e-01,  1.9244865652332837e-02,  2.3170331744990785e-01,  9.9893619265511616e-02
    40,  2.2122e+01,  1.0723771913078423e-01,  2.3418056590557318e-02,  1.6485385032256306e-01, -1.0943557823579449e-01, -1.3565350294406878e-01,  1.9244865652332837e-02,  2.3170331744990785e-01,  9.9893619265511616e-02
    41,  2.2122e+01,  1.0723771913078423e-01,  2.3418056590557318e-02,  1.6485385032256306e-01, -1.0944557823579448e-01, -1.3564350294406877e-01,  1.9244865652332837e-02,  2.3170331744990785e-01,  9.9893619265511616e-02
    42,  2.2122e+01,  1.0723771913078423e-01,  2.3418056590557318e-02,  1.6485385032256306e-01, -1.0944557823579448e-01, -1.3565350294406878e-01,  1.9254865652332837e-02,  2.3170331744990785e-01,  9.9893619265511616e-02
    43,  2.2122e+01,  1.0723771913078423e-01,  2.3418056590557318e-02,  1.6485385032256306e-01, -1.0944557823579448e-01, -1.3565350294406878e-01,  1.9244865652332837e-02,  2.3171331744990786e-01,  9.9893619265511616e-02
    44,  2.2122e+01,  1.0723771913078423e-01,  2.3418056590557318e-02,  1.6485385032256306e-01, -1.0944557823579448e-01, -1.3565350294406878e-01,  1.9244865652332837e-02,  2.3170331744990785e-01,  9.9903619265511612e-02
    45,  2.5668e+01,  1.0804744634942316e-01,  2.4062176909063582e-02,  1.6264072711031824e-01, -1.0944441995080402e-01, -1.3408830504884253e-01,  2.0355682592614291e-02,  2.3570173384023738e-01,  1.0156300179868182e-01
    46,  2.5668e+01,  1.0805744634942316e-01,  2.4062176909063582e-02,  1.6264072711031824e-01, -1.0944441995080402e-01, -1.3408830504884253e-01,  2.0355682592614291e-02,  2.3570173384023738e-01,  1.0156300179868182e-01
    47,  2.5668e+01,  1.0804744634942316e-01,  2.4072176909063582e-02,  1.6264072711031824e-01, -1.0944441995080402e-01, -1.3408830504884253e-01,  2.0355682592614291e-02,  2.3570173384023738e-01,  1.0156300179868182e-01
    48,  2.5668e+01,  1.0804744634942316e-01,  2.4062176909063582e-02,  1.6265072711031825e-01, -1.0944441995080402e-01, -1.3408830504884253e-01,  2.0355682592614291e-02,  2.3570173384023738e-01,  1.0156300179868182e-01
    49,  2.5668e+01,  1.0804744634942316e-01,  2.4062176909063582e-02,  1.6264072711031824e-01, -1.0943441995080402e-01, -1.3408830504884253e-01,  2.0355682592614291e-02,  2.3570173384023738e-01,  1.0156300179868182e-01
    50,  2.5668e+01,  1.0804744634942316e-01,  2.4062176909063582e-02,  1.6264072711031824e-01, -1.0944441995080402e-01, -1.3407830504884252e-01,  2.0355682592614291e-02,  2.3570173384023738e-01,  1.0156300179868182e-01
    51,  2.5668e+01,  1.0804744634942316e-01,  2.4062176909063582e-02,  1.6264072711031824e-01, -1.0944441995080402e-01, -1.3408830504884253e-01,  2.0365682592614291e-02,  2.3570173384023738e-01,  1.0156300179868182e-01
    52,  2.5668e+01,  1.0804744634942316e-01,  2.4062176909063582e-02,  1.6264072711031824e-01, -1.0944441995080402e-01, -1.3408830504884253e-01,  2.0355682592614291e-02,  2.3571173384023739e-01,  1.0156300179868182e-01
    53,  2.5668e+01,  1.0804744634942316e-01,  2.4062176909063582e-02,  1.6264072711031824e-01, -1.0944441995080402e-01, -1.3408830504884253e-01,  2.0355682592614291e-02,  2.3570173384023738e-01,  1.0157300179868181e-01
    54,  2.9293e+01,  1.0764954764646228e-01,  2.3341328213141308e-02,  1.6389612230232051e-01, -1.0919800903269919e-01, -1.3442495452785844e-01,  1.9576898418405812e-02,  2.3362476264412099e-01,  1.0102467552037285e-01
    55,  2.9293e+01,  1.0765954764646228e-01,  2.3341328213141308e-02,  1.6389612230232051e-01, -1.0919800903269919e-01, -1.3442495452785844e-01,  1.9576898418405812e-02,  2.3362476264412099e-01,  1.0102467552037285e-01
    56,  2.9293e+01,  1.0764954764646228e-01,  2.3351328213141308e-02,  1.6389612230232051e-01, -1.0919800903269919e-01, -1.3442495452785844e-01,  1.9576898418405812e-02,  2.3362476264412099e-01,  1.0102467552037285e-01
    57,  2.9293e+01,  1.0764954764646228e-01,  2.3341328213141308e-02,  1.6390612230232052e-01, -1.0919800903269919e-01, -1.3442495452785844e-01,  1.9576898418405812e-02,  2.3362476264412099e-01,  1.0102467552037285e-01
    58,  2.9293e+01,  1.0764954764646228e-01,  2.3341328213141308e-02,  1.6389612230232051e-01, -1.0918800903269919e-01, -1.3442495452785844e-01,  1.9576898418405812e-02,  2.3362476264412099e-01,  1.0102467552037285e-01
    59,  2.9293e+01,  1.0764954764646228e-01,  2.3341328213141308e-02,  1.6389612230232051e-01, -1.0919800903269919e-01, -1.3441495452785843e-01,  1.9576898418405812e-02,  2.3362476264412099e-01,  1.0102467552037285e-01
    60,  2.9293e+01,  1.0764954764646228e-01,  2.3341328213141308e-02,  1.6389612230232051e-01, -1.0919800903269919e-01, -1.3442495452785844e-01,  1.9586898418405812e-02,  2.3362476264412099e-01,  1.0102467552037285e-01
    61,  2.9293e+01,  1.0764954764646228e-01,  2.3341328213141308e-02,  1.6389612230232051e-01, -1.0919800903269919e-01, -1.3442495452785844e-01,  1.9576898418405812e-02,  2.3363476264412100e-01,  1.0102467552037285e-01
    62,  2.9293e+01,  1.0764954764646228e-01,  2.3341328213141308e-02,  1.6389612230232051e-01, -1.0919800903269919e-01, -1.3442495452785844e-01,  1.9576898418405812e-02,  2.3362476264412099e-01,  1.0103467552037285e-01
    63,  3.2680e+01,  1.0772950687280712e-01,  2.3642333057534194e-02,  1.6360734746519623e-01, -1.0935886272953914e-01, -1.3448754430125803e-01,  1.9828029142234031e-02,  2.3407657298410697e-01,  1.0102663103947954e-01
    64,  3.2680e+01,  1.0773950687280712e-01,  2.3642333057534194e-02,  1.6360734746519623e-01, -1.0935886272953914e-01, -1.3448754430125803e-01,  1.9828029142234031e-02,  2.3407657298410697e-01,  1.0102663103947954e-01
    65,  3.2680e+01,  1.0772950687280712e-01,  2.3652333057534194e-02,  1.6360734746519623e-01, -1.0935886272953914e-01, -1.3448754430125803e-01,  1.9828029142234031e-02,  2.3407657298410697e-01,  1.0102663103947954e-01
    66,  3.2680e+01,  1.0772950687280712e-01,  2.3642333057534194e-02,  1.6361734746519624e-01, -1.0935886272953914e-01, -1.3448754430125803e-01,  1.9828029142234031e-02,  2.3407657298410697e-01,  1.0102663103947954e-01
    67,  3.2680e+01,  1.0772950687280712e-01,  2.3642333057534194e-02,  1.6360734746519623e-01, -1.0934886272953914e-01, -1.3448754430125803e-01,  1.9828029142234031e-02,  2.3407657298410697e-01,  1.0102663103947954e-01
    68,  3.2680e+01,  1.0772950687280712e-01,  2.3642333057534194e-02,  1.6360734746519623e-01, -1.0935886272953914e-01, -1.3447754430125802e-01,  1.9828029142234031e-02,  2.3407657298410697e-01,  1.0102663103947954e-01
    69,  3.2680e+01,  1.0772950687280712e-01,  2.3642333057534194e-02,  1.6360734746519623e-01, -1.0935886272953914e-01, -1.3448754430125803e-01,  1.9838029142234030e-02,  2.3407657298410697e-01,  1.0102663103947954e-01
    70,  3.2680e+01,  1.0772950687280712e-01,  2.3642333057534194e-02,  1.6360734746519623e-01, -1.0935886272953914e-01, -1.3448754430125803e-01,  1.9828029142234031e-02,  2.3408657298410698e-01,  1.0102663103947954e-01
    71,  3.2680e+01,  1.0772950687280712e-01,  2.3642333057534194e-02,  1.6360734746519623e-01, -1.0935886272953914e-01, -1.3448754430125803e-01,  1.9828029142234031e-02,  2.3407657298410697e-01,  1.0103663103947953e-01
    72,  3.6037e+01,  1.0793167699782273e-01,  2.3864929843556135e-02,  1.6302200758620405e-01, -1.0939902340232910e-01, -1.3419873121719209e-01,  2.0147439312123903e-02,  2.3513732977970259e-01,  1.0143188698918854e-01
    73,  3.6037e+01,  1.0794167699782273e-01,  2.3864929843556135e-02,  1.6302200758620405e-01, -1.0939902340232910e-01, -1.3419873121719209e-01,  2.0147439312123903e-02,  2.3513732977970259e-01,  1.0143188698918854e-01
    74,  3.6037e+01,  1.0793167699782273e-01,  2.3874929843556134e-02,  1.6302200758620405e-01, -1.0939902340232910e-01, -1.3419873121719209e-01,  2.0147439312123903e-02,  2.3513732977970259e-01,  1.0143188698918854e-01
    75,  3.6037e+01,  1.0793167699782273e-01,  2.3864929843556135e-02,  1.6303200758620406e-01, -1.0939902340232910e-01, -1.3419873121719209e-01,  2.0147439312123903e-02,  2.3513732977970259e-01,  1.0143188698918854e-01
    76,  3.6037e+01,  1.0793167699782273e-01,  2.3864929843556135e-02,  1.6302200758620405e-01, -1.0938902340232910e-01, -1.3419873121719209e-01,  2.0147439312123903e-02,  2.3513732977970259e-01,  1.0143188698918854e-01
    77,  3.6037e+01,  1.0793167699782273e-01,  2.3864929843556135e-02,  1.6302200758620405e-01, -1.0939902340232910e-01, -1.3418873121719208e-01,  2.0147439312123903e-02,  2.3513732977970259e-01,  1.0143188698918854e-01
    78,  3.6037e+01,  1.0793167699782273e-01,  2.3864929843556135e-02,  1.6302200758620405e-01, -1.0939902340232910e-01, -1.3419873121719209e-01,  2.0157439312123902e-02,  2.3513732977970259e-01,  1.0143188698918854e-01
    79,  3.6037e+01,  1.0793167699782273e-01,  2.3864929843556135e-02,  1.6302200758620405e-01, -1.0939902340232910e-01, -1.3419873121719209e-01,  2.0147439312123903e-02,  2.3514732977970260e-01,  1.0143188698918854e-01
    80,  3.6037e+01,  1.0793167699782273e-01,  2.3864929843556135e-02,  1.6302200758620405e-01, -1.0939902340232910e-01, -1.3419873121719209e-01,  2.0147439312123903e-02,  2.3513732977970259e-01,  1.0144188698918853e-01
    81,  4.0330e+01,  1.0789567714936761e-01,  2.3763390357592756e-02,  1.6314158459701075e-01, -1.0935222347488835e-01, -1.3419490577576124e-01,  2.0058152073856087e-02,  2.3495626098782590e-01,  1.0141794194478278e-01
    82,  4.0331e+01,  1.0790567714936761e-01,  2.3763390357592756e-02,  1.6314158459701075e-01, -1.0935222347488835e-01, -1.3419490577576124e-01,  2.0058152073856087e-02,  2.3495626098782590e-01,  1.0141794194478278e-01
    83,  4.0331e+01,  1.0789567714936761e-01,  2.3773390357592756e-02,  1.6314158459701075e-01, -1.0935222347488835e-01, -1.3419490577576124e-01,  2.0058152073856087e-02,  2.3495626098782590e-01,  1.0141794194478278e-01
    84,  4.0331e+01,  1.0789567714936761e-01,  2.3763390357592756e-02,  1.6315158459701076e-01, -1.0935222347488835e-01, -1.3419490577576124e-01,  2.0058152073856087e-02,  2.3495626098782590e-01,  1.0141794194478278e-01
    85,  4.0331e+01,  1.0789567714936761e-01,  2.3763390357592756e-02,  1.6314158459701075e-01, -1.0934222347488835e-01, -1.3419490577576124e-01,  2.0058152073856087e-02,  2.3495626098782590e-01,  1.0141794194478278e-01
    86,  4.0331e+01,  1.0789567714936761e-01,  2.3763390357592756e-02,  1.6314158459701075e-01, -1.0935222347488835e-01, -1.3418490577576123e-01,  2.0058152073856087e-02,  2.3495626098782590e-01,  1.0141794194478278e-01
    87,  4.0331e+01,  1.0789567714936761e-01,  2.3763390357592756e-02,  1.6314158459701075e-01, -1.0935222347488835e-01, -1.3419490577576124e-01,  2.0068152073856087e-02,  2.3495626098782590e-01,  1.0141794194478278e-01
    88,  4.0331e+01,  1.0789567714936761e-01,  2.3763390357592756e-02,  1.6314158459701075e-01, -1.0935222347488835e-01, -1.3419490577576124e-01,  2.0058152073856087e-02,  2.3496626098782591e-01,  1.0141794194478278e-01
    89,  4.0331e+01,  1.0789567714936761e-01,  2.3763390357592756e-02,  1.6314158459701075e-01, -1.0935222347488835e-01, -1.3419490577576124e-01,  2.0058152073856087e-02,  2.3495626098782590e-01,  1.0142794194478277e-01
    90,  4.3690e+01,  1.0782166869200201e-01,  2.3707153383005702e-02,  1.6333612652926818e-01, -1.0935076666547436e-01, -1.3432156959719613e-01,  1.9958353997661587e-02,  2.3459163652486242e-01,  1.0126137132363175e-01
    91,  4.3690e+01,  1.0783166869200200e-01,  2.3707153383005702e-02,  1.6333612652926818e-01, -1.0935076666547436e-01, -1.3432156959719613e-01,  1.9958353997661587e-02,  2.3459163652486242e-01,  1.0126137132363175e-01
    92,  4.3690e+01,  1.0782166869200201e-01,  2.3717153383005701e-02,  1.6333612652926818e-01, -1.0935076666547436e-01, -1.3432156959719613e-01,  1.9958353997661587e-02,  2.3459163652486242e-01,  1.0126137132363175e-01
    93,  4.3690e+01,  1.0782166869200201e-01,  2.3707153383005702e-02,  1.6334612652926819e-01, -1.0935076666547436e-01, -1.3432156959719613e-01,  1.9958353997661587e-02,  2.3459163652486242e-01,  1.0126137132363175e-01
    94,  4.3690e+01,  1.0782166869200201e-01,  2.3707153383005702e-02,  1.6333612652926818e-01, -1.0934076666547436e-01, -1.3432156959719613e-01,  1.9958353997661587e-02,  2.3459163652486242e-01,  1.0126137132363175e-01
    95,  4.3690e+01,  1.0782166869200201e-01,  2.3707153383005702e-02,  1.6333612652926818e-01, -1.0935076666547436e-01, -1.3431156959719612e-01,  1.9958353997661587e-02,  2.3459163652486242e-01,  1.0126137132363175e-01
    96,  4.3690e+01,  1.0782166869200201e-01,  2.3707153383005702e-02,  1.6333612652926818e-01, -1.0935076666547436e-01, -1.3432156959719613e-01,  1.9968353997661586e-02,  2.3459163652486242e-01,  1.0126137132363175e-01
    97,  4.3690e+01,  1.0782166869200201e-01,  2.3707153383005702e-02,  1.6333612652926818e-01, -1.0935076666547436e-01, -1.3432156959719613e-01,  1.9958353997661587e-02,  2.3460163652486243e-01,  1.0126137132363175e-01
    98,  4.3690e+01,  1.0782166869200201e-01,  2.3707153383005702e-02,  1.6333612652926818e-01, -1.0935076666547436e-01, -1.3432156959719613e-01,  1.9958353997661587e-02,  2.3459163652486242e-01,  1.0127137132363175e-01
    99,  4.7053e+01,  1.0784153066120389e-01,  2.3740423519372153e-02,  1.6328316810283752e-01, -1.0936380174864627e-01, -1.3430975244072410e-01,  1.9993529109107983e-02,  2.3468131409562751e-01,  1.0128322129123694e-01
   100,  4.7053e+01,  1.0785153066120388e-01,  2.3740423519372153e-02,  1.6328316810283752e-01, -1.0936380174864627e-01, -1.3430975244072410e-01,  1.9993529109107983e-02,  2.3468131409562751e-01,  1.0128322129123694e-01
   101,  4.7053e+01,  1.0784153066120389e-01,  2.3750423519372153e-02,  1.6328316810283752e-01, -1.0936380174864627e-01, -1.3430975244072410e-01,  1.9993529109107983e-02,  2.3468131409562751e-01,  1.0128322129123694e-01
   102,  4.7053e+01,  1.0784153066120389e-01,  2.3740423519372153e-02,  1.6329316810283753e-01, -1.0936380174864627e-01, -1.3430975244072410e-01,  1.9993529109107983e-02,  2.3468131409562751e-01,  1.0128322129123694e-01
   103,  4.7053e+01,  1.0784153066120389e-01,  2.3740423519372153e-02,  1.6328316810283752e-01, -1.0935380174864627e-01, -1.3430975244072410e-01,  1.9993529109107983e-02,  2.3468131409562751e-01,  1.0128322129123694e-01
   104,  4.7053e+01,  1.0784153066120389e-01,  2.3740423519372153e-02,  1.6328316810283752e-01, -1.0936380174864627e-01, -1.3429975244072409e-01,  1.9993529109107983e-02,  2.3468131409562751e-01,  1.0128322129123694e-01
   105,  4.7053e+01,  1.0784153066120389e-01,  2.3740423519372153e-02,  1.6328316810283752e-01, -1.0936380174864627e-01, -1.3430975244072410e-01,  2.0003529109107982e-02,  2.3468131409562751e-01,  1.0128322129123694e-01
   106,  4.7053e+01,  1.0784153066120389e-01,  2.3740423519372153e-02,  1.6328316810283752e-01, -1.0936380174864627e-01, -1.3430975244072410e-01,  1.9993529109107983e-02,  2.3469131409562752e-01,  1.0128322129123694e-01
   107,  4.7053e+01,  1.0784153066120389e-01,  2.3740423519372153e-02,  1.6328316810283752e-01, -1.0936380174864627e-01, -1.3430975244072410e-01,  1.9993529109107983e-02,  2.3468131409562751e-01,  1.0129322129123694e-01
   108,  5.1341e+01,  1.0784996912780510e-01,  2.3742900050830067e-02,  1.6326125166550695e-01, -1.0936125248114495e-01, -1.3429131026783864e-01,  2.0003007163191398e-02,  2.3472448052838304e-01,  1.0130533990663546e-01
   109,  5.1341e+01,  1.0785996912780510e-01,  2.3742900050830067e-02,  1.6326125166550695e-01, -1.0936125248114495e-01, -1.3429131026783864e-01,  2.0003007163191398e-02,  2.3472448052838304e-01,  1.0130533990663546e-01
   110,  5.1341e+01,  1.0784996912780510e-01,  2.3752900050830066e-02,  1.6326125166550695e-01, -1.0936125248114495e-01, -1.3429131026783864e-01,  2.0003007163191398e-02,  2.3472448052838304e-01,  1.0130533990663546e-01
   111,  5.1341e+01,  1.0784996912780510e-01,  2.3742900050830067e-02,  1.6327125166550696e-01, -1.0936125248114495e-01, -1.3429131026783864e-01,  2.0003007163191398e-02,  2.3472448052838304e-01,  1.0130533990663546e-01
   112,  5.1341e+01,  1.0784996912780510e-01,  2.3742900050830067e-02,  1.6326125166550695e-01, -1.0935125248114495e-01, -1.3429131026783864e-01,  2.0003007163191398e-02,  2.3472448052838304e-01,  1.0130533990663546e-01
   113,  5.1341e+01,  1.0784996912780510e-01,  2.3742900050830067e-02,  1.6326125166550695e-01, -1.0936125248114495e-01, -1.3428131026783863e-01,  2.0003007163191398e-02,  2.3472448052838304e-01,  1.0130533990663546e-01
   114,  5.1341e+01,  1.0784996912780510e-01,  2.3742900050830067e-02,  1.6326125166550695e-01, -1.0936125248114495e-01, -1.3429131026783864e-01,  2.0013007163191397e-02,  2.3472448052838304e-01,  1.0130533990663546e-01
   115,  5.1341e+01,  1.0784996912780510e-01,  2.3742900050830067e-02,  1.6326125166550695e-01, -1.0936125248114495e-01, -1.3429131026783864e-01,  2.0003007163191398e-02,  2.3473448052838305e-01,  1.0130533990663546e-01
   116,  5.1341e+01,  1.0784996912780510e-01,  2.3742900050830067e-02,  1.6326125166550695e-01, -1.0936125248114495e-01, -1.3429131026783864e-01,  2.0003007163191398e-02,  2.3472448052838304e-01,  1.0131533990663545e-01
   117,  5.4684e+01,  1.0785791366448222e-01,  2.3749137266291090e-02,  1.6323830109679510e-01, -1.0936122850904131e-01, -1.3427268774448081e-01,  2.0014764590409309e-02,  2.3476775181862997e-01,  1.0132432683638783e-01
   118,  5.4684e+01,  1.0786791366448222e-01,  2.3749137266291090e-02,  1.6323830109679510e-01, -1.0936122850904131e-01, -1.3427268774448081e-01,  2.0014764590409309e-02,  2.3476775181862997e-01,  1.0132432683638783e-01
   119,  5.4684e+01,  1.0785791366448222e-01,  2.3759137266291089e-02,  1.6323830109679510e-01, -1.0936122850904131e-01, -1.3427268774448081e-01,  2.0014764590409309e-02,  2.3476775181862997e-01,  1.0132432683638783e-01
   120,  5.4684e+01,  1.0785791366448222e-01,  2.3749137266291090e-02,  1.6324830109679511e-01, -1.0936122850904131e-01, -1.3427268774448081e-01,  2.0014764590409309e-02,  2.3476775181862997e-01,  1.0132432683638783e-01
   121,  5.4684e+01,  1.0785791366448222e-01,  2.3749137266291090e-02,  1.6323830109679510e-01, -1.0935122850904132e-01, -1.3427268774448081e-01,  2.0014764590409309e-02,  2.3476775181862997e-01,  1.0132432683638783e-01
   122,  5.4684e+01,  1.0785791366448222e-01,  2.3749137266291090e-02,  1.6323830109679510e-01, -1.0936122850904131e-01, -1.3426268774448080e-01,  2.0014764590409309e-02,  2.3476775181862997e-01,  1.0132432683638783e-01
   123,  5.4684e+01,  1.0785791366448222e-01,  2.3749137266291090e-02,  1.6323830109679510e-01, -1.0936122850904131e-01, -1.3427268774448081e-01,  2.0024764590409309e-02,  2.3476775181862997e-01,  1.0132432683638783e-01
   124,  5.4684e+01,  1.0785791366448222e-01,  2.3749137266291090e-02,  1.6323830109679510e-01, -1.0936122850904131e-01, -1.3427268774448081e-01,  2.0014764590409309e-02,  2.3477775181862998e-01,  1.0132432683638783e-01
   125,  5.4685e+01,  1.0785791366448222e-01,  2.3749137266291090e-02,  1.6323830109679510e-01, -1.0936122850904131e-01, -1.3427268774448081e-01,  2.0014764590409309e-02,  2.3476775181862997e-01,  1.0133432683638782e-01
   126,  5.8029e+01,  1.0785638934728732e-01,  2.3742229141316049e-02,  1.6324422556344603e-01, -1.0935754768333583e-01, -1.3426910781658630e-01,  2.0009486443550186e-02,  2.3475948980373032e-01,  1.0132556743187487e-01
   127,  5.8029e+01,  1.0786638934728732e-01,  2.3742229141316049e-02,  1.6324422556344603e-01, -1.0935754768333583e-01, -1.3426910781658630e-01,  2.0009486443550186e-02,  2.3475948980373032e-01,  1.0132556743187487e-01
   128,  5.8029e+01,  1.0785638934728732e-01,  2.3752229141316049e-02,  1.6324422556344603e-01, -1.0935754768333583e-01, -1.3426910781658630e-01,  2.0009486443550186e-02,  2.3475948980373032e-01,  1.0132556743187487e-01
   129,  5.8029e+01,  1.0785638934728732e-01,  2.3742229141316049e-02,  1.6325422556344604e-01, -1.0935754768333583e-01, -1.3426910781658630e-01,  2.0009486443550186e-02,  2.3475948980373032e-01,  1.0132556743187487e-01
   130,  5.8029e+01,  1.0785638934728732e-01,  2.3742229141316049e-02,  1.6324422556344603e-01, -1.0934754768333584e-01, -1.3426910781658630e-01,  2.0009486443550186e-02,  2.3475948980373032e-01,  1.0132556743187487e-01
   131,  5.8029e+01,  1.0785638934728732e-01,  2.3742229141316049e-02,  1.6324422556344603e-01, -1.0935754768333583e-01, -1.3425910781658629e-01,  2.0009486443550186e-02,  2.3475948980373032e-01,  1.0132556743187487e-01
   132,  5.8029e+01,  1.0785638934728732e-01,  2.3742229141316049e-02,  1.6324422556344603e-01, -1.0935754768333583e-01, -1.3426910781658630e-01,  2.0019486443550186e-02,  2.3475948980373032e-01,  1.0132556743187487e-01
   133,  5.8029e+01,  1.0785638934728732e-01,  2.3742229141316049e-02,  1.6324422556344603e-01, -1.0935754768333583e-01, -1.3426910781658630e-01,  2.0009486443550186e-02,  2.3476948980373033e-01,  1.0132556743187487e-01
   134,  5.8029e+01,  1.0785638934728732e-01,  2.3742229141316049e-02,  1.6324422556344603e-01, -1.0935754768333583e-01, -1.3426910781658630e-01,  2.0009486443550186e-02,  2.3475948980373032e-01,  1.0133556743187487e-01
   135,  6.1377e+01,  1.0785626265246784e-01,  2.3744390593976570e-02,  1.6324341539313669e-01, -1.0935895205720705e-01, -1.3427031799651062e-01,  2.0010805213562986e-02,  2.3476004120338606e-01,  1.0132406786188244e-01
   136,  6.1377e+01,  1.0786626265246783e-01,  2.3744390593976570e-02,  1.6324341539313669e-01, -1.0935895205720705e-01, -1.3427031799651062e-01,  2.0010805213562986e-02,  2.3476004120338606e-01,  1.0132406786188244e-01
   137,  6.1377e+01,  1.0785626265246784e-01,  2.3754390593976570e-02,  1.6324341539313669e-01, -1.0935895205720705e-01, -1.3427031799651062e-01,  2.0010805213562986e-02,  2.3476004120338606e-01,  1.0132406786188244e-01
   138,  6.1377e+01,  1.0785626265246784e-01,  2.3744390593976570e-02,  1.6325341539313670e-01, -1.0935895205720705e-01, -1.3427031799651062e-01,  2.0010805213562986e-02,  2.3476004120338606e-01,  1.0132406786188244e-01
   139,  6.1377e+01,  1.0785626265246784e-01,  2.3744390593976570e-02,  1.6324341539313669e-01, -1.0934895205720706e-01, -1.3427031799651062e-01,  2.0010805213562986e-02,  2.3476004120338606e-01,  1.0132406786188244e-01
   140,  6.1377e+01,  1.0785626265246784e-01,  2.3744390593976570e-02,  1.6324341539313669e-01, -1.0935895205720705e-01, -1.3426031799651061e-01,  2.0010805213562986e-02,  2.3476004120338606e-01,  1.0132406786188244e-01
   141,  6.1377e+01,  1.0785626265246784e-01,  2.3744390593976570e-02,  1.6324341539313669e-01, -1.0935895205720705e-01, -1.3427031799651062e-01,  2.0020805213562986e-02,  2.3476004120338606e-01,  1.0132406786188244e-01
   142,  6.1377e+01,  1.0785626265246784e-01,  2.3744390593976570e-02,  1.6324341539313669e-01, -1.0935895205720705e-01, -1.3427031799651062e-01,  2.0010805213562986e-02,  2.3477004120338607e-01,  1.0132406786188244e-01
   143,  6.1377e+01,  1.0785626265246784e-01,  2.3744390593976570e-02,  1.6324341539313669e-01, -1.0935895205720705e-01, -1.3427031799651062e-01,  2.0010805213562986e-02,  2.3476004120338606e-01,  1.0133406786188244e-01
   144,  6.4730e+01,  1.0785617016270742e-01,  2.3744409503119398e-02,  1.6324342416338772e-01, -1.0935895984823599e-01, -1.3427066487782574e-01,  2.0010788599220106e-02,  2.3476002380365552e-01,  1.0132404776722916e-01
   145,  6.4730e+01,  1.0786617016270741e-01,  2.3744409503119398e-02,  1.6324342416338772e-01, -1.0935895984823599e-01, -1.3427066487782574e-01,  2.0010788599220106e-02,  2.3476002380365552e-01,  1.0132404776722916e-01
   146,  6.4730e+01,  1.0785617016270742e-01,  2.3754409503119397e-02,  1.6324342416338772e-01, -1.0935895984823599e-01, -1.3427066487782574e-01,  2.0010788599220106e-02,  2.3476002380365552e-01,  1.0132404776722916e-01
   147,  6.4730e+01,  1.0785617016270742e-01,  2.3744409503119398e-02,  1.6325342416338773e-01, -1.0935895984823599e-01, -1.3427066487782574e-01,  2.0010788599220106e-02,  2.3476002380365552e-01,  1.0132404776722916e-01
   148,  6.4730e+01,  1.0785617016270742e-01,  2.3744409503119398e-02,  1.6324342416338772e-01, -1.0934895984823599e-01, -1.3427066487782574e-01,  2.0010788599220106e-02,  2.3476002380365552e-01,  1.0132404776722916e-01
   149,  6.4730e+01,  1.0785617016270742e-01,  2.3744409503119398e-02,  1.6324342416338772e-01, -1.0935895984823599e-01, -1.3426066487782573e-01,  2.0010788599220106e-02,  2.3476002380365552e-01,  1.0132404776722916e-01
   150,  6.4730e+01,  1.0785617016270742e-01,  2.3744409503119398e-02,  1.6324342416338772e-01, -1.0935895984823599e-01, -1.3427066487782574e-01,  2.0020788599220105e-02,  2.3476002380365552e-01,  1.0132404776722916e-01
   151,  6.4730e+01,  1.0785617016270742e-01,  2.3744409503119398e-02,  1.6324342416338772e-01, -1.0935895984823599e-01, -1.3427066487782574e-01,  2.0010788599220106e-02,  2.3477002380365553e-01,  1.0132404776722916e-01
   152,  6.4730e+01,  1.0785617016270742e-01,  2.3744409503119398e-02,  1.6324342416338772e-01, -1.0935895984823599e-01, -1.3427066487782574e-01,  2.0010788599220106e-02,  2.3476002380365552e-01,  1.0133404776722915e-01
