   4.3621607686567389E-005  -559.01118895790489     
  -4.3755960189029966E-004 -0.15837145560124100     
   4155.7805290784390        2855.5982375998501     
 
   9497681.3374498207      -0.13345723794057390     
   5392590.2206415338        3131.9950026048800     
 
   1.0528630846141357E-007   4.4863481290784729E-012
  -1.8127931778443319E-004   3.1927758701124135E-004
 
  -1794.1317621933988        1419.6171113309420     
 
 
  -4.7783572301434568E-006  -543.29231165406816     
  -1.0004778357230144E-002   0.0000000000000000     
   92367.728900394723        3703.9987416875374     
 
   9232361.3379844073      -0.79426229997376618     
   370222.96840898326        3133.9685904454495     
 
   1.0831355062296534E-007   2.7450616479820412E-011
  -1.2795330608227710E-005   3.1908100170498124E-004
 
  -1794.1011712185616        1419.6066245083132     
 
 
   2.4801109725714919E-005   985.74280869514109     
  -9.6147383282722170E-005 -0.73230117706577857     
   618.02095599752533        1155.0319236761134     
 
   6427627.6600659620        2.9189856859616496E-002
  -11511940.227421314        3088.7221322146415     
 
   1.5557576252146850E-007  -1.4702631199690494E-012
   5.7984460962129034E-004   3.2375300581080353E-004
 
  -1796.3835444625986        1420.2572637958056     
 
 
   7.2824602257276147E-005   936.51969937787646     
  -9.9271753977427241E-003   1.0086575806903966     
   91396.937157565641        3354.5634231732110     
 
   9206759.3700055219       0.17642586927337978     
   653715.95980273804        3108.0811071150574     
 
   1.0861628834483111E-007  -6.1654514242300041E-012
  -2.2845028407723509E-005   3.2174322226172735E-004
 
  -1796.4613286264100        1420.2699933203767     
 
 
   2.3718079675374201E-005   889.33805327995435     
  -9.3891590090336863E-005   8.9170591823972245E-002
   621.92260962537296       -1098.1277917343541     
 
   6623859.0070973095        2.2934525290033592E-002
  -8747904.2642160859        3103.8613151246914     
 
   1.5096792377131219E-007  -1.1155065623729161E-012
   4.2548709817785663E-004   3.2217619929813575E-004
 
  -1796.4915719368385        1420.2822689516051     
 
 
   6.9332383859659411E-005   844.59658470102545     
  -9.9306676161403408E-003   3.4910042154137955E-002
   91484.804606008358        5960.8420642901037     
 
   9212352.4515155926       0.15905820438692925     
   611217.16839654115        3120.9494349363185     
 
   1.0855027384777721E-007  -5.5322304971240877E-012
  -2.1258848434774882E-005   3.2041639963790823E-004
 
  -1796.5580882152665        1420.2944052824716     
 
 
   1.6776439002867916E-005   803.21949788607515     
  -8.6975597623710949E-005  0.78574045437005680     
   565.68728663446927       -2967.3641457292106     
 
   6504195.2365324572        2.4156989919054291E-002
  -5973484.6281146333        3115.2993799528012     
 
   1.5374582743765241E-007  -1.1921924510395851E-012
   2.9480259353099349E-004   3.2099415063982408E-004
 
  -1796.5829183726762        1420.3061938319640     
 
 
   4.3985928882744885E-005   763.89610712248532     
  -9.9560140711172553E-003 -0.51656280558302115     
   91808.901117738773        7992.5603007146710     
 
   9221439.6582885273       0.22867279294543721     
   640339.33557157032        3130.9510634413155     
 
   1.0844348699733516E-007  -7.9203010669756634E-012
  -2.2178765813929296E-005   3.1939338923464024E-004
 
  -1796.6369474445989        1420.3178833364880     
 
 
   5.3921029098321152E-005   727.25560193968590     
  -9.9460789709016791E-003  -1.1928084453619476     
   91755.323492708703        10411.626482645181     
 
   9225241.0628106892       0.29120886092316728     
   670829.12718380999        3135.0440401680426     
 
   1.0839898358936007E-007  -1.0068995564921832E-011
  -2.3194951846662035E-005   3.1897693996091510E-004
 
  -1796.6575492147131        1420.3293269750679     
 
 
   4.6634485541079823E-005   693.21783788874427     
  -9.9533655144589204E-003  -1.5439000071345390     
   91851.568936920565        11832.578580389061     
 
   9228136.7397606298       0.35685515459497530     
   701989.58044215746        3138.4284451813651     
 
   1.0836517466991939E-007  -1.2321667304194622E-011
  -2.4238635619644274E-005   3.1863356681508545E-004
 
  -1796.6763024370646        1420.3406372418765     
 
 
   2.1849366738622977E-005   661.65226443617087     
  -9.9781506332613772E-003  -1.5506838642641014     
   92102.152361903209        12148.746272725228     
 
   9230317.0645600837       0.42452170612164386     
   729381.17604987056        3141.1115710201016     
 
   1.0833979729048472E-007  -1.4642140066261049E-011
  -2.5157020683310404E-005   3.1836203747980207E-004
 
  -1796.6933698734265        1420.3518436901493     
 
 
  -2.0151358238955364E-005   632.38600725578021     
  -1.0020151358238956E-002   0.0000000000000000     
   92505.023325539863        7511.3787477948645     
 
   9231898.8025543801       0.49184453782031767     
   749627.27400507918        3142.8307439685582     
 
   1.0832145467371796E-007  -1.6952015603215161E-011
  -2.5836808723841449E-005   3.1818853420992560E-004
 
  -1796.7088842363733        1420.3629740768417     
 
 
  -9.2660410472436908E-005  -350.12507626169878     
  -1.0092660410472437E-002   0.0000000000000000     
   93297.705280465336        6161.1063301486283     
 
   9244114.1865485664       -1.7519956632219917     
   610454.13989711052        3071.5958218237479     
 
   1.0817286703895070E-007   6.1700303335484079E-011
  -2.1498458240921611E-005   3.2555140480711826E-004
 
  -1793.9771736773171        1419.4938153752028     
 
 
   6.8776827176266278E-005   730.49189994472783     
  -9.9312231728237339E-003  -1.0011777590576685     
   91583.319291265056        9549.4567295208108     
 
   9221723.5538093578       0.32425840086035684     
   646998.20846679306        3120.2981693884012     
 
   1.0844038917471548E-007  -1.1269021508082386E-011
  -2.2485267020245920E-005   3.2048452960273819E-004
 
  -1796.4663672986303        1420.3084264108163     
 
 
   7.2233987597383753E-005   693.04620057750469     
  -9.9277660124026165E-003  -1.5291720672814790     
   91563.047877372883        11406.260885314594     
 
   9222872.0444691516       0.34806910562885873     
   667820.89992040605        3123.4491885559482     
 
   1.0842696985699760E-007  -1.2082821312556903E-011
  -2.3182639516226551E-005   3.2016146535200477E-004
 
  -1796.4863297070322        1420.3190574764301     
 
 
   6.3534655066208381E-005   658.13800607648977     
  -9.9364653449337918E-003  -1.8884639688889138     
   91652.537098624234        12783.636637507894     
 
   9223785.4064830728       0.37758623456800605     
   692432.74726372992        3125.9810819148188     
 
   1.0841634141897449E-007  -1.3095574493033809E-011
  -2.4015188566348672E-005   3.1990246952872406E-004
 
  -1796.5042288265313        1420.3294860766609     
 
 
   4.1939136484044071E-005   625.69270673387382     
  -9.9580608635159561E-003  -2.1227388924087336     
   91857.181387336284        13794.881918060026     
 
   9224316.9498116225       0.41068487197907333     
   718517.29915685358        3127.9602711912926     
 
   1.0841021970495025E-007  -1.4233696511686901E-011
  -2.4902687857264755E-005   3.1970042470402538E-004
 
  -1796.5202306219594        1420.3397362882640     
 
 
   7.2714221209923408E-006   595.59684410556406     
  -9.9927285778790079E-003  -2.5533653581580893     
   92178.539720743531        15409.938062327899     
 
   9224447.5934327804       0.44593645673046750     
   742464.25439290132        3129.4754837460823     
 
   1.0840881898829530E-007  -1.5447778667403513E-011
  -2.5719860525448481E-005   3.1954603083403116E-004
 
  -1796.5344802407842        1420.3498310422078     
 
 
  -4.0272791038188996E-005   567.70177200246042     
  -1.0040272791038189E-002   0.0000000000000000     
   92612.862697805191        7646.1865923907171     
 
   9224138.0911951084       0.47882119714006205     
   761551.67807946273        3129.8949680080791     
 
   1.0841258236544647E-007  -1.6585298549588474E-011
  -2.6378451951017874E-005   3.1950357465137808E-004
 
  -1796.5471030534561        1420.3597919622284     
 
 
  -1.1336053439564564E-004  -133.84897661222141     
  -1.0113360534395646E-002   0.0000000000000000     
   93215.163803424162        7537.8585449930251     
 
   9217031.6173737105      -0.78481016750428578     
   745336.67808605195        3032.2478874309591     
 
   1.0849252908425847E-007   2.8080171240788496E-011
  -2.6667826716939796E-005   3.2978143870212055E-004
 
  -1794.1346142341836        1419.4573754610312     
 
 
  -4.5409056610793905E-005   155.76996153538428     
  -1.0045409056610794E-002   0.0000000000000000     
   93225.487516706256        992.50883486538078     
 
   9280407.2976356689       0.59951854048336062     
   98802.231872499804        3034.6953067013037     
 
   1.0775411802146812E-007  -2.1287340256087464E-011
  -3.5082096480869839E-006   3.2952306646024521E-004
 
  -449.00854318608066        355.94183259635031     
 
 
   9.4585948295072136E-006  -10.661341716172062     
  -9.9905414051704930E-003  0.64520737922191707     
   92558.821780325787        1667.0276996476605     
 
   9264637.6055412572      -0.11806787818229755     
   361725.93448186654        3017.3402983474152     
 
   1.0793713848362169E-007   4.2235570594439786E-012
  -1.2939760989064025E-005   3.3141719970318593E-004
 
  -1051.8441123203800        853.80506932690412     
 
 
  -4.8094157892440703E-005   22.776108766969518     
  -1.0048094157892441E-002   3.5527136788005009E-015
   93063.180490073340        3359.4429248202650     
 
   9261774.3253306746       -1.8732523324374147E-002
   334336.33005733223        3020.9677078049299     
 
   1.0797064806730529E-007   6.6950821024770444E-013
  -1.1949320125293306E-005   3.3101968404875584E-004
 
  -1051.8577185956497        853.80480303937554     
 
 
   5.2481906040841367E-005  -993.44550160212111     
  -9.9475180939591588E-003  -2.0367478240323180     
   91946.933345927973        8282.7320761819283     
 
   9243355.3818460628      -0.74214581829038095     
   180925.50983638171        3183.0019489555280     
 
   1.0818532826596740E-007   2.5224392023795663E-011
  -6.1493791041376288E-006   3.1416739678470884E-004
 
  -594.14063899373048        472.46472949275665     
 
 
   2.6354142772211722E-005  -957.74173707791113     
  -9.9736458572277885E-003  -2.8822788628320950     
   92162.808027153893        10784.798815875722     
 
   9240888.3354125656      -0.88112100150808614     
   159188.23189674321        3190.9167030640651     
 
   1.0821418968605721E-007   2.9881630912522874E-011
  -5.3985820142909487E-006   3.1338807504306438E-004
 
  -594.11456372169073        472.44835234824853     
 
 
  -2.0310912127664144E-005  -924.58532403225365     
  -1.0020310912127664E-002   0.0000000000000000     
   92588.726348920434        2101.8870101265784     
 
   9240105.1385401189       -1.0628724374856777     
   209762.65392951286        3197.4155866942001     
 
   1.0822306010340707E-007   3.5975088181512775E-011
  -7.0998453870472651E-006   3.1275022800646238E-004
 
  -594.09029380528057        472.43169493242675     
 
 
  -7.7811839402849858E-006   89.761869175951176     
  -1.0007781183940285E-002   0.0000000000000000     
   92054.290137396645        3838.2124022208154     
 
   9198271.6693604644        1.6423455348813891E-002
   383522.81406592770        3021.0925013785450     
 
   1.0871610043836750E-007  -5.9100938499299901E-013
  -1.3801333377038600E-005   3.3100615959599897E-004
 
  -605.55533600517049        481.40530124819384     
 
 
   3.0900796059853824E-005  -1584.9108400204188     
  -9.9690992039401464E-003   1.7598815610770089     
   93855.377203022668        2571.1184983149205     
 
   9414162.1090353448       -2.6485964612655049     
   778504.07414873387        2948.9858649176344     
 
   1.0621505370453077E-007   9.5395782910204998E-011
  -2.8039758694202248E-005   3.3907444111207219E-004
 
  -607.40815855331539        483.70739544048030     
 
 
   1.0391733936902792E-005  -1573.7812285516145     
  -9.9896082660630974E-003 -0.21015690988542701     
   93752.926742893396        10338.674181834282     
 
   9385091.9198131636       -2.2129990131709358     
   972712.09873725846        2958.0819404315266     
 
   1.0654370528920609E-007   7.9707431846932624E-011
  -3.5034983231055822E-005   3.3803068601636303E-004
 
  -607.35259683836330        483.68689069624889     
 
 
  -4.0048508831713736E-006  -1554.6290139639366     
  -1.0004004850883172E-002   0.0000000000000000     
   93488.685189625889        10809.436461985533     
 
   9345125.9353770260       -1.8151763634561604     
   1080510.9176882682        2973.7424309537082     
 
   1.0700010203169321E-007   6.5313005616642275E-011
  -3.8878544838170256E-005   3.3625287051632004E-004
 
  -607.29819357506665        483.66697686908071     
 
 
  -3.3967636785542518E-008   599.72033876328908     
  -2.8524383073128279E-005 -0.73976068767626657     
   81.569553838334457        629.69062737061176     
 
   2859886.9121347433       -9.4030263283831714E-003
  -52986049.066024065        2894.2940928465027     
 
   3.4968522399507306E-007   1.1360626330264986E-012
   6.4017124182581143E-003   3.4552818870140065E-004
 
  -1678.9713619922443        1330.0835730593517     
 
 
   3.5477635701277113E-005  -90.744570265403979     
  -9.9645223642987231E-003  -1.6342668511114766E-002
   92912.714377397351       -24.392128579216660     
 
   9324352.7339816745      -0.42667285172649139     
  -7431.6743822711423        3038.7299952486701     
 
   1.0724606205277093E-007   1.5058588029881018E-011
   2.6228648586852028E-007   3.2908488528895748E-004
 
  -232.94799610073156        203.33782171891863     
 
 
   1.0562066962325076E-004  -126.23432201571686     
   1.0058303874551291E-004  0.48728223552784300     
   595.04595152543607        720.27792739996221     
 
  -5915915.7757944632       -1.0601317129479025E-002
  -21882907.652439643        3038.8372752103851     
 
  -1.6903335573658366E-007  -5.8969140080049332E-013
  -1.2172225686252164E-003   3.2906898437603957E-004
 
  -232.93229060668631        203.33554674836799     
 
 
   2.3102962849142688E-005   1574.8598035444600     
  -1.9013199558456164E-005 -0.10964924015843280     
   57.487202576719170        120.28371797565524     
 
   3024162.2327824468      -0.10759265000647597     
  -11371637.276755029        3068.8304482424178     
 
   3.3071369009230925E-007   1.1594763187660215E-011
   1.2254688519337314E-003   3.2590000272386373E-004
 
  -239.28918621284691        212.02676938478339     
 
 
   1.1375272719083875E-004   1570.8400635258929     
  -9.8862472728091615E-003  -2.3810097963048520     
   89044.666195841681        15004.806636377691     
 
   9007609.4349588286       -2.8508975732340556     
   785042.66011692339        3042.2725643547687     
 
   1.1100818069606603E-007   1.0402518060463873E-010
  -2.8645085417210967E-005   3.2867480301113989E-004
 
  -239.42378251799428        212.04804314625659     
 
 
   3.1058233029729864E-005   1029.7090364179187     
   2.8353735866933439E-005   3.4394207332525184E-002
   144.04327012770904        145.96504553267732     
 
  -5080240.3746472932        1.5223364976395128E-002
  -8684225.2749866247        2915.1764759107009     
 
  -1.9684283676908069E-007   1.0279344567599619E-012
  -5.8638904107378000E-004   3.4303546803353906E-004
 
  -154.07301747176408        147.31388645116542     
 
 
   1.5289412097597120E-004   1128.6891071410946     
  -9.8471058790240290E-003   3.5825272812498952     
   90056.682296481333       -9747.2830997635901     
 
   9145264.9300390389      -0.63928017341839039     
   57095.275876781954        2877.7188607807320     
 
   1.0934605183630446E-007   2.4291032711084300E-011
  -2.1694763448632794E-006   3.4749697989103911E-004
 
  -152.76599603138609        147.34717173319981     
 
 
  -1.4413104040357505E-005  -241.72494094872408     
  -1.0014413104040358E-002   0.0000000000000000     
   93160.369103819379        14872.605012626656     
 
   9302628.9345137402      -0.98038075891829801     
   1485119.9823808155        2953.9929347160596     
 
   1.0749079924417230E-007   3.5674395189393181E-011
  -5.4041000573669062E-005   3.3850690957693864E-004
 
  -376.98714133955383        297.29467771531199     
 
 
  -8.7092928974593850E-005  -879.99203993326000     
  -1.0087092928974594E-002   0.0000000000000000     
   93715.886274337026        28657.847354816869     
 
   9290673.4313058145       -2.0621751689206254     
   2841041.2748849494        2785.8964047195282     
 
   1.0761046582642313E-007   7.9655377768999403E-011
  -1.0974053970727010E-004   3.5886966008150779E-004
 
  -313.82235426138072        259.60014329778312     
 
 
   9.4692148001167264E-005  -1223.9334107617808     
  -9.9053078519988329E-003 -0.27867087300433013     
   91821.601399878942        18112.879379425372     
 
   9269956.3166337404      -0.60892965809835942     
   1747443.3993067387        2884.8172996406338     
 
   1.0787108130822812E-007   2.2769518425968359E-011
  -6.5341610725790276E-005   3.4662861030398278E-004
 
  -1947.3689320087508        1538.0936113548817     
 
 
   1.4845498487498637E-004  -1384.8276490062462     
  -9.8515450151250138E-003   1.2753094675963439     
   91336.694079240406        10190.772607603896     
 
   9271250.7935941964      -0.43090688780715836     
   1415949.1020137388        2947.1385616653465     
 
   1.0785790316567218E-007   1.5770114776097582E-011
  -5.1820197095252874E-005   3.3930459983363813E-004
 
  -1947.3371401708589        1538.0431411076047     
 
 
   2.6051059239856969E-005  -7.2590585691229892     
  -9.9739489407601432E-003  0.56420594081882403     
   92895.693937397606       -1603.4070116066287     
 
   9313824.4098544698      -0.15035343925065764     
   10588.297114975065        3029.0608849682089     
 
   1.0736727466247001E-007   5.3293874311284377E-012
  -3.7530992202664096E-007   3.3013530646854521E-004
 
  -1784.8447058214799        1414.4268858367502     
 
 
  -5.0819184522592209E-006  -41.196591074058389     
  -1.0005081918452259E-002   0.0000000000000000     
   93184.338651360231       -168.81779817408824     
 
   9313700.7183820661      -0.25700862432162375     
  -16873.204992229490        3032.8254002499684     
 
   1.0736872310596394E-007   9.0986734080896159E-012
   5.9734875425784098E-007   3.2972559298710718E-004
 
  -1784.8314376862429        1414.4267141910072     
 
 
   4.7093495793100806E-005  -1597.7558858219390     
  -9.9529065042068994E-003   2.0947371184765871     
   93136.757823147520       -19057.265592696316     
 
   9357429.1389283072       -1.4992256665991319     
  -1256359.5077580479        3128.2382970684826     
 
   1.0687383636453858E-007   5.1219882678306160E-011
   4.2922548634799992E-005   3.1968931251937042E-004
 
  -1812.5481857610266        1437.3776903652672     
 
 
   4.8691942677186126E-005  -1596.1152602798336     
   4.5892372730950712E-005  0.30533864762992380     
   662.31702182211279        4265.6397518149570     
 
  -14431855.935105044       -1.6080666260179663E-002
  -113791385.93464784        3132.6428950095933     
 
  -6.9288352914622561E-008  -3.5567503743007392E-013
  -2.5168581199740462E-003   3.1920635730217384E-004
 
  -1812.4800606747303        1437.3569076715964     
 
 
  -3.8902315295435967E-005  -1596.4339475418951     
  -4.7446721067068494E-005  -2.2658802777903020     
   113.21091128033584        4509.4062585182073     
 
   2390317.0413620556       -8.9057945827061960E-002
  -47038312.085110389        2975.0997868521054     
 
   4.1860113135975631E-007   1.2530590417348323E-011
   6.6183631026757650E-003   3.3632129659804316E-004
 
  -1819.9964314306858        1440.3531139142870     
 
 
  -9.8202018250601042E-005  -90.469333499559511     
  -1.0098202018250601E-002   0.0000000000000000     
   93577.474554846121        6385.8064743134346     
 
   9266746.1381464172      -0.71829153990752159     
   632370.64011715050        3044.1705597903961     
 
   1.0791100603016057E-007   2.5462292986537158E-011
  -2.2416533705547997E-005   3.2849141621760458E-004
 
  -1492.1608887700386        1180.7498382464289     
 
 
   4.9935621378991795E-005  -1199.3052388171841     
   4.6993361994838560E-005  0.43507157335488955     
   167.62509991131793        565.07409676804673     
 
  -3566927.5556322187       -7.3139233250336527E-003
  -39428602.199294925        2959.9922362271982     
 
  -2.8034566771455382E-007  -6.9271354602709364E-013
  -3.7343468929843583E-003   3.3782949665696398E-004
 
  -615.49392529499517        487.23747906857676     
 
 
  -1.2757568966899856E-004  -627.59762993337381     
  -1.0127575689668999E-002   0.0000000000000000     
   94251.267285359121        6491.1911875546502     
 
   9306399.6926237289       -3.0949556758811432     
   640942.25374947069        3029.0637708608847     
 
   1.0744537830734780E-007   1.0978266177110312E-010
  -2.2735171041877281E-005   3.3011178083225152E-004
 
  -618.98245028246151        491.09643326725279     
 
 
   1.9813888440730308E-004  -617.83149054232547     
  -9.8018611155926971E-003   2.8423586711503503     
   91049.181258093333       -2779.3367108886014     
 
   9288703.5863016210      -0.91429744015733583     
   590240.59486886591        3013.2696248048283     
 
   1.0765557435981374E-007   3.2665253466065373E-011
  -2.1087621807225962E-005   3.3185902496399809E-004
 
  -525.84715995301917        416.09795231188099     
 
 
   5.7555075772573532E-005  -438.81041991866584     
  -1.3261908906274329E-004  -2.6501034623532291     
   849.50703374381430        6352.2236941228621     
 
   6406655.8619147437       -5.2009517274140042E-002
  -12584871.776510416        3026.7565168842420     
 
   1.5609294091931468E-007   2.6821842000926634E-012
   6.4901475745732067E-004   3.3039782003135116E-004
 
  -525.63214664548980        416.07765925586256     
 
 
   1.2472970553201179E-004  -374.70092285088276     
  -9.8752702944679884E-003   4.1994420358016100     
   91465.947326033289       -2940.4594973135099     
 
   9261928.7997591272      -0.45172198550617892     
   988824.25259983551        3025.4891381151974     
 
   1.0796715043816049E-007   1.6120082849067289E-011
  -3.5287033588181095E-005   3.3051979842640896E-004
 
  -525.57625097761422        416.07238413178641     
 
 
  -5.1618407151635479E-005  -314.73000480523280     
  -1.2279464137914399E-004  -1.6506948473082161     
   217.43018181828654        921.19952932259184     
 
   1770932.0832340159       -1.8651690410883194E-002
  -33203389.098342746        3028.0568176344618     
 
   5.6473961380529538E-007   3.4785834856582471E-012
   6.1925090134450165E-003   3.3028293753823362E-004
 
  -525.56409499579479        416.06780033023546     
 
 
