   9.5472539954542107E-005  -168.77236844855315     
  -9.9045274600454581E-003  0.12477073178234832     
   2816.5983548774220       -109.59643783307251     
 
   284375.64246667095        6.4156887399826681E-002
  -4273.1010049119177        539.17606019760956     
 
   3.5164692845912016E-006  -4.1842681934687837E-010
   2.7868871678429864E-005   1.8546784359332192E-003
 
  -1204.5377132362858        2487.3925374634646     
 
 
   1.1707269215907763E-004  -153.09306138010751     
  -9.8829273078409226E-003  0.25577471866623114     
   2818.2021577090436       -227.24573133921353     
 
   285160.13885040686        5.7729096247157628E-002
  -9204.4058780937303        532.80972351293394     
 
   3.5067892264690561E-006  -3.7995510186745545E-010
   6.0580559897691130E-005   1.8768360609972090E-003
 
  -1217.6571881043028        2485.6940509959527     
 
 
   1.7473223988900832E-004   62.549823790189585     
  -9.8252677601109919E-003  0.22799767816814409     
   2782.4345714249407       -206.99386134986116     
 
   283190.72844608949       -4.3146321972257935E-002
  -8624.3175332280298        536.22314630551966     
 
   3.5311977052792932E-006   2.8413207111516742E-010
   5.6793837589366486E-005   1.8648998226485345E-003
 
  -300.21753077408289        584.68833969269872     
 
 
   1.4761447427642547E-005  -44.978681710395662     
  -9.1857251290794025E-005  -9.8988206277141444E-002
   22.902629066619234        46.937469208679090     
 
   249326.34654347197        1.9820417735949853E-003
  -66490.177004027661        535.87266706901096     
 
   4.0108036214099801E-006  -1.4834830757092638E-011
   4.9765375079599127E-004   1.8661131180640997E-003
 
  -204.82878993074232        357.88109319366419     
 
 
  -7.4518686550407585E-006  -45.059452439493761     
  -1.2665885200399675E-005  -8.6049087070421137E-003
  0.34640128254836355       0.43885598197852715     
 
   27348.774316359224        5.6324661696612022E-004
  -329043.09140165715        535.33142076052820     
 
   3.6564247079026222E-005  -3.8470912915809520E-011
   2.2474326047524810E-002   1.8679780461816255E-003
 
  -205.09320331335712        357.87889940250875     
 
 
   1.4424547803591585E-004   155.60806943809067     
  -9.8557545219640844E-003  0.24054743101802956     
   2793.4396367897129       -294.59247615158097     
 
   283430.39446174551       -8.0004642822530933E-002
  -16754.780156997884        538.19521292258707     
 
   3.5282341173167000E-006   5.2448461742596772E-010
   1.0983893122543203E-004   1.8580781909858792E-003
 
   101.50599643309255        324.18549005730779     
 
 
   1.3637139588308968E-005  -13.207387257408328     
  -2.0991702977183107E-005  -1.1633945797303369E-002
   3.5210116884256601        3.5682839138478926     
 
   167733.21722240280        4.9966586986310445E-004
  -126890.53280478770        535.66798381910030     
 
   5.9618441171183060E-006  -5.5611500346344404E-012
   1.4122583379478362E-003   1.8668266996528535E-003
 
  -1022.4323140774379        1988.3118393646423     
 
 
   8.6816174106411271E-006  -13.882497358559378     
  -2.2916074622212681E-005  -1.2522078425305949E-002
   3.7059536999563276        3.7031059634958865     
 
   161718.24958460842        4.9709813460983897E-004
  -131117.39630637373        535.67800597440998     
 
   6.1835893610343186E-006  -5.7382433146046467E-012
   1.5135512897748967E-003   1.8667916854220230E-003
 
  -1022.4556895310460        1988.3111778913226     
 
 
   1.7788194302635098E-004  -14.454227562813660     
  -9.8221180569736492E-003  0.11522389985703363     
   2779.5711275849753       -104.24748536486265     
 
   282991.01491068042        2.5975963368465860E-004
  -4328.6034265259686        535.75197128632851     
 
   3.5336810707555490E-006  -1.7133071826016762E-012
   2.8550345702690184E-005   1.8665353487786428E-003
 
  -1022.4662020334251        1988.3104824227025     
 
 
  -9.3710956018885905E-005  -287.04234725995576     
  -1.0093710956018886E-002   0.0000000000000000     
   2922.9865534411024       -39.633385993193542     
 
   289584.92730546475      -0.15707930708557835     
  -3926.5425932940593        536.45869377208010     
 
   3.4532321124695640E-006   1.0111334082747561E-009
   2.5275502348188906E-005   1.8640838183214472E-003
 
  -711.85247391017913        1475.0837091692199     
 
 
   6.4077697047595854E-006  -11.284033249058906     
   5.4421673398342694E-006  -4.9186923244874947E-003
  0.72154712893385664       -1.1913990705586457     
 
  -132584.46298285940        5.9918176214369896E-005
   702799.56078876415        535.37679771224907     
 
  -7.5423574094005271E-006   8.4412380637219293E-013
   9.9009996273458113E-003   1.8678422580569749E-003
 
  -1098.9404522832426        2335.4457750561501     
 
 
   8.5158722910899654E-005  -8.8491350695867723     
  -9.9148412770891006E-003 -0.13405221981299320     
   2822.4738041496057        165.01522263056017     
 
   284671.66365587158       -4.1557182425189260E-003
   9404.4441493507056        535.40069452503349     
 
   3.5128179978828858E-006   2.7266086849964203E-011
  -6.1703507309101766E-005   1.8677595188118542E-003
 
  -1099.0862394266171        2335.4449045032952     
 
 
   1.0585377722916248E-004  -283.92556407336025     
  -9.8941462227708377E-003 -0.15256811717915753     
   2805.7831055133202        146.14528651093508     
 
   283577.65117276413       0.15966179920040785     
   6495.0966312443561        536.69044505681904     
 
   3.5263950093831315E-006  -1.0490788071135538E-009
  -4.2676884891171164E-005   1.8632841763418315E-003
 
  -531.77780156939968        997.66755685762712     
 
 
   1.5901050073170546E-004   47.792816932095782     
  -9.8409894992682947E-003  0.11486278884245849     
   2791.0685278722349       -109.40252868743096     
 
   283616.19598871237       -3.9362834065750432E-002
  -4861.9716925209013        535.90825136607225     
 
   3.5258961698750519E-006   2.5897952777191229E-010
   3.1988325100429046E-005   1.8659933983140792E-003
 
  -1450.4648331935828        3035.0400567590732     
 
 
  -9.5631119791747797E-006   54.329794183474434     
  -3.0326150659442947E-005  -8.4356900203061969E-003
   4.2423337214075048        2.1896944649292962     
 
   139890.75690090825       -1.7127505766053061E-003
  -76822.116085323461        535.74912312204299     
 
   7.1484476728432206E-006   2.2853061899843802E-011
   1.0250299127935755E-003   1.8665485624934470E-003
 
  -1430.6924198279537        3006.7702440584294     
 
 
   5.9807682764695969E-006   223.91728258304121     
  -2.6458149301696382E-005  -7.3379874946510881E-003
   5.5292250872463642        2.8819203033538088     
 
   208981.61754811654       -5.6897278370550610E-003
  -40825.502807148601        539.94198747786982     
 
   4.7851197168308954E-006   5.0423989035691856E-011
   3.6180723663397025E-004   1.8520546313796208E-003
 
  -796.85415553007965        1697.3248982075399     
 
 
   3.8116107128199905E-007   226.77923574608835     
  -1.7225184188059063E-005  -4.9840512828041028E-003
   2.7956631927173898        1.5484818484887910     
 
   162302.66552108357       -6.0422926068533925E-003
  -66449.254907197959        540.34004680458327     
 
   6.1613564697517235E-006   6.8898684940213427E-011
   7.5770350366185905E-004   1.8506949173580970E-003
 
  -797.19261562997781        1697.3402079062173     
 
 
  -7.9399841418271677E-007   229.64422471087448     
  -1.7570979850134163E-005  -5.4174647385138996E-003
   2.8482009974686369        1.6980989103315096     
 
   162099.01778312091       -6.9364041916700611E-003
  -69969.474456686759        540.38766792783542     
 
   6.1691030230279796E-006   7.9186470394232216E-011
   7.9877636372721356E-004   1.8505336076049398E-003
 
  -797.47237869635421        1697.3558284406720     
 
 
   1.7820399471045467E-004   125.53123108781006     
  -9.8217960052895455E-003   9.0646727630414148E-002
   2781.3041213530946       -91.431731289599753     
 
   283175.96038732259       -8.3895216717377347E-002
  -4357.5771841592350        536.50582189543400     
 
   3.5313817067925032E-006   5.5221401429802527E-010
   2.8682388384362232E-005   1.8639171571004718E-003
 
  -752.88745320727026        1724.9694696418937     
 
 
   1.7655513182917096E-004   128.77996547309090     
  -9.8234448681708293E-003   7.8699515001062537E-002
   2781.0017761021591       -81.267183559592468     
 
   283097.73410689988       -8.6313097907144698E-002
  -3974.7422560662621        536.49024573239399     
 
   3.5323569862194941E-006   5.6830236303425892E-010
   2.6170482480013016E-005   1.8639709981870319E-003
 
  -790.54043132747722        1913.4518840562541     
 
 
   4.1097442657639676E-006   134.35230482272343     
  -8.3176227647230373E-006  -9.7870031220281817E-003
  0.92096679849469643        1.9822969913949464     
 
   110727.62199075997       -2.4308625428344430E-003
  -396991.02189330681        539.93224346608793     
 
   9.0313159792852128E-006   4.0660449514209221E-011
   6.6403727561104194E-003   1.8521141382737449E-003
 
   13.744969042070501       -62.359113253712579     
 
 
   1.4071002511472307E-005   136.08660479598629     
  -1.3530055507090957E-004 -0.20937149440220537     
   32.988883522101986        97.515875798371098     
 
   243832.12519574192       -8.3027587225872716E-003
  -112614.18651379269        538.52907753502257     
 
   4.1012115193150545E-006   6.3230327080999593E-011
   8.5762239818633476E-004   1.8569231678428973E-003
 
   13.761838361546722       -62.351781574223409     
 
 
  -3.7518807884496150E-007   137.81662772179482     
  -7.4123991322929499E-006  -8.9832034646804004E-003
  0.40022234666283740       0.90150374479662787     
 
   53995.911144696904       -1.8810943721372724E-003
  -533716.80024205521        540.74537117042439     
 
   1.8520557665988755E-005   6.4427582096408240E-011
   1.8279828738607281E-002   1.8493628228724813E-003
 
   13.756024758950861       -62.344322949829021     
 
 
   1.5150376368167767E-004  -58.089311660057355     
  -9.8484962363183225E-003  0.20785224010045766     
   2793.2869360643763       -208.83275889469246     
 
   283626.33857288503        2.8827649031269525E-002
  -9879.9235920606952        536.58487649334586     
 
   3.5257590447590409E-006  -1.8941895078252015E-010
   6.4918396869256904E-005   1.8636345755593435E-003
 
  -821.16359350288587        1677.1919113841971     
 
 
   1.6242246589508354E-004   27.687322723933651     
  -9.8375775341049167E-003   5.3197087430479684E-002
   2792.3645548183958       -41.244280858978698     
 
   283846.69660219381       -1.2579537563002372E-002
  -1295.9465828461891        535.65537600925404     
 
   3.5230288715430745E-006   8.2736169578464794E-011
   8.5234974422544322E-006   1.8668721570048801E-003
 
  -866.14564371494885        1658.9051397713549     
 
 
   3.9473328218981446E-005  -289.56703260397603     
  -9.9605266717810188E-003  -8.4511589773057949E-002
   2849.6131194680161        93.369823664970511     
 
   286090.21929002862        4.5670588093372592E-002
   4824.0809726725483        536.25114131112116     
 
   3.4954058847871886E-006  -2.9769119370628661E-010
  -3.1444447799853722E-005   1.8648005739278126E-003
 
  -1033.7195489696630        2084.5824649528413     
 
 
