Problem type:
least_squares
nparams:
8
function_evaluation,seconds,x(0),x(1),x(2),x(3),x(4),x(5),x(6),x(7)
     0,  6.8256e+00,  9.5977722221744818e-02,  2.4304415477843729e-02,  1.7581544716948719e-01, -1.1060777825504010e-01, -1.3129751406136711e-01,  1.6653257308872869e-02,  2.0277937099479160e-01,  8.2601196828058485e-02
     1,  6.8258e+00,  9.5978681998967030e-02,  2.4304415477843729e-02,  1.7581544716948719e-01, -1.1060777825504010e-01, -1.3129751406136711e-01,  1.6653257308872869e-02,  2.0277937099479160e-01,  8.2601196828058485e-02
     2,  6.8258e+00,  9.5977722221744818e-02,  2.4304658521998507e-02,  1.7581544716948719e-01, -1.1060777825504010e-01, -1.3129751406136711e-01,  1.6653257308872869e-02,  2.0277937099479160e-01,  8.2601196828058485e-02
     3,  6.8258e+00,  9.5977722221744818e-02,  2.4304415477843729e-02,  1.7581720532395889e-01, -1.1060777825504010e-01, -1.3129751406136711e-01,  1.6653257308872869e-02,  2.0277937099479160e-01,  8.2601196828058485e-02
     4,  6.8258e+00,  9.5977722221744818e-02,  2.4304415477843729e-02,  1.7581544716948719e-01, -1.1060667217725756e-01, -1.3129751406136711e-01,  1.6653257308872869e-02,  2.0277937099479160e-01,  8.2601196828058485e-02
     5,  6.8259e+00,  9.5977722221744818e-02,  2.4304415477843729e-02,  1.7581544716948719e-01, -1.1060777825504010e-01, -1.3129620108622650e-01,  1.6653257308872869e-02,  2.0277937099479160e-01,  8.2601196828058485e-02
     6,  6.8259e+00,  9.5977722221744818e-02,  2.4304415477843729e-02,  1.7581544716948719e-01, -1.1060777825504010e-01, -1.3129751406136711e-01,  1.6653423841445959e-02,  2.0277937099479160e-01,  8.2601196828058485e-02
     7,  6.8259e+00,  9.5977722221744818e-02,  2.4304415477843729e-02,  1.7581544716948719e-01, -1.1060777825504010e-01, -1.3129751406136711e-01,  1.6653257308872869e-02,  2.0278139878850154e-01,  8.2601196828058485e-02
     8,  6.8259e+00,  9.5977722221744818e-02,  2.4304415477843729e-02,  1.7581544716948719e-01, -1.1060777825504010e-01, -1.3129751406136711e-01,  1.6653257308872869e-02,  2.0277937099479160e-01,  8.2602022840026768e-02
     9,  2.5191e+01,  1.0254016152552257e-01,  2.0656331032965526e-02,  1.7255615825689949e-01, -1.0913609195628897e-01, -1.3734751425133540e-01,  1.5722075217799111e-02,  2.1794789876744081e-01,  9.4062052402630977e-02
    10,  2.5191e+01,  1.0254118692713783e-01,  2.0656331032965526e-02,  1.7255615825689949e-01, -1.0913609195628897e-01, -1.3734751425133540e-01,  1.5722075217799111e-02,  2.1794789876744081e-01,  9.4062052402630977e-02
    11,  2.5191e+01,  1.0254016152552257e-01,  2.0656537596275854e-02,  1.7255615825689949e-01, -1.0913609195628897e-01, -1.3734751425133540e-01,  1.5722075217799111e-02,  2.1794789876744081e-01,  9.4062052402630977e-02
    12,  2.5192e+01,  1.0254016152552257e-01,  2.0656331032965526e-02,  1.7255788381848206e-01, -1.0913609195628897e-01, -1.3734751425133540e-01,  1.5722075217799111e-02,  2.1794789876744081e-01,  9.4062052402630977e-02
    13,  2.5192e+01,  1.0254016152552257e-01,  2.0656331032965526e-02,  1.7255615825689949e-01, -1.0913500059536940e-01, -1.3734751425133540e-01,  1.5722075217799111e-02,  2.1794789876744081e-01,  9.4062052402630977e-02
    14,  2.5192e+01,  1.0254016152552257e-01,  2.0656331032965526e-02,  1.7255615825689949e-01, -1.0913609195628897e-01, -1.3734614077619289e-01,  1.5722075217799111e-02,  2.1794789876744081e-01,  9.4062052402630977e-02
    15,  2.5192e+01,  1.0254016152552257e-01,  2.0656331032965526e-02,  1.7255615825689949e-01, -1.0913609195628897e-01, -1.3734751425133540e-01,  1.5722232438551288e-02,  2.1794789876744081e-01,  9.4062052402630977e-02
    16,  2.5192e+01,  1.0254016152552257e-01,  2.0656331032965526e-02,  1.7255615825689949e-01, -1.0913609195628897e-01, -1.3734751425133540e-01,  1.5722075217799111e-02,  2.1795007824642848e-01,  9.4062052402630977e-02
    17,  2.5192e+01,  1.0254016152552257e-01,  2.0656331032965526e-02,  1.7255615825689949e-01, -1.0913609195628897e-01, -1.3734751425133540e-01,  1.5722075217799111e-02,  2.1794789876744081e-01,  9.4062993023155003e-02
    18,  4.2420e+01,  1.0562898810405776e-01,  2.2864196626550579e-02,  1.6780436978589836e-01, -1.0962404335587285e-01, -1.3739398543321338e-01,  1.7870142347071225e-02,  2.2602658963264990e-01,  9.7208843170274756e-02
    19,  4.2420e+01,  1.0563004439393879e-01,  2.2864196626550579e-02,  1.6780436978589836e-01, -1.0962404335587285e-01, -1.3739398543321338e-01,  1.7870142347071225e-02,  2.2602658963264990e-01,  9.7208843170274756e-02
    20,  4.2420e+01,  1.0562898810405776e-01,  2.2864425268516845e-02,  1.6780436978589836e-01, -1.0962404335587285e-01, -1.3739398543321338e-01,  1.7870142347071225e-02,  2.2602658963264990e-01,  9.7208843170274756e-02
    21,  4.2420e+01,  1.0562898810405776e-01,  2.2864196626550579e-02,  1.6780604782959621e-01, -1.0962404335587285e-01, -1.3739398543321338e-01,  1.7870142347071225e-02,  2.2602658963264990e-01,  9.7208843170274756e-02
    22,  4.2420e+01,  1.0562898810405776e-01,  2.2864196626550579e-02,  1.6780436978589836e-01, -1.0962294711543930e-01, -1.3739398543321338e-01,  1.7870142347071225e-02,  2.2602658963264990e-01,  9.7208843170274756e-02
    23,  4.2420e+01,  1.0562898810405776e-01,  2.2864196626550579e-02,  1.6780436978589836e-01, -1.0962404335587285e-01, -1.3739261149335905e-01,  1.7870142347071225e-02,  2.2602658963264990e-01,  9.7208843170274756e-02
    24,  4.2420e+01,  1.0562898810405776e-01,  2.2864196626550579e-02,  1.6780436978589836e-01, -1.0962404335587285e-01, -1.3739398543321338e-01,  1.7870321048494696e-02,  2.2602658963264990e-01,  9.7208843170274756e-02
    25,  4.2420e+01,  1.0562898810405776e-01,  2.2864196626550579e-02,  1.6780436978589836e-01, -1.0962404335587285e-01, -1.3739398543321338e-01,  1.7870142347071225e-02,  2.2602884989854624e-01,  9.7208843170274756e-02
    26,  4.2420e+01,  1.0562898810405776e-01,  2.2864196626550579e-02,  1.6780436978589836e-01, -1.0962404335587285e-01, -1.3739398543321338e-01,  1.7870142347071225e-02,  2.2602658963264990e-01,  9.7209815258706464e-02
    27,  5.4699e+01,  1.0685932686075066e-01,  2.3254246461761077e-02,  1.6566256848547264e-01, -1.0948485624435611e-01, -1.3624988862096007e-01,  1.8857618440206073e-02,  2.3013974561055783e-01,  9.9152955640029017e-02
    28,  5.4699e+01,  1.0686039545401926e-01,  2.3254246461761077e-02,  1.6566256848547264e-01, -1.0948485624435611e-01, -1.3624988862096007e-01,  1.8857618440206073e-02,  2.3013974561055783e-01,  9.9152955640029017e-02
    29,  5.4699e+01,  1.0685932686075066e-01,  2.3254479004225694e-02,  1.6566256848547264e-01, -1.0948485624435611e-01, -1.3624988862096007e-01,  1.8857618440206073e-02,  2.3013974561055783e-01,  9.9152955640029017e-02
    30,  5.4699e+01,  1.0685932686075066e-01,  2.3254246461761077e-02,  1.6566422511115750e-01, -1.0948485624435611e-01, -1.3624988862096007e-01,  1.8857618440206073e-02,  2.3013974561055783e-01,  9.9152955640029017e-02
    31,  5.4699e+01,  1.0685932686075066e-01,  2.3254246461761077e-02,  1.6566256848547264e-01, -1.0948376139579366e-01, -1.3624988862096007e-01,  1.8857618440206073e-02,  2.3013974561055783e-01,  9.9152955640029017e-02
    32,  5.4699e+01,  1.0685932686075066e-01,  2.3254246461761077e-02,  1.6566256848547264e-01, -1.0948485624435611e-01, -1.3624852612207386e-01,  1.8857618440206073e-02,  2.3013974561055783e-01,  9.9152955640029017e-02
    33,  5.4699e+01,  1.0685932686075066e-01,  2.3254246461761077e-02,  1.6566256848547264e-01, -1.0948485624435611e-01, -1.3624988862096007e-01,  1.8857807016390473e-02,  2.3013974561055783e-01,  9.9152955640029017e-02
    34,  5.4699e+01,  1.0685932686075066e-01,  2.3254246461761077e-02,  1.6566256848547264e-01, -1.0948485624435611e-01, -1.3624988862096007e-01,  1.8857618440206073e-02,  2.3014204700801394e-01,  9.9152955640029017e-02
    35,  5.4699e+01,  1.0685932686075066e-01,  2.3254246461761077e-02,  1.6566256848547264e-01, -1.0948485624435611e-01, -1.3624988862096007e-01,  1.8857618440206073e-02,  2.3013974561055783e-01,  9.9153947169585421e-02
    36,  6.5526e+01,  1.0733576532651927e-01,  2.3482714636138938e-02,  1.6459670727504508e-01, -1.0943745834675378e-01, -1.3545969109780967e-01,  1.9368892722950344e-02,  2.3216968675569200e-01,  1.0009613640992897e-01
    37,  6.5526e+01,  1.0733683868417253e-01,  2.3482714636138938e-02,  1.6459670727504508e-01, -1.0943745834675378e-01, -1.3545969109780967e-01,  1.9368892722950344e-02,  2.3216968675569200e-01,  1.0009613640992897e-01
    38,  6.5527e+01,  1.0733576532651927e-01,  2.3482949463285299e-02,  1.6459670727504508e-01, -1.0943745834675378e-01, -1.3545969109780967e-01,  1.9368892722950344e-02,  2.3216968675569200e-01,  1.0009613640992897e-01
    39,  6.5527e+01,  1.0733576532651927e-01,  2.3482714636138938e-02,  1.6459835324211783e-01, -1.0943745834675378e-01, -1.3545969109780967e-01,  1.9368892722950344e-02,  2.3216968675569200e-01,  1.0009613640992897e-01
    40,  6.5527e+01,  1.0733576532651927e-01,  2.3482714636138938e-02,  1.6459670727504508e-01, -1.0943636397217031e-01, -1.3545969109780967e-01,  1.9368892722950344e-02,  2.3216968675569200e-01,  1.0009613640992897e-01
    41,  6.5527e+01,  1.0733576532651927e-01,  2.3482714636138938e-02,  1.6459670727504508e-01, -1.0943745834675378e-01, -1.3545833650089870e-01,  1.9368892722950344e-02,  2.3216968675569200e-01,  1.0009613640992897e-01
    42,  6.5527e+01,  1.0733576532651927e-01,  2.3482714636138938e-02,  1.6459670727504508e-01, -1.0943745834675378e-01, -1.3545969109780967e-01,  1.9369086411877574e-02,  2.3216968675569200e-01,  1.0009613640992897e-01
    43,  6.5527e+01,  1.0733576532651927e-01,  2.3482714636138938e-02,  1.6459670727504508e-01, -1.0943745834675378e-01, -1.3545969109780967e-01,  1.9368892722950344e-02,  2.3217200845255956e-01,  1.0009613640992897e-01
    44,  6.5527e+01,  1.0733576532651927e-01,  2.3482714636138938e-02,  1.6459670727504508e-01, -1.0943745834675378e-01, -1.3545969109780967e-01,  1.9368892722950344e-02,  2.3216968675569200e-01,  1.0009713737129307e-01
    45,  7.3379e+01,  1.0815455943078248e-01,  2.4137240387785676e-02,  1.6236242658128205e-01, -1.0944367792784962e-01, -1.3387539456604475e-01,  2.0498650543884833e-02,  2.3623034546088989e-01,  1.0179557047325127e-01
    46,  7.3379e+01,  1.0815564097637678e-01,  2.4137240387785676e-02,  1.6236242658128205e-01, -1.0944367792784962e-01, -1.3387539456604475e-01,  2.0498650543884833e-02,  2.3623034546088989e-01,  1.0179557047325127e-01
    47,  7.3379e+01,  1.0815455943078248e-01,  2.4137481760189552e-02,  1.6236242658128205e-01, -1.0944367792784962e-01, -1.3387539456604475e-01,  2.0498650543884833e-02,  2.3623034546088989e-01,  1.0179557047325127e-01
    48,  7.3379e+01,  1.0815455943078248e-01,  2.4137240387785676e-02,  1.6236405020554787e-01, -1.0944367792784962e-01, -1.3387539456604475e-01,  2.0498650543884833e-02,  2.3623034546088989e-01,  1.0179557047325127e-01
    49,  7.3379e+01,  1.0815455943078248e-01,  2.4137240387785676e-02,  1.6236242658128205e-01, -1.0944258349107035e-01, -1.3387539456604475e-01,  2.0498650543884833e-02,  2.3623034546088989e-01,  1.0179557047325127e-01
    50,  7.3379e+01,  1.0815455943078248e-01,  2.4137240387785676e-02,  1.6236242658128205e-01, -1.0944367792784962e-01, -1.3387405581209907e-01,  2.0498650543884833e-02,  2.3623034546088989e-01,  1.0179557047325127e-01
    51,  7.3379e+01,  1.0815455943078248e-01,  2.4137240387785676e-02,  1.6236242658128205e-01, -1.0944367792784962e-01, -1.3387539456604475e-01,  2.0498855530390273e-02,  2.3623034546088989e-01,  1.0179557047325127e-01
    52,  7.3380e+01,  1.0815455943078248e-01,  2.4137240387785676e-02,  1.6236242658128205e-01, -1.0944367792784962e-01, -1.3387539456604475e-01,  2.0498650543884833e-02,  2.3623270776434449e-01,  1.0179557047325127e-01
    53,  7.3380e+01,  1.0815455943078248e-01,  2.4137240387785676e-02,  1.6236242658128205e-01, -1.0944367792784962e-01, -1.3387539456604475e-01,  2.0498650543884833e-02,  2.3623034546088989e-01,  1.0179658842895600e-01
    54,  8.5944e+01,  1.0795446418055506e-01,  2.3730414255319514e-02,  1.6300590366342993e-01, -1.0930167656032785e-01, -1.3399722788487309e-01,  2.0095766176415820e-02,  2.3524273440258087e-01,  1.0160561493879430e-01
    55,  8.5945e+01,  1.0795554372519686e-01,  2.3730414255319514e-02,  1.6300590366342993e-01, -1.0930167656032785e-01, -1.3399722788487309e-01,  2.0095766176415820e-02,  2.3524273440258087e-01,  1.0160561493879430e-01
    56,  8.5945e+01,  1.0795446418055506e-01,  2.3730651559462065e-02,  1.6300590366342993e-01, -1.0930167656032785e-01, -1.3399722788487309e-01,  2.0095766176415820e-02,  2.3524273440258087e-01,  1.0160561493879430e-01
    57,  8.5945e+01,  1.0795446418055506e-01,  2.3730414255319514e-02,  1.6300753372246657e-01, -1.0930167656032785e-01, -1.3399722788487309e-01,  2.0095766176415820e-02,  2.3524273440258087e-01,  1.0160561493879430e-01
    58,  8.5945e+01,  1.0795446418055506e-01,  2.3730414255319514e-02,  1.6300590366342993e-01, -1.0930058354356226e-01, -1.3399722788487309e-01,  2.0095766176415820e-02,  2.3524273440258087e-01,  1.0160561493879430e-01
    59,  8.5945e+01,  1.0795446418055506e-01,  2.3730414255319514e-02,  1.6300590366342993e-01, -1.0930167656032785e-01, -1.3399588791259423e-01,  2.0095766176415820e-02,  2.3524273440258087e-01,  1.0160561493879430e-01
    60,  8.5945e+01,  1.0795446418055506e-01,  2.3730414255319514e-02,  1.6300590366342993e-01, -1.0930167656032785e-01, -1.3399722788487309e-01,  2.0095967134077585e-02,  2.3524273440258087e-01,  1.0160561493879430e-01
    61,  8.5945e+01,  1.0795446418055506e-01,  2.3730414255319514e-02,  1.6300590366342993e-01, -1.0930167656032785e-01, -1.3399722788487309e-01,  2.0095766176415820e-02,  2.3524508682992490e-01,  1.0160561493879430e-01
    62,  8.5945e+01,  1.0795446418055506e-01,  2.3730414255319514e-02,  1.6300590366342993e-01, -1.0930167656032785e-01, -1.3399722788487309e-01,  2.0095766176415820e-02,  2.3524273440258087e-01,  1.0160663099494369e-01
    63,  9.3706e+01,  1.0777210273199951e-01,  2.3698423902830657e-02,  1.6343790608140307e-01, -1.0936462077897743e-01, -1.3442171767916483e-01,  1.9914577168765459e-02,  2.3438974147924349e-01,  1.0115615266625566e-01
    64,  9.3706e+01,  1.0777318045302683e-01,  2.3698423902830657e-02,  1.6343790608140307e-01, -1.0936462077897743e-01, -1.3442171767916483e-01,  1.9914577168765459e-02,  2.3438974147924349e-01,  1.0115615266625566e-01
    65,  9.3706e+01,  1.0777210273199951e-01,  2.3698660887069685e-02,  1.6343790608140307e-01, -1.0936462077897743e-01, -1.3442171767916483e-01,  1.9914577168765459e-02,  2.3438974147924349e-01,  1.0115615266625566e-01
    66,  9.3706e+01,  1.0777210273199951e-01,  2.3698423902830657e-02,  1.6343954046046388e-01, -1.0936462077897743e-01, -1.3442171767916483e-01,  1.9914577168765459e-02,  2.3438974147924349e-01,  1.0115615266625566e-01
    67,  9.3706e+01,  1.0777210273199951e-01,  2.3698423902830657e-02,  1.6343790608140307e-01, -1.0936352713276964e-01, -1.3442171767916483e-01,  1.9914577168765459e-02,  2.3438974147924349e-01,  1.0115615266625566e-01
    68,  9.3706e+01,  1.0777210273199951e-01,  2.3698423902830657e-02,  1.6343790608140307e-01, -1.0936462077897743e-01, -1.3442037346198804e-01,  1.9914577168765459e-02,  2.3438974147924349e-01,  1.0115615266625566e-01
    69,  9.3706e+01,  1.0777210273199951e-01,  2.3698423902830657e-02,  1.6343790608140307e-01, -1.0936462077897743e-01, -1.3442171767916483e-01,  1.9914776314537148e-02,  2.3438974147924349e-01,  1.0115615266625566e-01
    70,  9.3706e+01,  1.0777210273199951e-01,  2.3698423902830657e-02,  1.6343790608140307e-01, -1.0936462077897743e-01, -1.3442171767916483e-01,  1.9914577168765459e-02,  2.3439208537665829e-01,  1.0115615266625566e-01
    71,  9.3706e+01,  1.0777210273199951e-01,  2.3698423902830657e-02,  1.6343790608140307e-01, -1.0936462077897743e-01, -1.3442171767916483e-01,  1.9914577168765459e-02,  2.3438974147924349e-01,  1.0115716422778233e-01
    72,  1.0136e+02,  1.0792255514599686e-01,  2.3837525756822860e-02,  1.6305106646479497e-01, -1.0938622135072051e-01, -1.3419043337159714e-01,  2.0125309244651866e-02,  2.3509734905823784e-01,  1.0143350792860868e-01
    73,  1.0136e+02,  1.0792363437154831e-01,  2.3837525756822860e-02,  1.6305106646479497e-01, -1.0938622135072051e-01, -1.3419043337159714e-01,  2.0125309244651866e-02,  2.3509734905823784e-01,  1.0143350792860868e-01
    74,  1.0136e+02,  1.0792255514599686e-01,  2.3837764132080427e-02,  1.6305106646479497e-01, -1.0938622135072051e-01, -1.3419043337159714e-01,  2.0125309244651866e-02,  2.3509734905823784e-01,  1.0143350792860868e-01
    75,  1.0136e+02,  1.0792255514599686e-01,  2.3837525756822860e-02,  1.6305269697545963e-01, -1.0938622135072051e-01, -1.3419043337159714e-01,  2.0125309244651866e-02,  2.3509734905823784e-01,  1.0143350792860868e-01
    76,  1.0136e+02,  1.0792255514599686e-01,  2.3837525756822860e-02,  1.6305106646479497e-01, -1.0938512748850701e-01, -1.3419043337159714e-01,  2.0125309244651866e-02,  2.3509734905823784e-01,  1.0143350792860868e-01
    77,  1.0136e+02,  1.0792255514599686e-01,  2.3837525756822860e-02,  1.6305106646479497e-01, -1.0938622135072051e-01, -1.3418909146726343e-01,  2.0125309244651866e-02,  2.3509734905823784e-01,  1.0143350792860868e-01
    78,  1.0136e+02,  1.0792255514599686e-01,  2.3837525756822860e-02,  1.6305106646479497e-01, -1.0938622135072051e-01, -1.3419043337159714e-01,  2.0125510497744314e-02,  2.3509734905823784e-01,  1.0143350792860868e-01
    79,  1.0136e+02,  1.0792255514599686e-01,  2.3837525756822860e-02,  1.6305106646479497e-01, -1.0938622135072051e-01, -1.3419043337159714e-01,  2.0125309244651866e-02,  2.3509970003172842e-01,  1.0143350792860868e-01
    80,  1.0136e+02,  1.0792255514599686e-01,  2.3837525756822860e-02,  1.6305106646479497e-01, -1.0938622135072051e-01, -1.3419043337159714e-01,  2.0125309244651866e-02,  2.3509734905823784e-01,  1.0143452226368797e-01
    81,  1.0878e+02,  1.0788946093995243e-01,  2.3760801043268102e-02,  1.6315618086827113e-01, -1.0935331964561198e-01, -1.3420308391236674e-01,  2.0051553441582937e-02,  2.3492805104065281e-01,  1.0140432346240466e-01
    82,  1.0878e+02,  1.0789053983456183e-01,  2.3760801043268102e-02,  1.6315618086827113e-01, -1.0935331964561198e-01, -1.3420308391236674e-01,  2.0051553441582937e-02,  2.3492805104065281e-01,  1.0140432346240466e-01
    83,  1.0878e+02,  1.0788946093995243e-01,  2.3761038651278536e-02,  1.6315618086827113e-01, -1.0935331964561198e-01, -1.3420308391236674e-01,  2.0051553441582937e-02,  2.3492805104065281e-01,  1.0140432346240466e-01
    84,  1.0878e+02,  1.0788946093995243e-01,  2.3760801043268102e-02,  1.6315781243007982e-01, -1.0935331964561198e-01, -1.3420308391236674e-01,  2.0051553441582937e-02,  2.3492805104065281e-01,  1.0140432346240466e-01
    85,  1.0878e+02,  1.0788946093995243e-01,  2.3760801043268102e-02,  1.6315618086827113e-01, -1.0935222611241553e-01, -1.3420308391236674e-01,  2.0051553441582937e-02,  2.3492805104065281e-01,  1.0140432346240466e-01
    86,  1.0878e+02,  1.0788946093995243e-01,  2.3760801043268102e-02,  1.6315618086827113e-01, -1.0935331964561198e-01, -1.3420174188152761e-01,  2.0051553441582937e-02,  2.3492805104065281e-01,  1.0140432346240466e-01
    87,  1.0878e+02,  1.0788946093995243e-01,  2.3760801043268102e-02,  1.6315618086827113e-01, -1.0935331964561198e-01, -1.3420308391236674e-01,  2.0051753957117353e-02,  2.3492805104065281e-01,  1.0140432346240466e-01
    88,  1.0878e+02,  1.0788946093995243e-01,  2.3760801043268102e-02,  1.6315618086827113e-01, -1.0935331964561198e-01, -1.3420308391236674e-01,  2.0051553441582937e-02,  2.3493040032116322e-01,  1.0140432346240466e-01
    89,  1.0878e+02,  1.0788946093995243e-01,  2.3760801043268102e-02,  1.6315618086827113e-01, -1.0935331964561198e-01, -1.3420308391236674e-01,  2.0051553441582937e-02,  2.3492805104065281e-01,  1.0140533750563928e-01
    90,  1.1688e+02,  1.0782506825737280e-01,  2.3713901070821559e-02,  1.6332465140458799e-01, -1.0935330052597982e-01, -1.3431813431261161e-01,  1.9965793454130212e-02,  2.3461152721208328e-01,  1.0126682514149173e-01
    91,  1.1688e+02,  1.0782614650805537e-01,  2.3713901070821559e-02,  1.6332465140458799e-01, -1.0935330052597982e-01, -1.3431813431261161e-01,  1.9965793454130212e-02,  2.3461152721208328e-01,  1.0126682514149173e-01
    92,  1.1688e+02,  1.0782506825737280e-01,  2.3714138209832269e-02,  1.6332465140458799e-01, -1.0935330052597982e-01, -1.3431813431261161e-01,  1.9965793454130212e-02,  2.3461152721208328e-01,  1.0126682514149173e-01
    93,  1.1688e+02,  1.0782506825737280e-01,  2.3713901070821559e-02,  1.6332628465110202e-01, -1.0935330052597982e-01, -1.3431813431261161e-01,  1.9965793454130212e-02,  2.3461152721208328e-01,  1.0126682514149173e-01
    94,  1.1688e+02,  1.0782506825737280e-01,  2.3713901070821559e-02,  1.6332465140458799e-01, -1.0935220699297456e-01, -1.3431813431261161e-01,  1.9965793454130212e-02,  2.3461152721208328e-01,  1.0126682514149173e-01
    95,  1.1688e+02,  1.0782506825737280e-01,  2.3713901070821559e-02,  1.6332465140458799e-01, -1.0935330052597982e-01, -1.3431679113126849e-01,  1.9965793454130212e-02,  2.3461152721208328e-01,  1.0126682514149173e-01
    96,  1.1688e+02,  1.0782506825737280e-01,  2.3713901070821559e-02,  1.6332465140458799e-01, -1.0935330052597982e-01, -1.3431813431261161e-01,  1.9965993112064755e-02,  2.3461152721208328e-01,  1.0126682514149173e-01
    97,  1.1688e+02,  1.0782506825737280e-01,  2.3713901070821559e-02,  1.6332465140458799e-01, -1.0935330052597982e-01, -1.3431813431261161e-01,  1.9965793454130212e-02,  2.3461387332735539e-01,  1.0126682514149173e-01
    98,  1.1688e+02,  1.0782506825737280e-01,  2.3713901070821559e-02,  1.6332465140458799e-01, -1.0935330052597982e-01, -1.3431813431261161e-01,  1.9965793454130212e-02,  2.3461152721208328e-01,  1.0126783780974315e-01
    99,  1.2445e+02,  1.0784265979808569e-01,  2.3742389718035942e-02,  1.6327854999579891e-01, -1.0936429036654803e-01, -1.3430729614516679e-01,  1.9996184528865125e-02,  2.3468971643017578e-01,  1.0128629264058478e-01
   100,  1.2445e+02,  1.0784373822468367e-01,  2.3742389718035942e-02,  1.6327854999579891e-01, -1.0936429036654803e-01, -1.3430729614516679e-01,  1.9996184528865125e-02,  2.3468971643017578e-01,  1.0128629264058478e-01
   101,  1.2445e+02,  1.0784265979808569e-01,  2.3742627141933124e-02,  1.6327854999579891e-01, -1.0936429036654803e-01, -1.3430729614516679e-01,  1.9996184528865125e-02,  2.3468971643017578e-01,  1.0128629264058478e-01
   102,  1.2445e+02,  1.0784265979808569e-01,  2.3742389718035942e-02,  1.6328018278129885e-01, -1.0936429036654803e-01, -1.3430729614516679e-01,  1.9996184528865125e-02,  2.3468971643017578e-01,  1.0128629264058478e-01
   103,  1.2445e+02,  1.0784265979808569e-01,  2.3742389718035942e-02,  1.6327854999579891e-01, -1.0936319672364436e-01, -1.3430729614516679e-01,  1.9996184528865125e-02,  2.3468971643017578e-01,  1.0128629264058478e-01
   104,  1.2445e+02,  1.0784265979808569e-01,  2.3742389718035942e-02,  1.6327854999579891e-01, -1.0936429036654803e-01, -1.3430595307220533e-01,  1.9996184528865125e-02,  2.3468971643017578e-01,  1.0128629264058478e-01
   105,  1.2445e+02,  1.0784265979808569e-01,  2.3742389718035942e-02,  1.6327854999579891e-01, -1.0936429036654803e-01, -1.3430729614516679e-01,  1.9996384490710416e-02,  2.3468971643017578e-01,  1.0128629264058478e-01
   106,  1.2445e+02,  1.0784265979808569e-01,  2.3742389718035942e-02,  1.6327854999579891e-01, -1.0936429036654803e-01, -1.3430729614516679e-01,  1.9996184528865125e-02,  2.3469206332734008e-01,  1.0128629264058478e-01
   107,  1.2445e+02,  1.0784265979808569e-01,  2.3742389718035942e-02,  1.6327854999579891e-01, -1.0936429036654803e-01, -1.3430729614516679e-01,  1.9996184528865125e-02,  2.3468971643017578e-01,  1.0128730550351119e-01
   108,  1.3393e+02,  1.0784918505379880e-01,  2.3743308927521859e-02,  1.6326228136749019e-01, -1.0936164989590216e-01, -1.3429280540679114e-01,  2.0002765613023311e-02,  2.3472208837588382e-01,  1.0130360351106299e-01
   109,  1.3393e+02,  1.0785026354564933e-01,  2.3743308927521859e-02,  1.6326228136749019e-01, -1.0936164989590216e-01, -1.3429280540679114e-01,  2.0002765613023311e-02,  2.3472208837588382e-01,  1.0130360351106299e-01
   110,  1.3393e+02,  1.0784918505379880e-01,  2.3743546360611135e-02,  1.6326228136749019e-01, -1.0936164989590216e-01, -1.3429280540679114e-01,  2.0002765613023311e-02,  2.3472208837588382e-01,  1.0130360351106299e-01
   111,  1.3393e+02,  1.0784918505379880e-01,  2.3743308927521859e-02,  1.6326391399030385e-01, -1.0936164989590216e-01, -1.3429280540679114e-01,  2.0002765613023311e-02,  2.3472208837588382e-01,  1.0130360351106299e-01
   112,  1.3393e+02,  1.0784918505379880e-01,  2.3743308927521859e-02,  1.6326228136749019e-01, -1.0936055627940321e-01, -1.3429280540679114e-01,  2.0002765613023311e-02,  2.3472208837588382e-01,  1.0130360351106299e-01
   113,  1.3393e+02,  1.0784918505379880e-01,  2.3743308927521859e-02,  1.6326228136749019e-01, -1.0936164989590216e-01, -1.3429146247873708e-01,  2.0002765613023311e-02,  2.3472208837588382e-01,  1.0130360351106299e-01
   114,  1.3393e+02,  1.0784918505379880e-01,  2.3743308927521859e-02,  1.6326228136749019e-01, -1.0936164989590216e-01, -1.3429280540679114e-01,  2.0002965640679441e-02,  2.3472208837588382e-01,  1.0130360351106299e-01
   115,  1.3393e+02,  1.0784918505379880e-01,  2.3743308927521859e-02,  1.6326228136749019e-01, -1.0936164989590216e-01, -1.3429280540679114e-01,  2.0002765613023311e-02,  2.3472443559676759e-01,  1.0130360351106299e-01
   116,  1.3393e+02,  1.0784918505379880e-01,  2.3743308927521859e-02,  1.6326228136749019e-01, -1.0936164989590216e-01, -1.3429280540679114e-01,  2.0002765613023311e-02,  2.3472208837588382e-01,  1.0130461654709810e-01
   117,  1.4429e+02,  1.0785190926767467e-01,  2.3745056887469036e-02,  1.6325387769715111e-01, -1.0936126010256514e-01, -1.3428480810391483e-01,  2.0006865154063424e-02,  2.3473821053645730e-01,  1.0131115691510011e-01
   118,  1.4429e+02,  1.0785298778676734e-01,  2.3745056887469036e-02,  1.6325387769715111e-01, -1.0936126010256514e-01, -1.3428480810391483e-01,  2.0006865154063424e-02,  2.3473821053645730e-01,  1.0131115691510011e-01
   119,  1.4429e+02,  1.0785190926767467e-01,  2.3745294338037910e-02,  1.6325387769715111e-01, -1.0936126010256514e-01, -1.3428480810391483e-01,  2.0006865154063424e-02,  2.3473821053645730e-01,  1.0131115691510011e-01
   120,  1.4429e+02,  1.0785190926767467e-01,  2.3745056887469036e-02,  1.6325551023592808e-01, -1.0936126010256514e-01, -1.3428480810391483e-01,  2.0006865154063424e-02,  2.3473821053645730e-01,  1.0131115691510011e-01
   121,  1.4429e+02,  1.0785190926767467e-01,  2.3745056887469036e-02,  1.6325387769715111e-01, -1.0936016648996412e-01, -1.3428480810391483e-01,  2.0006865154063424e-02,  2.3473821053645730e-01,  1.0131115691510011e-01
   122,  1.4429e+02,  1.0785190926767467e-01,  2.3745056887469036e-02,  1.6325387769715111e-01, -1.0936126010256514e-01, -1.3428346525583379e-01,  2.0006865154063424e-02,  2.3473821053645730e-01,  1.0131115691510011e-01
   123,  1.4429e+02,  1.0785190926767467e-01,  2.3745056887469036e-02,  1.6325387769715111e-01, -1.0936126010256514e-01, -1.3428480810391483e-01,  2.0007065222714965e-02,  2.3473821053645730e-01,  1.0131115691510011e-01
   124,  1.4429e+02,  1.0785190926767467e-01,  2.3745056887469036e-02,  1.6325387769715111e-01, -1.0936126010256514e-01, -1.3428480810391483e-01,  2.0006865154063424e-02,  2.3474055791856266e-01,  1.0131115691510011e-01
   125,  1.4429e+02,  1.0785190926767467e-01,  2.3745056887469036e-02,  1.6325387769715111e-01, -1.0936126010256514e-01, -1.3428480810391483e-01,  2.0006865154063424e-02,  2.3473821053645730e-01,  1.0131217002666926e-01
   126,  1.5479e+02,  1.0785278259920784e-01,  2.3746777691261149e-02,  1.6324947199104192e-01, -1.0936168286042834e-01, -1.3428145828953636e-01,  2.0009379315512627e-02,  2.3474646974480418e-01,  1.0131442466891181e-01
   127,  1.5479e+02,  1.0785386112703384e-01,  2.3746777691261149e-02,  1.6324947199104192e-01, -1.0936168286042834e-01, -1.3428145828953636e-01,  2.0009379315512627e-02,  2.3474646974480418e-01,  1.0131442466891181e-01
   128,  1.5479e+02,  1.0785278259920784e-01,  2.3747015159038060e-02,  1.6324947199104192e-01, -1.0936168286042834e-01, -1.3428145828953636e-01,  2.0009379315512627e-02,  2.3474646974480418e-01,  1.0131442466891181e-01
   129,  1.5479e+02,  1.0785278259920784e-01,  2.3746777691261149e-02,  1.6325110448576183e-01, -1.0936168286042834e-01, -1.3428145828953636e-01,  2.0009379315512627e-02,  2.3474646974480418e-01,  1.0131442466891181e-01
   130,  1.5479e+02,  1.0785278259920784e-01,  2.3746777691261149e-02,  1.6324947199104192e-01, -1.0936058924359973e-01, -1.3428145828953636e-01,  2.0009379315512627e-02,  2.3474646974480418e-01,  1.0131442466891181e-01
   131,  1.5479e+02,  1.0785278259920784e-01,  2.3746777691261149e-02,  1.6324947199104192e-01, -1.0936168286042834e-01, -1.3428011547495347e-01,  2.0009379315512627e-02,  2.3474646974480418e-01,  1.0131442466891181e-01
   132,  1.5479e+02,  1.0785278259920784e-01,  2.3746777691261149e-02,  1.6324947199104192e-01, -1.0936168286042834e-01, -1.3428145828953636e-01,  2.0009579409305783e-02,  2.3474646974480418e-01,  1.0131442466891181e-01
   133,  1.5479e+02,  1.0785278259920784e-01,  2.3746777691261149e-02,  1.6324947199104192e-01, -1.0936168286042834e-01, -1.3428145828953636e-01,  2.0009379315512627e-02,  2.3474881720950164e-01,  1.0131442466891181e-01
   134,  1.5479e+02,  1.0785278259920784e-01,  2.3746777691261149e-02,  1.6324947199104192e-01, -1.0936168286042834e-01, -1.3428145828953636e-01,  2.0009379315512627e-02,  2.3474646974480418e-01,  1.0131543781315851e-01
   135,  1.6286e+02,  1.0785417364155621e-01,  2.3746965843873924e-02,  1.6324551660692777e-01, -1.0936101618106203e-01, -1.3427703874131688e-01,  2.0010997312254985e-02,  2.3475432384889450e-01,  1.0131864967184318e-01
   136,  1.6286e+02,  1.0785525218329263e-01,  2.3746965843873924e-02,  1.6324551660692777e-01, -1.0936101618106203e-01, -1.3427703874131688e-01,  2.0010997312254985e-02,  2.3475432384889450e-01,  1.0131864967184318e-01
   137,  1.6286e+02,  1.0785417364155621e-01,  2.3747203313532361e-02,  1.6324551660692777e-01, -1.0936101618106203e-01, -1.3427703874131688e-01,  2.0010997312254985e-02,  2.3475432384889450e-01,  1.0131864967184318e-01
   138,  1.6286e+02,  1.0785417364155621e-01,  2.3746965843873924e-02,  1.6324714906209384e-01, -1.0936101618106203e-01, -1.3427703874131688e-01,  2.0010997312254985e-02,  2.3475432384889450e-01,  1.0131864967184318e-01
   139,  1.6286e+02,  1.0785417364155621e-01,  2.3746965843873924e-02,  1.6324551660692777e-01, -1.0935992257090021e-01, -1.3427703874131688e-01,  2.0010997312254985e-02,  2.3475432384889450e-01,  1.0131864967184318e-01
   140,  1.6286e+02,  1.0785417364155621e-01,  2.3746965843873924e-02,  1.6324551660692777e-01, -1.0936101618106203e-01, -1.3427569597092948e-01,  2.0010997312254985e-02,  2.3475432384889450e-01,  1.0131864967184318e-01
   141,  1.6286e+02,  1.0785417364155621e-01,  2.3746965843873924e-02,  1.6324551660692777e-01, -1.0936101618106203e-01, -1.3427703874131688e-01,  2.0011197422228108e-02,  2.3475432384889450e-01,  1.0131864967184318e-01
   142,  1.6286e+02,  1.0785417364155621e-01,  2.3746965843873924e-02,  1.6324551660692777e-01, -1.0936101618106203e-01, -1.3427703874131688e-01,  2.0010997312254985e-02,  2.3475667139213299e-01,  1.0131864967184318e-01
   143,  1.6286e+02,  1.0785417364155621e-01,  2.3746965843873924e-02,  1.6324551660692777e-01, -1.0936101618106203e-01, -1.3427703874131688e-01,  2.0010997312254985e-02,  2.3475432384889450e-01,  1.0131966285833989e-01
