  -1.4208678351994297E-004  -370.68336196280728     
  -1.0142086783519943E-002   0.0000000000000000     
   112918.19188174476        5811.6770884358775     
 
   11133625.090373661      -0.65859616622630734     
   573025.76999038225        3325.9233911894266     
 
   8.9817090151355297E-008   1.7785494215526924E-011
  -1.5474652055611536E-005   3.0066531631561821E-004
 
  -1518.4480335983701        1440.2595950024579     
 
 
  -1.0124319373870129E-004  -350.03681219389551     
  -1.0101243193738701E-002   0.0000000000000000     
   112380.97807506460        6613.0761697464659     
 
   11125460.096310169      -0.53875354803175202     
   654679.43330437108        3310.9909910952051     
 
   8.9883062484166731E-008   1.4625475862526160E-011
  -1.7772501516632373E-005   3.0202148773318617E-004
 
  -205.77684323103261        199.49274157488645     
 
 
  -1.3745097970580510E-004  -406.75547030571187     
  -1.0137450979705805E-002   0.0000000000000000     
   112815.25104400847        6709.9905906257572     
 
   11128561.930395883      -0.62220073247282004     
   661901.16273396194        3305.7168083058623     
 
   8.9857864071926788E-008   1.6913012240951431E-011
  -1.7992171791775429E-005   3.0250286495957099E-004
 
  -61.093516535085158        70.741499445857997     
 
 
