  -1.1486481622285244E-005   76.479354954965672     
  -1.0011486481622285E-002   0.0000000000000000     
   212426.80623384216        197.25719281242039     
 
   21218308.252604261       0.26154284284058471     
   19703.087366149339        4604.9044089393519     
 
   4.7129113256140445E-008  -2.6767726682096259E-012
  -2.0165218504259119E-007   2.1715978529313615E-004
 
   272.25842573354493        647.53497172111406     
 
 
  -1.2989540863012072E-005  -185.42785594184164     
  -1.0012989540863012E-002   0.0000000000000000     
   212301.93044445376       -230.48267380476364     
 
   21202651.773284048      -0.23802913492388705     
  -23018.367577850178        4584.0680628486753     
 
   4.7163914545445050E-008   2.4490006747194781E-012
   2.3682814184541627E-007   2.1814686053124791E-004
 
   435.88664645828038        1034.3142038472995     
 
 
  -1.8124449108010768E-005  -35.753820023481964     
  -1.0018124449108011E-002   0.0000000000000000     
   212585.44754274382        31.357741565756442     
 
   21220084.520079192        1.9707982536527502E-002
   3130.1010209096526        4601.0372283959714     
 
   4.7125165768571322E-008  -2.0185490746871187E-013
  -3.2059407946622055E-008   2.1734229718033590E-004
 
   145.69427883465261        348.15218631044303     
 
 
  -1.8251133167095784E-005  -99.963741126438777     
  -1.0018251133167096E-002   0.0000000000000000     
   212560.62419292462        74.693550811854152     
 
   21217338.372483708       -6.8397622860023960E-002
   7455.7474971408510        4596.1976937367363     
 
   4.7131264874749286E-008   7.0137681070853497E-013
  -7.6454241862974602E-008   2.1757114497781874E-004
 
   1302.5236212262212        3097.9190559233821     
 
 
  -3.1536642998890654E-005  -99.173892746679442     
  -1.0031536642998891E-002   0.0000000000000000     
   212797.51120256862        36.927805970556165     
 
   21212852.903356746       -6.4654213665957846E-002
   3681.1714181745433        4594.4156756755838     
 
   4.7141230937386771E-008   6.6338778043932493E-013
  -3.7770842734806829E-008   2.1765553405459146E-004
 
   215.78171048918063        503.12892133179321     
 
 
  -3.0154476594296264E-005  -244.91226988031673     
  -1.0030154476594296E-002   0.0000000000000000     
   212786.94231606144        339.80695410011447     
 
   21214722.346760157      -0.33579554892955754     
   33878.536456548914        4602.6382648819344     
 
   4.7137071470785895E-008   3.4389882233924285E-012
  -3.4696078691705221E-007   2.1726666879778438E-004
 
   1264.2559941846434        3006.4069537266009     
 
 
  -1.5921215467723862E-005  -108.85630302769552     
  -1.0015921215467724E-002   0.0000000000000000     
   212532.63153656828        297.15389458523288     
 
   21219479.163669065      -0.10023143243092092     
   29668.154151047693        4599.6742316340360     
 
   4.7126508705498398E-008   1.0269330468089091E-012
  -3.0396859744102394E-007   2.1740669429485700E-004
 
   133.49053349789946        339.29531286255610     
 
 
  -7.4444252658265736E-006  -119.80382959149699     
  -1.0007444425265827E-002   0.0000000000000000     
   212399.14791007177        118.13149635849578     
 
   21224114.657467093      -0.12489298982639080     
   11804.361966804872        4604.2609862872041     
 
   4.7116216673923308E-008   1.2780520451034369E-012
  -1.2079612293522248E-007   2.1719011756538015E-004
 
   767.92894527579904        1834.3664542180495     
 
 
  -2.0111135490568158E-005  -307.77792061039321     
  -1.0020111135490568E-002   0.0000000000000000     
   212662.00902192469        246.15988284579743     
 
   21223517.997588865      -0.46569492432216414     
   24566.582098473009        4598.7954123378595     
 
   4.7117536446982631E-008   4.7713358831002386E-012
  -2.5170000480933630E-007   2.1744822135417021E-004
 
   447.77290628549014        1024.1768237595452     
 
 
  -2.2513605465216205E-005   7.3216291982226007     
  -1.0022513605465216E-002   0.0000000000000000     
   212417.11822023947        111.64697153250427     
 
   21193996.494493127        7.5556312540450407E-002
   11139.617857103620        4598.1189762752638     
 
   4.7183173258358077E-008  -7.7531412383038551E-013
  -1.1430815994443611E-007   2.1748023785299255E-004
 
   453.20847448910069        1089.6709355547575     
 
 
  -5.5363221480187602E-006   23.622285826961072     
  -1.0005536322148019E-002   0.0000000000000000     
   212299.92927899503        207.10993468240736     
 
   21218245.823470045       0.16166609283169175     
   20699.533539641729        4601.7437964651517     
 
   4.7129251050834651E-008  -1.6557205729977975E-012
  -2.1199648567447894E-007   2.1730893298336113E-004
 
   1208.1967720466873        2915.7094355509253     
 
 
