  -7.5988006388808677E-006  -212.39939789601505     
  -1.0007598800638881E-002   0.0000000000000000     
   105502.66059162596        1711.0106161665844     
 
   10542255.209600400       -1.0571390683224124     
   170971.14405279025        3218.0935928981326     
 
   9.4855858889327738E-008   3.1160011788495035E-011
  -5.0395099602473746E-006   3.1074132671093826E-004
 
   410.90975953686501        1161.4048149252055     
 
 
  -1.2534921506329906E-004  -947.13516148489646     
  -1.0125349215063299E-002   0.0000000000000000     
   107295.72262674343       -455.84940869005004     
 
   10596742.921925254       -5.2434200619261793     
  -45020.611043397206        3223.8574437445113     
 
   9.4369271521618301E-008   1.5348623199389404E-010
   1.3178505382945257E-006   3.1018955629825951E-004
 
   84.069158663552315        175.00136720643403     
 
 
  -3.0962274845993884E-005  -646.79078982506394     
  -1.0030962274845994E-002   0.0000000000000000     
   105977.04113683612       -3300.2233309699077     
 
   10564992.493550494       -2.7047894453799737     
  -329003.66291335999        3253.4427693268640     
 
   9.4654671138818993E-008   7.8692318754130298E-011
   9.5719321729375799E-006   3.0737466768718301E-004
 
   873.82478911055000        2410.2092063843138     
 
 
   2.5129571727874942E-005   244.39359350997367     
   2.2682552728640995E-005 -0.15278643438725226     
   224.96585380952007       -443.72450458243839     
 
  -9918082.9547426943       -1.0379052780147767E-002
   41155973.540691011        3205.7691333471121     
 
  -1.0082729087118591E-007  -3.2644015526430561E-013
   1.2944304916123139E-003   3.1194181282739110E-004
 
   480.56472855709819        1354.7242680705458     
 
 
   6.5044125243367973E-005   272.24106634848147     
  -9.9349558747566322E-003  -1.3104841012978454     
   102393.17689210435        6341.3513152683008     
 
   10306407.917066833      -0.40518705759467522     
   214245.50314575562        3214.7140823593145     
 
   9.7026761210619076E-008   1.2229388641001295E-011
  -6.4663751554900198E-006   3.1106883980629721E-004
 
   480.39379124656830        1354.7302180041402     
 
 
   3.1948745239550937E-005   300.79772560694977     
  -7.5260319124968456E-005   1.0453419898129255     
   577.21279315759932       -3020.8530756661203     
 
   7668822.4952285625       -5.2389413698557256E-002
   4454146.6535171587        3210.5029807898418     
 
   1.3039687943479542E-007   2.1278335832691669E-012
  -1.8090835848427885E-004   3.1147472165596622E-004
 
   480.42161514915909        1354.7369868246481     
 
 
   8.1169078597450456E-005   327.92482296285158     
  -9.9188309214025498E-003  -1.0669464748475548     
   102013.16855448931        5981.1343611634802     
 
   10284872.386216553      -0.69515445444860458     
   257197.67413820312        3214.8136751645898     
 
   9.7229654876948636E-008   2.1024430813630567E-011
  -7.7787528667057460E-006   3.1105833606798303E-004
 
   480.52606955662424        1354.7442802381786     
 
 
   7.3805014647567585E-005   434.00437567898530     
  -9.9261949853524326E-003 -0.63627815238470475     
   101644.34005024920        5228.6444320230949     
 
   10240096.505677262       -1.3430194423398110     
   320579.49606552540        3216.3761054824322     
 
   9.7654053109966822E-008   4.0776105669488614E-011
  -9.7332793516862566E-006   3.1090484919101289E-004
 
   480.72736394055210        1354.7800423017504     
 
 
  -6.6205789627165473E-005  -406.65258981046077     
  -1.0066205789627166E-002   0.0000000000000000     
   106067.14457253944       -1703.2016705240821     
 
   10536953.723103646       -2.0788686396544742     
  -169199.96532150911        3220.5616452975310     
 
   9.4905073293147596E-008   6.1261109813349601E-011
   4.9860666798546388E-006   3.1050806521210690E-004
 
   580.60996843549833        1642.1878210084994     
 
 
   2.3555183007187286E-005  -445.62492525777310     
  -9.9764448169928129E-003   2.2460753784251892     
   104348.39111044306       -4717.0861007021304     
 
   10459295.562499508      -0.80411662326621891     
   252822.77024261822        3223.1146764017917     
 
   9.5608156735735877E-008   2.3852737451114974E-011
  -7.4995529078425883E-006   3.1025702461235700E-004
 
   315.54986290529394        859.31618364899896     
 
 
   2.7532744006854640E-005  -431.99777800506712     
  -9.9724672559931456E-003   2.5221749812255894     
   104283.35942895286       -5085.2487457967072     
 
   10456934.904717052      -0.76065048005287772     
   305071.19126068073        3222.4414530673462     
 
   9.5629658469280704E-008   2.2573178343616253E-011
  -9.0533386731683802E-006   3.1032157702096601E-004
 
   315.55353110047906        859.30504779606576     
 
 
   5.1689046109279061E-006  -422.06626300220722     
   4.7964212152897157E-006   9.6997008354207992E-002
   83.092618639384739        490.78407860450170     
 
  -17323784.466037620       -4.6526937597790169E-003
  -167393558.63191709        3217.6862216273544     
 
  -5.7723301176742444E-008  -8.3466449081863818E-014
  -3.0029369349351917E-003   3.1077798125024012E-004
 
   315.55724695854701        859.29423881402943     
 
 
   5.6126558753736080E-005  -413.96588285618532     
  -9.9438734412462641E-003 -0.48363357538863738     
   102418.51123272967        1007.2585925467538     
 
   10299616.765570320       0.88005172072403293     
  -55149.100432007072        3216.5969171829065     
 
   9.7090848892000348E-008  -2.6563778687195480E-011
   1.6646390935620224E-006   3.1088711479189607E-004
 
   319.99098787842388        859.28363288010212     
 
 
   5.0892898948459372E-005  -507.89657596041155     
  -9.9491071010515408E-003   1.1960665245553059     
   104011.56620936723       -3731.8996448524122     
 
   10454258.752713598      -0.85799283992916442     
   11233.500769967966        3213.5862581403489     
 
   9.5654769674646140E-008   2.5538790900049776E-011
  -3.3437345148876254E-007   3.1117873701907620E-004
 
   322.16502277426298        859.09357015148794     
 
 
   9.9357953400978571E-006  -735.42395117881631     
  -4.6411750206500539E-005 -0.11904451465966304     
   376.26807363614751        289.12005290910020     
 
   8106928.5450765397        9.5183386977001516E-002
  -2000875.5315758619        3208.7508556513044     
 
   1.2335037532178706E-007  -3.6590271529912515E-012
   7.6917392123909890E-005   3.1164547318496131E-004
 
   323.85842209873340        858.92877028972919     
 
 
   1.2258714297274341E-004  -757.09903144714497     
  -9.8774128570272568E-003  0.63574262922088565     
   101647.00550443599       -3987.0430924692919     
 
   10290948.579002846        1.4822048573912889     
  -196842.41286263167        3213.1702657019869     
 
   9.7171914616470457E-008  -4.4824479232841992E-011
   5.9528604318790554E-006   3.1121636699911470E-004
 
   323.90110382614768        858.91088841904912     
 
 
  -6.2049020345714481E-005  -781.11330398988741     
  -1.0062049020345715E-002   0.0000000000000000     
   105407.84028008235       -2659.9856164413941     
 
   10475782.821863128       -2.6750468417991118     
  -264358.24463415885        3224.2084462116050     
 
   9.5460258622481990E-008   7.9201040381071421E-011
   7.8269463103149337E-006   3.1016013825750546E-004
 
   334.96369293714707        872.14339031049872     
 
 
