Problem type:
least_squares
nparams:
24
function_evaluation,seconds,x(0),x(1),x(2),x(3),x(4),x(5),x(6),x(7),x(8),x(9),x(10),x(11),x(12),x(13),x(14),x(15),x(16),x(17),x(18),x(19),x(20),x(21),x(22),x(23),objective_function
     0,  2.4262e+00,  1.7996472201315662e-02,  0.0000000000000000e+00,  0.0000000000000000e+00,  9.3508294500509650e-03,  7.8506992401764772e-02, -3.3378183323633952e-02,  0.0000000000000000e+00,  0.0000000000000000e+00,  0.0000000000000000e+00,  0.0000000000000000e+00,  0.0000000000000000e+00,  0.0000000000000000e+00,  2.4703184711621060e-02,  0.0000000000000000e+00,  0.0000000000000000e+00, -5.1291156415320819e-03, -8.9921090698178122e-02, -2.2235454280968691e-02,  0.0000000000000000e+00,  0.0000000000000000e+00,  0.0000000000000000e+00,  0.0000000000000000e+00,  0.0000000000000000e+00,  0.0000000000000000e+00,  2.4735382319987669e-02
     1,  2.0882e+01,  2.1120972465474955e-02, -6.4717060621906353e-04,  1.0024122833430782e-03,  1.2405638793923342e-02,  7.2348136347625450e-02, -3.3974270624702152e-02, -9.5865026551233967e-04,  1.1365712717220872e-04, -1.9634918541877131e-03,  7.8038401169178793e-03,  1.5044386944549924e-02,  2.5541384155032131e-04,  1.5166060060642188e-02,  1.2656257589175755e-04, -8.7311516628131201e-04, -1.2863183963370238e-02, -9.7601914455692079e-02, -1.7124383296823555e-02, -1.6272542955182705e-03, -1.3109369332504488e-04,  1.2113820398115030e-03, -2.9663529133812216e-03,  3.2150642662011953e-03, -6.8614048879193923e-05,  2.5473288039285426e-02
     2,  2.2025e+01,  1.8796330900206316e-02,  4.1755505352596378e-04,  6.3808629822149226e-04,  9.3192562152539793e-03,  7.8667678988861789e-02, -3.2018750491637972e-02, -1.8116781468011664e-03, -1.8384418997652890e-04, -3.3741424498186055e-04,  8.6602191599178917e-04,  4.0425100022706056e-03,  1.2707274335369597e-03,  2.4628044554836828e-02,  3.3748129285822686e-04, -5.2241878659989793e-04, -6.3294887164034898e-03, -8.9800827610108241e-02, -2.0614135233679814e-02, -1.4702390250094278e-03,  1.7516334404052727e-05, -5.1914181982361924e-04, -1.2307249580323311e-03,  1.6739731840077468e-03,  1.3113621345783289e-03,  8.5617453075177551e-03
     3,  3.6185e+01,  2.0279394370450638e-02,  6.1632782002331949e-04,  9.0665570491710204e-04,  8.8984894971373112e-03,  8.0134182546146071e-02, -3.0903260507862632e-02, -2.0728282486290896e-03,  1.9230732959986502e-04,  4.7392438466191752e-04,  3.9470888607912383e-03,  1.1467775714128409e-02,  1.1190355015826040e-03,  2.1445629271361216e-02,  6.3453284653024427e-04, -5.8224126186471779e-04, -7.7277299112303612e-03, -9.0964583051276152e-02, -1.8044933385063272e-02, -1.5573466208272362e-03, -2.2045621762010136e-04, -1.5987162045247127e-03, -7.0558112830971962e-03,  6.7639905361651775e-03,  9.8390405574974495e-04,  4.1724942988112220e-03
     4,  4.9158e+01,  2.1540283909962959e-02,  5.0855538739344821e-04,  5.5168809401019746e-04,  7.8067716255381210e-03,  7.9309107032133189e-02, -3.0977102839541866e-02, -2.0841754209366026e-03,  1.7810359524912274e-04,  1.5191423258512924e-03,  7.0681461249312641e-03,  1.1309800025044918e-02,  7.6643409055122632e-04,  1.7985352059103211e-02,  4.7362645524704611e-04, -3.7347807498700240e-04, -6.4916806272383278e-03, -9.3243182989770967e-02, -1.7614314606247544e-02, -1.6825581416344171e-03, -2.3798885563595297e-04, -1.8480848901850028e-03, -1.7722659798023784e-02,  4.4888251891506588e-03,  1.3515783694378789e-03,  1.1935980672872109e-03
     5,  6.5278e+01,  2.3281096817800710e-02,  1.0456498864099749e-04,  5.4266187259762594e-04,  8.7681101290966491e-03,  7.5252661475860114e-02, -3.2235235235362009e-02, -1.3833493246020851e-03,  2.3425766882921611e-04,  1.9403154579758577e-03,  6.9093058839295000e-03,  1.0686322995587194e-02,  5.9473279377518756e-04,  1.6607368763625192e-02,  3.4855234837201252e-04, -3.4238531792780719e-04, -7.9858427276072487e-03, -9.6224283847285805e-02, -1.6878736872157084e-02, -1.5796755485338950e-03, -2.4767692335067262e-04, -2.0532399383958160e-03, -2.0747074149447695e-02,  4.3897769901985219e-03,  1.2019066064482388e-03,  1.1687359715644815e-04
     6,  8.3171e+01,  2.3133860741861110e-02,  2.5633922488947202e-04,  5.9089329553866114e-04,  9.2405786113301767e-03,  7.6070481660375833e-02, -3.2853049682622613e-02, -1.1734313642301729e-03,  2.5748354073532200e-04,  2.0915342383841626e-03,  7.3056888131604481e-03,  1.0496160881351912e-02,  4.3492480118968962e-04,  1.7133372904271839e-02,  3.8543426556835424e-04, -3.9631140885763351e-04, -8.6734421551286009e-03, -9.4860764977645853e-02, -1.5769072242924911e-02, -1.5279167426434947e-03, -2.4863050711144150e-04, -2.5925839136205424e-03, -2.0289964275947342e-02,  4.6723434368259441e-03,  1.0982940633077005e-03,  7.8349988625405991e-05
     7,  9.9223e+01,  2.3128737215726027e-02,  2.7469846634778296e-04,  5.8520651426000720e-04,  9.3958199197913556e-03,  7.5912610021695345e-02, -3.3010263432353179e-02, -1.1074751710508522e-03,  2.6810856759584904e-04,  2.1836721385479095e-03,  7.3232013055579961e-03,  1.0461868631190894e-02,  4.1518631110448311e-04,  1.7191453417134135e-02,  3.8248903357077091e-04, -4.0413185364048530e-04, -8.8322721123903439e-03, -9.5052464822298344e-02, -1.5679889110816164e-02, -1.5191665544286002e-03, -2.5896871628417769e-04, -2.7023011946345427e-03, -2.0251983066142575e-02,  4.8372585271525522e-03,  1.0563351838207620e-03,  7.3166642163822481e-05
     8,  1.1694e+02,  2.3136986826672416e-02,  2.8107814688430185e-04,  5.8597080724483435e-04,  9.4539817721513032e-03,  7.5797281252169488e-02, -3.3058277115685847e-02, -1.0857515696978402e-03,  2.7279612528570586e-04,  2.2131068495620703e-03,  7.3321943640045880e-03,  1.0446546726277666e-02,  4.0842560702766589e-04,  1.7210053938102644e-02,  3.8147757501379745e-04, -4.0750405804306465e-04, -8.9051240012614150e-03, -9.5199830568444097e-02, -1.5668212525546815e-02, -1.5136077532602824e-03, -2.6169154530029910e-04, -2.7461406625346003e-03, -2.0241416699350371e-02,  4.9211725792633106e-03,  1.0440156776233302e-03,  7.2922789993771616e-05
     9,  1.3224e+02,  2.3132945448093158e-02,  2.7516514944922167e-04,  5.8134343082958469e-04,  9.4442072760811506e-03,  7.5641113403627919e-02, -3.3026969647994363e-02, -1.0943417380488132e-03,  2.7452142056872482e-04,  2.2311575438532325e-03,  7.2999777312195303e-03,  1.0460946911130321e-02,  4.1548208233376264e-04,  1.7168872921983030e-02,  3.7782753348383248e-04, -4.0448992045631719e-04, -8.8873486446311174e-03, -9.5422357653408035e-02, -1.5751522629954908e-02, -1.5144644915013998e-03, -2.6132110679387682e-04, -2.7426963254995698e-03, -2.0288594217569376e-02,  4.9323537532878978e-03,  1.0464323258275727e-03,  7.2930432616900360e-05
    10,  1.3369e+02,  2.3153028752072473e-02,  2.7960655057366886e-04,  5.8403049698376418e-04,  9.4440250677920914e-03,  7.5779861344701091e-02, -3.3055228064295651e-02, -1.0871639178999099e-03,  2.7277437671760599e-04,  2.2166484022205848e-03,  7.3117674765711413e-03,  1.0446525348042950e-02,  4.1120083321438602e-04,  1.7207601830911804e-02,  3.8160939085603529e-04, -4.0644072106133390e-04, -8.8984708607900802e-03, -9.5248614927996522e-02, -1.5697974864729076e-02, -1.5145782156059859e-03, -2.6100824683803191e-04, -2.7418714911819518e-03, -2.0269096792433227e-02,  4.9381551363584034e-03,  1.0442002812288632e-03,  7.2925963229632243e-05
    11,  1.3501e+02,  2.3142612607729776e-02,  2.8088127358151440e-04,  5.8522284294284664e-04,  9.4509506356449825e-03,  7.5796164241890174e-02, -3.3058779173097165e-02, -1.0845794160416454e-03,  2.7244972828464724e-04,  2.2132040470032141e-03,  7.3246114638377312e-03,  1.0446939380533371e-02,  4.0827416882985426e-04,  1.7209085429680564e-02,  3.8170464070383159e-04, -4.0738174171918044e-04, -8.9055290591781248e-03, -9.5210335682138103e-02, -1.5675243242284097e-02, -1.5140062172278111e-03, -2.6122229651392992e-04, -2.7442247073147731e-03, -2.0246592226905058e-02,  4.9282498207180916e-03,  1.0436520712670009e-03,  7.2922334019091510e-05
    12,  1.5353e+02,  2.3142526941963025e-02,  2.8112736119122303e-04,  5.8493808611322486e-04,  9.4506529672601092e-03,  7.5795793490671184e-02, -3.3058906661920406e-02, -1.0847768858874675e-03,  2.7273489618986104e-04,  2.2141612866327467e-03,  7.3246534101644358e-03,  1.0446725544963625e-02,  4.0819202290122669e-04,  1.7208528479877236e-02,  3.8176639986884774e-04, -4.0723393814882692e-04, -8.9052518395342263e-03, -9.5208832426415202e-02, -1.5673914627612872e-02, -1.5142549501078386e-03, -2.6131189314451431e-04, -2.7453847485433749e-03, -2.0248726879135644e-02,  4.9251507603235642e-03,  1.0435440345869318e-03,  7.2920869070334021e-05
    13,  1.7137e+02,  2.3141400538273082e-02,  2.8142211918471031e-04,  5.8460623495857342e-04,  9.4510275952223912e-03,  7.5794951972036326e-02, -3.3059385663532018e-02, -1.0849377988599838e-03,  2.7289395632571953e-04,  2.2154332944301003e-03,  7.3248714968432681e-03,  1.0446629888474347e-02,  4.0784228192819303e-04,  1.7206812021577700e-02,  3.8182603784947810e-04, -4.0706794130436084e-04, -8.9045771324097120e-03, -9.5205720496592122e-02, -1.5670604197948763e-02, -1.5145991703603430e-03, -2.6141875238587585e-04, -2.7470613717431622e-03, -2.0253868205188544e-02,  4.9198512338827303e-03,  1.0438686326294220e-03,  7.2920838712815114e-05
    14,  1.9109e+02,  2.3141431836593920e-02,  2.8138721393247663e-04,  5.8460660063025397e-04,  9.4510259993796468e-03,  7.5795049302954082e-02, -3.3059277086317861e-02, -1.0848000186742359e-03,  2.7265876412012850e-04,  2.2152688488262535e-03,  7.3241913016825928e-03,  1.0446858131052868e-02,  4.0789580065101182e-04,  1.7206711002487524e-02,  3.8186045522857866e-04, -4.0710477607636483e-04, -8.9044292148596285e-03, -9.5206786744143346e-02, -1.5671273371810436e-02, -1.5146210958881022e-03, -2.6132700831289898e-04, -2.7464555516689476e-03, -2.0254060920064675e-02,  4.9214800097525518e-03,  1.0440906937168495e-03,  7.2920239232646198e-05
    15,  2.0738e+02,  2.3142191760350275e-02,  2.8112645973871620e-04,  5.8464593568152028e-04,  9.4507337795527151e-03,  7.5795128909013659e-02, -3.3059361568853918e-02, -1.0846925296339781e-03,  2.7257332023277315e-04,  2.2149283631804463e-03,  7.3225705771482064e-03,  1.0447211040117574e-02,  4.0802087930988818e-04,  1.7206872216641387e-02,  3.8179908537484006e-04, -4.0710271711186740e-04, -8.9041717239822411e-03, -9.5209384671101752e-02, -1.5673098824313787e-02, -1.5144103785522099e-03, -2.6126843843228391e-04, -2.7458078710036527e-03, -2.0254496508729833e-02,  4.9241294375617587e-03,  1.0440111378297433e-03,  7.2919889390913345e-05
    16,  2.2251e+02,  2.3141234597057688e-02,  2.8182806563997731e-04,  5.8406386434173979e-04,  9.4500578424067741e-03,  7.5795465367598930e-02, -3.3059139998894996e-02, -1.0849522115939116e-03,  2.7291451483662984e-04,  2.2168000054895035e-03,  7.3229506857221630e-03,  1.0447435985336435e-02,  4.0810428317381530e-04,  1.7207155254982863e-02,  3.8204526057618749e-04, -4.0684427567187065e-04, -8.9033768705266587e-03, -9.5207708800253726e-02, -1.5671720178752301e-02, -1.5148264147056988e-03, -2.6135812537439115e-04, -2.7475746649294440e-03, -2.0256185545508190e-02,  4.9222653917058460e-03,  1.0437391329299348e-03,  7.2920071147471595e-05
    17,  2.2413e+02,  2.3142101298896253e-02,  2.8121608775094717e-04,  5.8447936256332891e-04,  9.4504939043818792e-03,  7.5795212115332036e-02, -3.3059333111800780e-02, -1.0847379014378713e-03,  2.7273921085914707e-04,  2.2155259482508540e-03,  7.3227546500167912e-03,  1.0447341028949108e-02,  4.0809226879930978e-04,  1.7206922565563131e-02,  3.8183148843362613e-04, -4.0701657317703595e-04, -8.9039915703458747e-03, -9.5209075897928944e-02, -1.5672788906387462e-02, -1.5144566782285208e-03, -2.6129905630777625e-04, -2.7462579862784758e-03, -2.0254807771828944e-02,  4.9236789681736826e-03,  1.0437828618514225e-03,  7.2919807087890400e-05
    18,  2.3868e+02,  2.3142184879163682e-02,  2.8141352566264768e-04,  5.8436813581518867e-04,  9.4502673224524762e-03,  7.5795118644600548e-02, -3.3059179934302574e-02, -1.0847423536449853e-03,  2.7272205791999121e-04,  2.2158144800038890e-03,  7.3225710550912509e-03,  1.0447302846770713e-02,  4.0817376831967834e-04,  1.7207169387535557e-02,  3.8192468508115951e-04, -4.0699592291364975e-04, -8.9040314577638387e-03, -9.5209656658956698e-02, -1.5673167735353780e-02, -1.5146035903298570e-03, -2.6127652114553017e-04, -2.7463373966599238e-03, -2.0254553497754773e-02,  4.9243356864227079e-03,  1.0437987362483495e-03,  7.2919718838234689e-05
    19,  2.5339e+02,  2.3142130920018444e-02,  2.8140801326801676e-04,  5.8434937377495159e-04,  9.4502393433113247e-03,  7.5794779860405531e-02, -3.3059329547484244e-02, -1.0847916715442973e-03,  2.7284616567216033e-04,  2.2159658152582054e-03,  7.3226477426268114e-03,  1.0447254724806020e-02,  4.0810628688345182e-04,  1.7207131873284893e-02,  3.8188408094485187e-04, -4.0696472743059596e-04, -8.9040327721099603e-03, -9.5209641771037398e-02, -1.5673003520651211e-02, -1.5145721109996657e-03, -2.6132629515148131e-04, -2.7467163117289913e-03, -2.0255060200655081e-02,  4.9234985684743250e-03,  1.0436814745090920e-03,  7.2919788700415616e-05
